frame,occluded,evaluated,accept,reason,psr_bolme,psr_ratio,peak,dr_bin,dc_bin,resp00_over_peak,est_row,est_col,est_h,est_w,truth_row,truth_col,truth_h,truth_w,iou,centre_err,published,scale_idx,scale_conf,scale_reason,rails,accum_max,fch0_max,h_max,job,anchor,resp_max,rails_fch,rails_accum,rails_resp,rails_h
0,0,0,0,ZERO_RESPONSE,0.0000,0.0000,0,0,0,0.0000,90.50,160.50,127.00,43.00,90.50,160.50,127.00,43.00,1.0000,0.00,1,0,0.0000,NOT_RUN,0,0,4075,9302,0,0,0,0,0,0,0
1,0,1,1,ACCEPT,44.6325,2.6267,767,-1,0,0.9987,88.52,160.50,127.00,43.00,89.50,160.50,127.00,43.00,0.9846,0.98,1,0,3.2210,ACCEPT,0,1530,3843,9523,0,0,767,0,0,0,0
2,0,1,1,ACCEPT,44.5158,2.9538,768,0,-1,0.9961,88.52,159.83,127.00,43.00,88.50,160.50,127.00,43.00,0.9690,0.67,1,0,3.3207,ACCEPT,0,1593,3553,9580,0,0,768,0,0,0,0
3,0,1,1,ACCEPT,43.8164,2.9843,761,0,1,0.9947,88.52,160.50,127.00,43.00,88.50,160.00,127.00,42.00,0.9765,0.50,1,0,3.1554,ACCEPT,0,1585,3315,9923,0,0,761,0,0,0,0
4,0,1,1,ACCEPT,44.1621,3.0471,777,0,-1,0.9434,88.52,159.83,127.00,43.00,88.50,159.00,127.00,44.00,0.9624,0.83,1,0,3.2720,ACCEPT,0,1609,2985,10076,0,0,777,0,0,0,0
5,0,1,1,ACCEPT,43.1152,2.8182,775,1,-1,0.9806,90.50,159.16,127.00,43.00,89.50,159.50,127.00,43.00,0.9689,1.06,1,0,3.2277,ACCEPT,0,1659,2800,9959,0,0,775,0,0,0,0
6,0,1,1,ACCEPT,42.8480,2.9580,775,0,0,1.0000,90.50,159.16,127.00,43.00,89.50,158.00,127.00,42.00,0.9326,1.53,1,0,3.1487,ACCEPT,0,1649,2735,9976,0,0,775,0,0,0,0
7,0,1,1,ACCEPT,43.0637,2.9474,784,0,-1,0.9885,90.50,158.48,127.00,43.00,90.00,157.00,126.00,42.00,0.9253,1.57,1,0,3.1891,ACCEPT,0,1678,2667,9893,0,0,784,0,0,0,0
8,0,1,1,ACCEPT,42.7527,2.7921,779,0,-1,0.9974,90.50,157.81,127.00,43.00,90.50,156.00,127.00,42.00,0.9182,1.81,1,0,3.0849,ACCEPT,0,1659,2551,10091,0,0,779,0,0,0,0
9,0,1,1,ACCEPT,43.9603,2.8708,778,0,-1,0.9589,90.50,157.14,127.00,43.00,90.50,155.50,127.00,41.00,0.9248,1.64,1,0,3.1852,ACCEPT,0,1590,2484,10238,0,0,778,0,0,0,0
10,0,1,1,ACCEPT,43.0433,2.9208,774,1,0,0.9884,92.48,157.14,127.00,43.00,91.50,155.00,127.00,42.00,0.8908,2.36,1,0,2.9429,ACCEPT,0,1638,2392,10501,0,0,774,0,0,0,0
11,0,1,1,ACCEPT,42.9241,2.7553,777,1,-1,0.9730,94.47,156.47,127.00,43.00,93.00,154.50,128.00,41.00,0.8908,2.46,1,0,2.7820,ACCEPT,0,1666,2303,10739,0,0,777,0,0,0,0
12,0,1,1,ACCEPT,42.4571,2.9071,782,0,0,1.0000,94.47,156.47,127.00,43.00,92.50,153.00,127.00,40.00,0.8218,3.99,1,0,2.7324,ACCEPT,0,1692,2300,10749,0,0,782,0,0,0,0
13,0,1,1,ACCEPT,43.2138,2.9257,787,0,-1,0.9873,94.47,155.80,127.00,43.00,92.50,154.00,129.00,40.00,0.8908,2.67,1,0,2.9698,ACCEPT,0,1655,2224,10731,0,0,787,0,0,0,0
14,0,1,1,ACCEPT,43.4148,2.8205,770,0,-1,0.9364,94.47,155.12,127.00,43.00,93.50,153.00,129.00,42.00,0.8915,2.34,1,0,3.1516,ACCEPT,0,1609,2141,10702,0,0,770,0,0,0,0
15,0,1,1,ACCEPT,42.7814,2.7956,766,1,-1,0.9804,96.45,154.45,127.00,43.00,93.50,153.00,129.00,42.00,0.8932,3.29,1,0,2.9066,ACCEPT,0,1612,2121,10577,0,0,766,0,0,0,0
16,0,1,1,ACCEPT,43.1843,2.9087,765,0,0,1.0000,96.45,154.45,122.12,41.35,94.50,152.50,127.00,43.00,0.8773,2.76,1,-1,2.6768,ACCEPT,0,1571,2095,10729,0,0,765,0,0,0,0
17,0,1,1,ACCEPT,38.7683,2.7246,752,0,-2,0.9282,96.45,153.16,127.00,43.00,94.50,152.50,127.00,41.00,0.9253,2.06,1,1,2.9622,ACCEPT,0,1518,2145,10078,0,0,752,0,0,0,0
18,0,1,1,ACCEPT,42.9842,2.9382,761,0,1,0.9895,96.45,153.83,127.00,43.00,94.00,151.50,126.00,41.00,0.8625,3.38,1,0,2.8374,ACCEPT,0,1540,2026,10213,0,0,761,0,0,0,0
19,0,1,1,ACCEPT,43.4225,2.8439,765,-1,-1,0.9830,94.47,153.16,127.00,43.00,93.50,151.50,127.00,41.00,0.9107,1.92,1,0,3.2532,ACCEPT,0,1558,1954,10152,0,0,765,0,0,0,0
20,0,1,1,ACCEPT,41.7274,2.7971,772,0,2,0.9301,94.47,154.50,127.00,43.00,93.50,153.00,127.00,42.00,0.9182,1.79,1,0,2.9316,ACCEPT,0,1628,1933,10142,0,0,772,0,0,0,0
21,0,1,1,ACCEPT,44.5523,3.0462,792,0,-1,0.9571,94.47,153.83,127.00,43.00,92.50,153.00,127.00,42.00,0.9330,2.14,1,0,3.0699,ACCEPT,0,1534,1908,9769,0,0,792,0,0,0,0
22,0,1,1,ACCEPT,42.0664,2.6138,758,-1,1,0.9499,92.48,154.50,127.00,43.00,92.00,153.00,128.00,42.00,0.9249,1.58,1,0,3.2486,ACCEPT,0,1554,1904,9879,0,0,758,0,0,0,0
23,0,1,1,ACCEPT,42.5369,2.6565,781,0,1,0.9898,92.48,155.17,127.00,43.00,92.00,153.00,128.00,42.00,0.8961,2.23,1,0,3.2496,ACCEPT,0,1603,1855,9795,0,0,781,0,0,0,0
24,0,1,1,ACCEPT,42.8696,2.6781,782,0,1,0.9808,92.48,155.84,127.00,43.00,92.00,153.50,128.00,43.00,0.8900,2.39,1,0,3.0806,ACCEPT,0,1611,1832,9720,0,0,782,0,0,0,0
25,0,1,1,ACCEPT,43.6129,2.6407,779,1,0,0.9974,94.47,155.84,127.00,43.00,92.50,154.50,127.00,43.00,0.9116,2.38,1,0,3.0127,ACCEPT,0,1582,1817,9960,0,0,779,0,0,0,0
26,0,1,1,ACCEPT,42.8842,2.6587,779,0,1,0.9628,94.47,156.52,127.00,43.00,92.00,155.00,126.00,42.00,0.8966,2.90,1,0,3.0352,ACCEPT,0,1596,1810,10016,0,0,779,0,0,0,0
27,0,1,1,ACCEPT,42.8024,2.7083,780,0,0,1.0000,94.47,156.52,127.00,43.00,92.50,155.00,127.00,42.00,0.9037,2.48,1,0,3.0522,ACCEPT,0,1586,1808,9755,0,0,780,0,0,0,0
28,0,1,1,ACCEPT,42.1224,2.7250,763,0,1,0.9987,94.47,157.19,127.00,43.00,92.50,156.00,127.00,42.00,0.9175,2.30,1,0,3.0608,ACCEPT,0,1562,1816,9937,0,0,763,0,0,0,0
29,0,1,1,ACCEPT,42.0565,2.9242,772,0,2,0.9171,94.47,158.53,127.00,43.00,93.00,157.00,128.00,44.00,0.9114,2.12,1,0,2.9521,ACCEPT,0,1571,1830,10057,0,0,772,0,0,0,0
30,0,1,1,ACCEPT,43.9872,3.1080,777,0,-1,0.9537,94.47,157.86,127.00,43.00,93.00,157.50,128.00,43.00,0.9612,1.51,1,0,3.1971,ACCEPT,0,1556,1780,10017,0,0,777,0,0,0,0
31,0,1,1,ACCEPT,43.5104,3.0569,752,0,1,0.9761,94.47,158.53,127.00,43.00,93.50,158.00,127.00,42.00,0.9607,1.10,1,0,3.1841,ACCEPT,0,1531,1798,10222,0,0,752,0,0,0,0
32,0,1,1,ACCEPT,42.8877,2.6220,763,1,0,0.9987,96.45,158.53,127.00,43.00,94.00,157.00,128.00,44.00,0.8979,2.89,1,0,3.0419,ACCEPT,0,1580,1794,10184,0,0,763,0,0,0,0
33,0,1,1,ACCEPT,42.8651,2.8390,758,0,0,1.0000,96.45,158.53,127.00,43.00,94.50,157.00,127.00,44.00,0.9047,2.48,1,0,3.1429,ACCEPT,0,1593,1822,10298,0,0,758,0,0,0,0
34,0,1,1,ACCEPT,43.4488,3.0843,768,0,-1,0.9818,96.45,157.86,127.00,43.00,95.00,157.50,128.00,43.00,0.9614,1.50,1,0,3.2139,ACCEPT,0,1555,1806,10276,0,0,768,0,0,0,0
35,0,1,1,ACCEPT,42.9758,2.9529,753,0,0,1.0000,96.45,157.86,127.00,43.00,96.00,156.50,128.00,43.00,0.9316,1.43,1,0,3.2033,ACCEPT,0,1524,1796,10575,0,0,753,0,0,0,0
36,0,1,1,ACCEPT,41.8552,2.7978,747,0,0,1.0000,96.45,157.86,127.00,43.00,95.50,156.00,127.00,44.00,0.9049,2.09,1,0,3.1057,ACCEPT,0,1550,1775,10386,0,0,747,0,0,0,0
37,0,1,1,ACCEPT,42.6606,2.7266,728,1,-1,0.9396,98.44,157.19,127.00,43.00,96.50,155.50,127.00,41.00,0.8961,2.57,1,0,3.0126,ACCEPT,0,1458,1714,10458,0,0,728,0,0,0,0
38,0,1,1,ACCEPT,42.1142,2.8770,725,0,-1,0.9641,98.44,156.52,127.00,43.00,96.00,154.50,128.00,43.00,0.8778,3.16,1,0,2.9967,ACCEPT,0,1541,1732,10343,0,0,725,0,0,0,0
39,0,1,1,ACCEPT,42.4406,2.9352,725,0,-2,0.9048,98.44,155.17,127.00,43.00,96.50,154.00,127.00,42.00,0.9186,2.26,1,0,3.1509,ACCEPT,0,1501,1724,10158,0,0,725,0,0,0,0
40,0,1,1,ACCEPT,41.9796,2.8452,717,0,0,1.0000,98.44,155.17,127.00,43.00,96.50,153.50,127.00,43.00,0.8984,2.56,1,0,3.0710,ACCEPT,0,1481,1753,10454,0,0,717,0,0,0,0
41,0,1,1,ACCEPT,41.5415,2.7811,737,0,-1,0.9959,98.44,154.50,127.00,43.00,96.50,152.00,127.00,42.00,0.8636,3.16,1,0,3.0999,ACCEPT,0,1551,1757,10542,0,0,737,0,0,0,0
42,0,1,1,ACCEPT,42.2023,2.8716,738,0,-1,0.9824,98.44,153.83,127.00,43.00,96.50,152.00,127.00,42.00,0.8910,2.66,1,0,3.1350,ACCEPT,0,1527,1730,10725,0,0,738,0,0,0,0
43,0,1,1,ACCEPT,41.2938,2.7018,743,0,1,0.9973,98.44,154.50,127.00,43.00,96.00,152.50,128.00,43.00,0.8784,3.15,1,0,3.0082,ACCEPT,0,1560,1775,10989,0,0,743,0,0,0,0
44,0,1,1,ACCEPT,42.4595,2.8788,760,0,-1,0.9684,98.44,153.83,127.00,43.00,96.50,152.00,127.00,42.00,0.8910,2.66,1,0,3.1697,ACCEPT,0,1568,1742,11372,0,0,760,0,0,0,0
45,0,1,1,ACCEPT,41.9232,2.8977,765,0,0,1.0000,98.44,153.83,127.00,43.00,96.50,153.50,127.00,41.00,0.9255,1.97,1,0,3.1958,ACCEPT,0,1534,1779,11536,0,0,765,0,0,0,0
46,0,1,1,ACCEPT,42.0621,3.0667,782,0,1,0.9744,98.44,154.50,127.00,43.00,97.00,152.50,128.00,43.00,0.8917,2.46,1,0,3.2032,ACCEPT,0,1589,1798,11582,0,0,782,0,0,0,0
47,0,1,1,ACCEPT,42.1216,2.8974,791,0,-1,0.9836,98.44,153.83,127.00,43.00,97.50,152.00,127.00,42.00,0.9046,2.05,1,0,3.2359,ACCEPT,0,1579,1824,11667,0,0,791,0,0,0,0
48,0,1,1,ACCEPT,41.4662,2.6905,791,0,1,0.9810,98.44,154.50,127.00,43.00,97.50,152.00,127.00,42.00,0.8766,2.67,1,0,3.1326,ACCEPT,0,1624,1828,12226,0,0,791,0,0,0,0
49,0,1,1,ACCEPT,41.6094,2.7736,821,1,-1,0.9793,100.42,153.83,127.00,43.00,98.00,152.50,128.00,41.00,0.9049,2.76,1,0,3.1710,ACCEPT,0,1706,1786,12701,0,0,821,0,0,0,0
50,0,1,1,ACCEPT,41.4612,2.9681,837,0,1,0.9642,100.42,154.50,127.00,43.00,98.50,153.00,127.00,40.00,0.9034,2.44,1,0,3.1810,ACCEPT,0,1743,1833,13003,0,0,837,0,0,0,0
51,0,1,1,ACCEPT,41.3974,2.8519,847,0,-1,0.9965,100.42,153.83,127.00,43.00,99.00,153.00,126.00,42.00,0.9407,1.65,1,0,3.2259,ACCEPT,0,1756,1775,13473,0,0,847,0,0,0,0
52,0,1,1,ACCEPT,40.5554,2.9896,864,0,0,1.0000,100.42,153.83,127.00,43.00,99.00,152.50,126.00,41.00,0.9183,1.95,1,0,3.2085,ACCEPT,0,1855,1780,14021,0,0,864,0,0,0,0
53,0,1,1,ACCEPT,41.2324,3.0444,892,0,0,1.0000,100.42,153.83,127.00,43.00,98.50,152.00,127.00,42.00,0.8913,2.65,1,0,3.0982,ACCEPT,0,1837,1782,13959,0,0,892,0,0,0,0
54,0,1,1,ACCEPT,40.9274,2.9365,878,0,0,1.0000,100.42,153.83,127.00,43.00,99.50,151.50,127.00,41.00,0.8827,2.50,1,0,3.0709,ACCEPT,0,1819,1774,14181,0,0,878,0,0,0,0
55,0,1,1,ACCEPT,40.4784,3.0344,883,0,-1,0.9853,100.42,153.16,127.00,43.00,99.00,152.00,128.00,40.00,0.9107,1.83,1,0,3.1576,ACCEPT,0,1891,1789,14004,0,0,883,0,0,0,0
56,0,1,1,ACCEPT,39.5811,2.9458,869,0,0,1.0000,100.42,153.16,127.00,43.00,98.50,151.00,127.00,40.00,0.8756,2.89,1,0,3.0316,ACCEPT,0,1843,1772,13988,0,0,869,0,0,0,0
57,0,1,1,ACCEPT,39.1498,2.8618,870,0,0,1.0000,100.42,153.16,127.00,43.00,98.50,151.50,127.00,39.00,0.8812,2.54,1,0,3.0329,ACCEPT,0,1853,1772,14117,0,0,870,0,0,0,0
58,0,1,1,ACCEPT,38.0424,2.7327,869,0,1,0.9758,100.42,153.83,127.00,43.00,98.50,151.00,127.00,40.00,0.8480,3.42,1,0,2.9217,ACCEPT,0,1828,1795,14083,0,0,869,0,0,0,0
59,0,1,1,ACCEPT,36.1905,2.5490,859,0,0,1.0000,100.42,153.83,127.00,43.00,98.50,153.00,127.00,38.00,0.8589,2.09,1,0,2.9627,ACCEPT,0,1901,1775,14369,0,0,859,0,0,0,0
60,0,1,1,ACCEPT,35.3012,2.4213,862,-1,1,0.9849,98.44,154.50,127.00,43.00,98.00,151.00,126.00,38.00,0.8344,3.53,1,0,2.8624,ACCEPT,0,1911,1795,14281,0,0,862,0,0,0,0
61,0,1,1,ACCEPT,34.9543,2.7093,848,0,0,1.0000,98.44,154.50,127.00,43.00,97.00,152.50,126.00,39.00,0.8872,2.46,1,0,2.9386,ACCEPT,0,1852,1771,14550,0,0,848,0,0,0,0
62,0,1,1,ACCEPT,32.7636,2.5347,839,0,1,0.9702,98.44,155.17,127.00,43.00,97.00,153.50,126.00,37.00,0.8420,2.20,1,0,2.8768,ACCEPT,0,1759,1783,15137,0,0,839,0,0,0,0
63,0,1,1,ACCEPT,31.3066,2.4869,853,0,1,0.9472,98.44,155.84,127.00,43.00,97.00,154.00,126.00,40.00,0.8950,2.34,1,0,2.7982,ACCEPT,0,1888,1785,15659,0,0,853,0,0,0,0
64,0,1,1,ACCEPT,29.2210,2.1228,847,0,1,0.9906,98.44,156.52,127.00,43.00,97.50,154.50,125.00,39.00,0.8920,2.22,1,0,2.6731,ACCEPT,0,1898,1747,17148,0,0,847,0,0,0,0
65,0,1,1,ACCEPT,26.6197,2.1103,861,0,0,1.0000,98.44,156.52,127.00,43.00,97.00,154.50,124.00,39.00,0.8849,2.48,1,0,2.6194,ACCEPT,0,2023,1729,17547,0,0,861,0,0,0,0
66,0,1,1,ACCEPT,25.5334,1.8972,867,0,1,0.9977,98.44,157.19,127.00,43.00,98.00,155.50,124.00,39.00,0.8856,1.74,1,0,2.5383,ACCEPT,0,2133,1716,18369,0,0,867,0,0,0,0
67,0,1,1,ACCEPT,23.1727,1.9052,844,0,1,0.9893,98.44,157.86,127.00,43.00,97.50,155.50,123.00,37.00,0.8334,2.54,1,0,2.4543,ACCEPT,0,2136,1676,19058,0,0,844,0,0,0,0
68,0,1,1,ACCEPT,21.0616,1.6892,826,0,-1,0.9976,98.44,157.19,127.00,43.00,97.50,155.50,123.00,37.00,0.8334,1.93,1,0,2.3606,ACCEPT,0,2215,1631,20247,0,0,826,0,0,0,0
69,0,1,1,ACCEPT,20.7193,1.8330,878,0,1,0.9875,98.44,157.86,127.00,43.00,99.00,155.50,126.00,37.00,0.8529,2.43,1,0,2.4267,ACCEPT,0,2348,1675,21436,0,0,878,0,0,0,0
70,0,1,1,ACCEPT,18.5773,1.4838,868,0,-1,0.9988,98.44,157.19,127.00,43.00,98.50,156.00,123.00,38.00,0.8559,1.19,1,0,2.4819,ACCEPT,0,2524,1621,22374,0,0,868,0,0,0,0
71,0,1,1,ACCEPT,16.8802,1.5070,856,0,1,0.9883,98.44,157.86,127.00,43.00,99.50,156.00,123.00,38.00,0.8559,2.14,1,0,2.3015,ACCEPT,0,2647,1630,21753,0,0,856,0,0,0,0
72,0,1,1,ACCEPT,16.5824,1.4585,843,0,-1,0.9870,98.44,157.19,127.00,43.00,100.00,155.00,122.00,38.00,0.8489,2.69,1,0,2.5155,ACCEPT,0,2686,1629,21150,0,0,843,0,0,0,0
73,0,1,1,ACCEPT,15.3580,1.3203,808,1,-1,0.9913,100.42,156.52,127.00,43.00,101.00,155.00,122.00,38.00,0.8489,1.62,1,0,2.1469,ACCEPT,0,2732,1620,20016,0,0,808,0,0,0,0
74,0,1,1,ACCEPT,14.1400,1.2730,774,0,-3,0.9341,100.42,154.50,122.12,41.35,101.50,153.00,121.00,40.00,0.9130,1.85,1,-1,2.1562,ACCEPT,0,2788,1539,17090,0,0,774,0,0,0,0
75,0,1,1,ACCEPT,14.8239,1.3621,805,0,-3,0.9155,100.42,152.55,122.12,41.35,102.00,152.00,120.00,40.00,0.9427,1.67,1,0,2.4178,ACCEPT,0,3062,1588,18350,0,0,805,0,0,0,0
76,0,1,1,ACCEPT,13.3887,1.3726,803,0,-4,0.8555,100.42,149.96,122.12,41.35,102.00,148.50,120.00,41.00,0.9082,2.15,1,0,2.3127,ACCEPT,0,3304,1601,19010,0,0,803,0,0,0,0
77,0,1,1,ACCEPT,12.2326,1.3774,781,-1,-6,0.7260,98.52,146.07,122.12,41.35,100.50,144.00,119.00,42.00,0.8775,2.87,1,0,2.7217,ACCEPT,0,3276,1681,20032,0,0,781,0,0,0,0
78,0,1,1,ACCEPT,13.0797,1.4320,832,0,-4,0.8522,98.52,143.48,122.12,41.35,100.00,142.00,118.00,44.00,0.9036,2.09,1,0,2.6480,ACCEPT,0,3198,1653,21634,0,0,832,0,0,0,0
79,0,1,1,ACCEPT,12.0302,1.5072,832,-1,-7,0.5457,96.61,138.94,122.12,41.35,97.50,136.50,119.00,43.00,0.8696,2.60,1,0,3.1081,ACCEPT,0,3696,1745,23487,0,0,832,0,0,0,0
80,0,1,1,ACCEPT,11.1569,1.4182,824,-1,-10,0.3738,94.70,132.45,122.12,41.35,96.50,131.00,115.00,44.00,0.8829,2.31,1,0,2.7253,ACCEPT,0,3581,1822,24955,0,0,824,0,0,0,0
81,0,1,1,ACCEPT,12.8777,1.6102,884,0,-3,0.8484,94.70,130.51,117.42,39.76,96.00,128.00,114.00,44.00,0.8638,2.82,1,-1,2.3968,ACCEPT,0,3485,1723,25636,0,0,884,0,0,0,0
82,0,1,1,ACCEPT,10.9508,1.4785,825,-2,-8,0.4206,91.03,125.51,112.90,38.23,94.50,123.50,113.00,45.00,0.8024,4.01,1,-1,2.1908,ACCEPT,0,3782,1866,26065,0,0,825,0,0,0,0
83,0,1,1,ACCEPT,10.9325,1.5060,759,0,-5,0.7207,91.03,122.54,108.56,36.76,94.00,119.50,110.00,45.00,0.7765,4.25,1,-1,2.1008,ACCEPT,0,3685,1871,25499,0,0,759,0,0,0,0
84,0,1,1,ACCEPT,11.6668,1.5030,762,-1,-1,0.9436,89.34,121.96,104.38,35.34,92.50,118.00,109.00,48.00,0.6953,5.07,1,-1,2.0045,ACCEPT,0,3392,1834,24352,0,0,762,0,0,0,0
85,0,1,1,ACCEPT,10.5397,1.5881,640,0,-3,0.8859,89.34,120.30,104.38,35.34,94.00,115.00,102.00,48.00,0.6824,7.06,1,-1,1.9600,LOW_CONF,0,2784,1827,23978,0,0,640,0,0,0,0
86,0,1,1,ACCEPT,9.5513,1.5179,466,0,-1,0.9807,89.34,119.74,104.38,35.34,93.50,115.00,99.00,52.00,0.6395,6.31,1,-1,1.9739,LOW_CONF,0,2482,1729,23927,0,0,466,0,0,0,0
87,0,1,1,ACCEPT,9.7685,1.4625,487,0,-1,0.9979,89.34,119.19,100.37,33.98,95.00,114.00,98.00,54.00,0.5753,7.68,1,-1,2.2028,ACCEPT,0,2825,1707,22538,0,0,487,0,0,0,0
88,0,1,1,ACCEPT,6.1916,1.4009,325,-1,7,0.4769,87.77,122.91,100.37,33.98,95.50,115.50,93.00,59.00,0.5145,10.71,1,-4,1.4209,MAX_STEP,0,2854,1828,22050,0,0,325,0,0,0,0
89,0,1,0,NEGATIVE_PEAK,-4.6353,1.0890,-257,11,24,0.3541,87.77,122.91,100.37,33.98,95.50,120.00,93.00,72.00,0.4267,8.26,0,0,0.0000,NOT_RUN,0,2707,1902,0,0,0,257,0,0,0,0
90,0,1,0,LOW_PSR,4.2454,1.1196,234,-1,11,0.2564,87.77,122.91,100.37,33.98,96.50,122.00,91.00,74.00,0.4110,8.78,0,0,0.0000,NOT_RUN,0,2494,2133,0,0,0,234,0,0,0,0
91,0,1,0,NEGATIVE_PEAK,-4.7449,1.0686,-296,4,-34,0.3716,87.77,122.91,100.37,33.98,90.50,124.00,103.00,82.00,0.3959,2.95,0,0,0.0000,NOT_RUN,0,3072,2696,0,0,0,296,0,0,0,0
92,0,1,0,LOW_PSR,4.4178,1.0945,301,-1,26,0.2757,87.77,122.91,100.37,33.98,90.00,126.50,106.00,83.00,0.3877,4.23,0,0,0.0000,NOT_RUN,0,4071,2964,0,0,0,301,0,0,0,0
93,0,1,0,LOW_PSR,4.9634,1.1042,339,0,26,0.1032,87.77,122.91,100.37,33.98,91.50,129.00,105.00,86.00,0.3704,7.15,0,0,0.0000,NOT_RUN,0,4230,2974,0,0,0,339,0,0,0,0
94,0,1,1,ACCEPT,5.1511,1.1119,328,2,26,0.1159,90.91,136.72,100.37,33.98,94.00,134.50,98.00,83.00,0.3944,3.81,1,-14,1.7754,MAX_STEP,0,3603,2866,23617,0,0,328,0,0,0,0
95,0,1,1,ACCEPT,5.7118,1.3158,375,-1,10,0.4907,89.34,142.03,100.37,33.98,92.50,137.00,99.00,70.00,0.4646,5.94,1,-15,1.8294,MAX_STEP,0,3525,2898,27452,0,0,375,0,0,0,0
96,0,1,1,ACCEPT,5.4230,1.0431,484,1,-2,0.8822,90.91,140.97,100.37,33.98,92.00,141.00,100.00,68.00,0.4921,1.09,1,16,1.5267,AT_SEARCH_RAIL,0,4031,2654,30873,0,0,484,0,0,0,0
97,0,1,1,ACCEPT,6.2006,1.2163,523,-3,15,0.2371,86.20,148.94,100.37,33.98,90.50,145.00,99.00,62.00,0.5139,5.83,1,-2,1.7276,LOW_CONF,0,4974,2352,22381,0,0,523,0,0,0,0
98,0,1,1,ACCEPT,8.6276,1.3454,670,-1,-6,0.7030,84.62,145.75,92.80,31.42,90.00,143.00,98.00,78.00,0.3659,6.04,1,-2,2.4437,ACCEPT,0,5595,2176,18476,0,0,670,0,0,0,0
99,0,1,1,ACCEPT,10.1391,1.4839,782,0,-4,0.8504,84.62,143.78,89.23,30.21,90.50,142.50,99.00,87.00,0.3084,6.01,1,-1,2.4307,ACCEPT,0,6068,2185,17445,0,0,782,0,0,0,0
100,0,1,1,ACCEPT,7.0646,1.2153,525,-1,-3,0.8552,83.23,142.38,89.23,30.21,90.00,139.00,98.00,92.00,0.2887,7.56,1,-1,1.7914,LOW_CONF,0,6077,2089,17401,0,0,525,0,0,0,0
101,0,1,1,ACCEPT,5.8498,1.0984,424,4,-16,0.8066,88.80,134.88,89.23,30.21,88.00,137.50,100.00,85.00,0.3171,2.74,1,13,1.5281,MAX_STEP,0,5222,1962,20397,0,0,424,0,0,0,0
102,0,1,1,ACCEPT,8.2585,1.6117,635,-1,-1,0.9622,87.41,134.41,89.23,30.21,88.50,136.50,101.00,81.00,0.3295,2.36,1,-9,2.0799,MAX_STEP,0,5931,1767,21957,0,0,635,0,0,0,0
103,0,1,1,ACCEPT,9.5024,1.5968,808,1,3,0.7946,88.80,135.81,89.23,30.21,88.00,139.00,104.00,68.00,0.3812,3.29,1,-10,2.3958,MAX_STEP,0,6577,1807,25374,0,0,808,0,0,0,0
104,0,1,1,ACCEPT,7.7074,1.1548,843,1,-5,0.7224,90.19,133.47,92.80,31.42,91.50,136.00,109.00,68.00,0.3934,2.85,1,1,2.4433,ACCEPT,0,8218,2036,25377,0,0,843,0,0,0,0
105,0,1,1,ACCEPT,10.6747,1.6048,1064,1,0,0.9803,91.64,133.47,92.80,31.42,93.50,135.50,113.00,65.00,0.3970,2.75,1,0,2.1031,ACCEPT,0,6920,2326,25477,0,0,1064,0,0,0,0
106,0,1,1,ACCEPT,5.5720,1.0176,520,-2,20,0.6288,88.73,143.31,92.80,31.42,95.00,139.00,114.00,58.00,0.4410,7.61,1,0,1.6895,LOW_CONF,0,6617,2671,20428,0,0,520,0,0,0,0
107,0,1,1,ACCEPT,6.1027,1.1445,388,3,-7,0.3299,93.09,139.87,92.80,31.42,97.50,143.50,113.00,55.00,0.4691,5.71,1,1,1.4008,LOW_CONF,0,4318,2181,21925,0,0,388,0,0,0,0
108,0,1,1,ACCEPT,6.8889,1.4302,492,6,5,0.6789,101.81,142.33,92.80,31.42,99.00,142.50,112.00,59.00,0.4412,2.82,1,7,1.5548,MAX_STEP,0,5573,2349,19224,0,0,492,0,0,0,0
109,0,1,1,ACCEPT,7.4276,1.2415,514,-2,2,0.9008,98.91,143.31,92.80,31.42,98.00,139.00,108.00,66.00,0.4090,4.41,1,0,1.0428,LOW_CONF,0,5370,2363,14767,0,0,514,0,0,0,0
110,0,1,1,ACCEPT,8.9491,1.5046,495,-1,7,0.5535,97.45,146.76,92.80,31.42,94.00,139.50,106.00,81.00,0.3396,8.04,1,0,1.1761,LOW_CONF,0,4359,2519,14693,0,0,495,0,0,0,0
111,0,1,1,ACCEPT,10.6830,1.6074,606,0,1,0.9769,97.45,147.25,92.80,31.42,92.00,142.50,104.00,81.00,0.3461,7.23,1,0,1.6315,LOW_CONF,0,4270,2746,14984,0,0,606,0,0,0,0
112,0,1,1,ACCEPT,10.8763,1.5404,687,0,4,0.7191,97.45,149.22,92.80,31.42,92.50,144.50,113.00,71.00,0.3634,6.84,1,8,1.3850,MAX_STEP,0,4380,2656,14144,0,0,687,0,0,0,0
113,0,1,1,ACCEPT,10.2109,1.4061,554,-1,4,0.7058,96.00,151.19,92.80,31.42,94.00,149.50,118.00,57.00,0.4335,2.62,1,0,1.6004,LOW_CONF,0,3449,1857,18985,0,0,554,0,0,0,0
114,0,1,1,ACCEPT,5.1617,1.0028,354,0,5,0.8418,96.00,153.65,92.80,31.42,94.50,152.00,119.00,52.00,0.4712,2.23,1,8,1.6637,MAX_STEP,0,4151,2037,19786,0,0,354,0,0,0,0
115,0,1,1,ACCEPT,9.3001,1.7882,667,-1,4,0.6312,94.55,155.62,92.80,31.42,96.00,151.50,120.00,51.00,0.4764,4.37,1,-1,1.9991,LOW_CONF,0,4316,2451,21509,0,0,667,0,0,0,0
116,0,1,1,ACCEPT,7.1404,1.1332,757,2,-4,0.6513,97.45,153.65,92.80,31.42,97.00,143.50,118.00,61.00,0.4051,10.16,1,15,1.9686,MAX_STEP,0,6853,2173,20576,0,0,757,0,0,0,0
117,0,1,1,ACCEPT,10.4540,1.4722,873,0,-2,0.8889,97.45,152.66,92.80,31.42,96.50,141.50,117.00,63.00,0.3956,11.20,1,2,1.7441,LOW_CONF,0,5786,2031,19475,0,0,873,0,0,0,0
118,0,1,1,ACCEPT,9.2011,1.5368,773,0,-1,0.9690,97.45,152.17,92.80,31.42,95.00,141.50,116.00,65.00,0.3867,10.95,1,0,1.7206,LOW_CONF,0,5727,2166,20240,0,0,773,0,0,0,0
119,0,1,1,ACCEPT,5.3989,1.0646,544,1,-19,0.8327,98.91,142.82,96.51,32.68,96.50,143.00,121.00,64.00,0.4072,2.41,1,1,2.0585,ACCEPT,0,6332,2708,17418,0,0,544,0,0,0,0
120,0,1,1,ACCEPT,10.5089,1.3752,755,-1,0,0.9894,97.40,142.82,96.51,32.68,99.00,146.50,126.00,73.00,0.3429,4.01,1,0,2.1234,ACCEPT,0,5330,2958,17790,0,0,755,0,0,0,0
121,0,1,1,ACCEPT,5.7817,1.1134,481,1,-2,0.8960,98.91,141.80,96.51,32.68,102.50,159.00,129.00,82.00,0.2981,17.57,1,0,2.0186,ACCEPT,0,5806,2911,18272,0,0,481,0,0,0,0
122,0,1,1,ACCEPT,7.2279,1.2752,607,2,16,0.6689,101.92,149.93,96.51,32.68,105.00,168.00,126.00,68.00,0.3618,18.33,1,10,1.4208,MAX_STEP,0,7035,3253,18009,0,0,607,0,0,0,0
123,0,1,1,ACCEPT,9.9322,1.4587,636,0,0,1.0000,101.92,149.93,96.51,32.68,106.50,165.50,125.00,71.00,0.3553,16.23,1,11,1.6846,MAX_STEP,0,4723,2421,19214,0,0,636,0,0,0,0
124,0,1,1,ACCEPT,11.4196,1.6870,857,1,6,0.4667,103.43,152.98,96.51,32.68,101.00,159.00,130.00,76.00,0.3192,6.50,1,0,1.0947,LOW_CONF,0,5196,2951,17645,0,0,857,0,0,0,0
125,0,1,1,ACCEPT,13.5431,1.7875,942,-1,7,0.3079,101.92,156.53,96.51,32.68,93.00,157.50,122.00,77.00,0.3357,8.97,1,0,1.7928,LOW_CONF,0,4110,2803,19249,0,0,942,0,0,0,0
126,0,1,1,ACCEPT,15.1722,1.8631,1075,-1,1,0.9572,100.41,157.04,96.51,32.68,90.50,159.50,119.00,79.00,0.3355,10.21,1,0,1.8042,LOW_CONF,0,4239,2267,21239,0,0,1075,0,0,0,0
127,0,1,1,ACCEPT,16.6881,2.0752,1187,0,1,0.9882,100.41,157.55,96.51,32.68,92.50,166.00,115.00,82.00,0.3344,11.58,1,0,1.7618,LOW_CONF,0,4560,2141,20407,0,0,1187,0,0,0,0
128,0,1,1,ACCEPT,16.7181,1.6498,1107,-1,-4,0.7778,98.91,155.52,96.51,32.68,96.00,172.50,108.00,85.00,0.3435,17.23,1,0,1.8353,LOW_CONF,0,4368,2044,19771,0,0,1107,0,0,0,0
129,0,1,1,ACCEPT,17.5069,1.8569,999,0,-2,0.9149,98.91,154.50,96.51,32.68,97.50,175.00,107.00,86.00,0.3427,20.55,1,0,2.1195,ACCEPT,0,3746,2115,18846,0,0,999,0,0,0,0
130,0,1,1,ACCEPT,13.6808,1.5982,716,1,-5,0.7123,100.41,151.96,96.51,32.68,100.50,176.50,107.00,81.00,0.3582,24.54,1,-3,1.5472,MAX_STEP,0,3342,2250,18681,0,0,716,0,0,0,0
131,0,1,1,ACCEPT,9.5639,1.3631,443,2,-2,0.8939,103.43,150.95,96.51,32.68,108.50,177.00,107.00,82.00,0.3389,26.54,1,-9,1.1056,MAX_STEP,0,2643,2619,18816,0,0,443,0,0,0,0
132,0,1,1,ACCEPT,11.3970,1.7743,456,1,1,0.9583,104.94,151.45,96.51,32.68,110.00,177.00,104.00,84.00,0.3543,26.04,1,-4,1.3172,MAX_STEP,0,2559,2749,17471,0,0,456,0,0,0,0
133,0,1,1,ACCEPT,12.0124,1.7386,459,2,3,0.6797,107.95,152.98,96.51,32.68,118.00,178.00,108.00,84.00,0.3271,26.97,1,-5,1.7580,MAX_STEP,0,2283,2930,15078,0,0,459,0,0,0,0
134,0,1,1,ACCEPT,10.7014,1.7457,405,5,1,0.5481,115.49,153.48,96.51,32.68,123.50,176.50,109.00,79.00,0.3572,24.37,1,-3,2.4391,MAX_STEP,0,2581,2972,15660,0,0,405,0,0,0,0
135,0,1,1,ACCEPT,11.3091,1.9336,466,3,2,0.7532,120.02,154.50,92.80,31.42,125.00,175.50,106.00,75.00,0.3668,21.58,1,-1,2.4762,ACCEPT,0,2979,3013,16702,0,0,466,0,0,0,0
136,0,1,1,ACCEPT,9.8604,1.5984,390,0,2,0.9179,120.02,155.48,92.80,31.42,125.00,175.50,106.00,75.00,0.3668,20.63,1,-16,1.8716,AT_SEARCH_RAIL,0,2901,3313,14928,0,0,390,0,0,0,0
137,0,1,1,ACCEPT,9.4620,1.0559,302,-3,3,0.8079,115.66,156.96,85.80,29.05,124.00,174.00,108.00,98.00,0.2355,18.97,1,-2,2.4610,ACCEPT,0,1775,3076,12544,0,0,302,0,0,0,0
138,0,1,1,ACCEPT,8.8483,1.1381,206,-2,-7,0.4223,112.97,153.79,85.80,29.05,122.00,172.50,108.00,111.00,0.2079,20.78,1,-4,2.3043,MAX_STEP,0,1452,2989,11064,0,0,206,0,0,0,0
139,0,1,1,ACCEPT,5.8199,1.0102,99,-3,-12,0.2626,108.94,148.35,85.80,29.05,111.50,171.00,87.00,132.00,0.2110,22.79,1,-7,1.6668,MAX_STEP,0,1108,2588,7676,0,0,99,0,0,0,0
140,0,1,1,ACCEPT,5.1429,1.1633,57,-17,-6,0.1930,86.09,145.63,85.80,29.05,92.00,169.00,44.00,146.00,0.1673,24.10,1,9,1.3032,MAX_STEP,0,885,2253,4367,0,0,57,0,0,0,0
141,0,1,1,ACCEPT,5.9035,1.0426,49,-2,3,0.8367,83.41,146.99,85.80,29.05,87.50,166.50,33.00,149.00,0.1486,19.93,1,11,1.1406,MAX_STEP,0,656,2873,3974,0,0,49,0,0,0,0
142,0,1,0,LOW_PSR,4.4812,1.0769,42,-1,12,0.8095,83.41,146.99,85.80,29.05,73.50,167.50,53.00,149.00,0.1740,22.78,0,0,0.0000,NOT_RUN,0,667,3180,0,0,0,42,0,0,0,0
143,0,1,1,ACCEPT,6.5104,1.0779,83,0,-6,0.9036,83.41,144.27,85.80,29.05,64.00,172.50,82.00,135.00,0.1603,34.25,1,0,1.3330,LOW_CONF,0,823,3325,9035,0,0,83,0,0,0,0
144,0,1,1,ACCEPT,8.9547,1.2897,276,-1,1,0.9457,82.06,144.73,85.80,29.05,62.50,176.50,93.00,121.00,0.1731,37.31,1,0,1.3264,LOW_CONF,0,2367,2934,10624,0,0,276,0,0,0,0
145,0,1,1,ACCEPT,6.5876,1.0506,187,2,8,0.7914,84.75,148.35,85.80,29.05,60.00,185.50,118.00,91.00,0.1539,44.64,1,1,1.7135,LOW_CONF,0,1786,2532,12323,0,0,187,0,0,0,0
146,0,1,1,ACCEPT,7.4162,1.1134,216,0,1,0.9861,84.75,148.80,85.80,29.05,66.50,184.00,131.00,82.00,0.1518,39.65,1,1,1.4768,LOW_CONF,0,1852,2686,12673,0,0,216,0,0,0,0
147,0,1,1,ACCEPT,7.4475,1.1206,223,0,-4,0.8834,84.75,146.99,85.80,29.05,69.00,182.00,134.00,78.00,0.1399,38.39,1,1,1.5356,LOW_CONF,0,1918,2914,11761,0,0,223,0,0,0,0
148,0,1,1,ACCEPT,8.7621,1.1304,234,2,3,0.8419,87.44,148.35,85.80,29.05,78.00,182.00,132.00,74.00,0.1430,34.95,1,1,1.6969,LOW_CONF,0,1984,3629,9087,0,0,234,0,0,0,0
149,0,1,1,ACCEPT,8.5234,1.1273,186,1,-2,0.8978,88.78,147.45,85.80,29.05,94.00,192.00,106.00,86.00,0.1060,44.86,1,0,1.3331,LOW_CONF,0,1689,3894,7663,0,0,186,0,0,0,0
150,0,1,1,ACCEPT,8.7654,1.2180,162,1,5,0.8519,90.12,149.71,85.80,29.05,107.00,196.50,76.00,91.00,0.0990,49.74,1,0,1.5384,LOW_CONF,0,1424,3954,6654,0,0,162,0,0,0,0
151,0,1,0,LOW_PSR,4.4571,1.0114,89,0,6,0.8764,90.12,149.71,85.80,29.05,111.00,196.00,56.00,106.00,0.1442,50.78,0,0,0.0000,NOT_RUN,0,1256,3826,0,0,0,89,0,0,0,0
152,0,1,1,ACCEPT,5.6333,1.0496,127,1,3,0.8819,91.47,151.07,85.80,29.05,122.50,191.50,53.00,105.00,0.1450,50.97,1,0,1.7204,LOW_CONF,0,1474,3551,10369,0,0,127,0,0,0,0
153,0,1,1,ACCEPT,6.3998,1.1364,175,1,1,0.9543,92.81,151.52,85.80,29.05,132.00,193.50,66.00,109.00,0.1142,57.43,1,0,1.9462,LOW_CONF,0,1889,3518,8873,0,0,175,0,0,0,0
154,0,1,0,NEGATIVE_PEAK,-4.6441,1.0280,-110,14,-28,0.6455,92.81,151.52,85.80,29.05,137.00,183.00,82.00,82.00,0.1156,54.25,0,0,0.0000,NOT_RUN,0,1732,3523,0,0,0,110,0,0,0,0
155,0,1,1,ACCEPT,6.7889,1.0503,167,3,-6,0.5928,96.84,148.80,85.80,29.05,133.50,181.00,89.00,72.00,0.1167,48.79,1,1,1.7532,LOW_CONF,0,1886,3530,7777,0,0,167,0,0,0,0
156,0,1,1,ACCEPT,7.8635,1.0685,156,-1,8,0.7051,95.50,152.43,85.80,29.05,132.00,182.50,92.00,65.00,0.1171,47.29,1,0,1.9454,LOW_CONF,0,1521,3704,5250,0,0,156,0,0,0,0
157,0,1,1,ACCEPT,7.0775,1.0978,101,-3,11,0.6436,91.47,157.41,85.80,29.05,131.00,184.50,94.00,47.00,0.0866,47.92,1,-1,1.8056,LOW_CONF,0,1089,3576,4325,0,0,101,0,0,0,0
158,0,1,1,ACCEPT,6.8316,1.1299,87,0,-4,0.9425,91.47,155.60,85.80,29.05,126.00,181.50,104.00,45.00,0.1033,43.16,1,0,1.7921,LOW_CONF,0,753,3739,11344,0,0,87,0,0,0,0
159,0,1,1,ACCEPT,7.2311,1.2447,234,-2,-4,0.8333,88.78,153.79,85.80,29.05,124.50,178.50,107.00,49.00,0.1265,43.43,1,0,1.6624,LOW_CONF,0,1708,3907,13481,0,0,234,0,0,0,0
160,0,1,0,LOW_PSR,4.8078,1.0075,134,-1,-23,0.4030,88.78,153.79,85.80,29.05,120.00,172.00,116.00,56.00,0.2323,36.14,0,0,0.0000,NOT_RUN,0,1587,4157,0,0,0,134,0,0,0,0
161,0,1,1,ACCEPT,6.3185,1.1919,118,-4,4,0.5085,83.41,155.60,89.23,30.21,116.00,165.50,106.00,69.00,0.2442,34.06,1,1,2.0994,ACCEPT,0,1239,3991,6340,0,0,118,0,0,0,0
162,0,1,1,ACCEPT,5.8932,1.4808,77,0,-12,0.3766,83.41,149.98,92.80,31.42,114.00,163.00,96.00,74.00,0.2501,33.25,1,1,2.1900,ACCEPT,0,901,3405,6592,0,0,77,0,0,0,0
163,0,1,0,LOW_PSR,4.0612,1.0217,47,-25,15,0.1064,83.41,149.98,92.80,31.42,102.00,149.00,78.00,92.00,0.2626,18.62,0,0,0.0000,NOT_RUN,0,735,2923,0,0,0,47,0,0,0,0
164,0,1,1,ACCEPT,6.3874,1.2500,80,-25,17,0.2625,47.08,158.34,92.80,31.42,85.50,139.00,65.00,100.00,0.1562,43.02,1,0,1.6894,LOW_CONF,0,713,3047,6918,0,0,80,0,0,0,0
165,0,1,1,ACCEPT,8.1430,1.1579,154,0,6,0.8442,47.08,161.30,92.80,31.42,75.50,132.00,53.00,106.00,0.1958,40.82,1,0,1.5975,LOW_CONF,0,1243,2309,11462,0,0,154,0,0,0,0
166,0,1,1,ACCEPT,6.5641,1.0987,167,1,5,0.8802,48.53,163.76,92.80,31.42,73.50,134.50,51.00,115.00,0.2018,38.46,1,5,1.4959,MAX_STEP,0,1317,2088,12909,0,0,167,0,0,0,0
167,0,1,0,NEGATIVE_PEAK,-5.6061,1.1111,-170,-21,11,0.7353,48.53,163.76,92.80,31.42,65.00,146.00,70.00,98.00,0.2637,24.22,0,0,0.0000,NOT_RUN,0,1788,2011,0,0,0,170,0,0,0,0
168,0,1,0,NEGATIVE_PEAK,-5.1087,1.0395,-158,-19,10,0.6392,48.53,163.76,92.80,31.42,62.00,146.50,76.00,93.00,0.2874,21.89,0,0,0.0000,NOT_RUN,0,1729,1884,0,0,0,158,0,0,0,0
169,0,1,0,NEGATIVE_PEAK,-4.7939,1.0659,-178,18,25,0.7135,48.53,163.76,92.80,31.42,61.50,155.50,83.00,65.00,0.3953,15.37,0,0,0.0000,NOT_RUN,0,2000,2278,0,0,0,178,0,0,0,0
170,0,1,0,NEGATIVE_PEAK,-6.0944,1.0963,-239,-5,-3,0.5858,48.53,163.76,92.80,31.42,59.00,162.00,94.00,48.00,0.5404,10.62,0,0,0.0000,NOT_RUN,0,2480,2232,0,0,0,239,0,0,0,0
171,0,1,0,NEGATIVE_PEAK,-6.3720,1.1023,-237,-5,6,0.1139,48.53,163.76,92.80,31.42,60.00,166.50,96.00,37.00,0.6747,11.79,0,0,0.0000,NOT_RUN,0,2803,1958,0,0,0,237,0,0,0,0
172,0,1,0,NEGATIVE_PEAK,-6.8665,1.3522,-215,-4,14,0.3767,48.53,163.76,92.80,31.42,61.00,170.00,94.00,26.00,0.5134,13.94,0,0,0.0000,NOT_RUN,0,2131,1545,0,0,0,215,0,0,0,0
173,0,1,1,ACCEPT,5.8857,1.2353,189,4,3,0.6720,54.34,165.23,92.80,31.42,65.50,174.50,81.00,33.00,0.4513,14.50,1,-3,1.7753,MAX_STEP,0,1655,1766,18419,0,0,189,0,0,0,0
174,0,1,1,ACCEPT,8.3186,1.6140,347,1,-1,0.9424,55.80,164.74,92.80,31.42,67.50,176.50,73.00,33.00,0.3764,16.59,1,-3,1.6124,MAX_STEP,0,2292,2085,13931,0,0,347,0,0,0,0
175,0,1,1,ACCEPT,6.9447,1.2741,251,0,-5,0.5936,55.80,162.28,92.80,31.42,67.00,181.50,66.00,49.00,0.2908,22.25,1,-3,1.8066,MAX_STEP,0,2284,2391,12220,0,0,251,0,0,0,0
176,0,1,1,ACCEPT,6.8828,1.2189,245,8,-7,0.7510,67.42,158.84,92.80,31.42,70.50,189.00,49.00,56.00,0.1329,30.32,1,1,1.6726,LOW_CONF,0,2387,2331,12710,0,0,245,0,0,0,0
177,0,1,1,ACCEPT,10.2454,1.8293,375,1,-1,0.9653,68.88,158.34,92.80,31.42,75.50,189.50,39.00,59.00,0.1174,31.85,1,8,1.5227,MAX_STEP,0,2990,3174,9217,0,0,375,0,0,0,0
178,0,1,1,ACCEPT,8.4824,1.5101,225,-2,-5,0.5467,65.97,155.88,92.80,31.42,80.50,189.50,21.00,63.00,0.0722,36.62,1,1,1.4544,LOW_CONF,0,2529,3591,5959,0,0,225,0,0,0,0
179,0,1,1,ACCEPT,10.1900,1.5169,179,-2,-5,0.5475,63.06,153.42,92.80,31.42,88.50,189.00,33.00,60.00,0.0733,43.74,1,1,1.4782,LOW_CONF,0,1648,3647,6144,0,0,179,0,0,0,0
180,0,1,1,ACCEPT,10.5254,1.3885,193,-1,-1,0.9534,61.61,152.93,92.80,31.42,90.50,187.50,43.00,55.00,0.0682,45.05,1,1,1.4741,LOW_CONF,0,1662,3532,5942,0,0,193,0,0,0,0
181,0,1,1,ACCEPT,8.5208,1.0352,147,-2,5,0.6939,58.70,155.39,92.80,31.42,97.50,187.00,69.00,54.00,0.0757,50.04,1,1,1.7278,LOW_CONF,0,1475,3675,5335,0,0,147,0,0,0,0
182,0,1,1,ACCEPT,6.8423,1.0427,122,-1,-2,0.9426,57.25,154.41,92.80,31.42,102.00,188.00,84.00,44.00,0.0279,55.96,1,1,1.4110,LOW_CONF,0,1385,3446,6661,0,0,122,0,0,0,0
183,0,1,1,ACCEPT,8.2634,1.4828,172,0,-3,0.8256,57.25,152.93,92.80,31.42,103.00,186.00,88.00,38.00,0.0118,56.45,1,1,1.3776,LOW_CONF,0,1692,3511,6033,0,0,172,0,0,0,0
184,0,1,1,ACCEPT,9.9397,1.7944,192,-1,-6,0.3177,55.80,149.98,92.80,31.42,104.00,181.50,88.00,39.00,0.0251,57.60,1,1,1.3597,LOW_CONF,0,1609,3540,5729,0,0,192,0,0,0,0
185,0,1,1,ACCEPT,11.5891,2.0000,218,-1,-7,0.1972,54.34,146.53,92.80,31.42,108.00,183.50,72.00,47.00,0.0103,65.16,1,1,1.3888,LOW_CONF,0,1557,3610,5791,0,0,218,0,0,0,0
186,0,1,1,ACCEPT,12.6886,2.0345,236,-1,-4,0.5042,52.89,144.56,92.80,31.42,107.00,183.50,68.00,49.00,0.0054,66.66,1,1,1.4426,LOW_CONF,0,1518,3474,5653,0,0,236,0,0,0,0
187,0,1,1,ACCEPT,13.1265,2.2871,231,-1,-7,0.1342,51.44,141.12,92.80,31.42,106.00,185.00,66.00,46.00,0.0000,70.02,1,0,1.3773,LOW_CONF,0,1420,3436,5877,0,0,231,0,0,0,0
188,0,1,1,ACCEPT,14.5179,2.5258,245,-1,-6,0.1755,49.98,138.16,92.80,31.42,105.50,183.50,67.00,43.00,0.0000,71.68,1,1,1.4270,LOW_CONF,0,1348,3369,6140,0,0,245,0,0,0,0
189,0,1,1,ACCEPT,15.7843,2.5455,252,0,-3,0.6905,49.98,136.69,92.80,31.42,104.00,183.00,66.00,42.00,0.0000,71.15,1,1,1.4003,LOW_CONF,0,1280,3322,6287,0,0,252,0,0,0,0
190,0,1,1,ACCEPT,16.6645,3.0575,266,-1,-7,0.0564,48.53,133.24,92.80,31.42,102.00,181.00,66.00,40.00,0.0000,71.69,1,1,1.3375,LOW_CONF,0,1256,3396,6728,0,0,266,0,0,0,0
191,0,1,1,ACCEPT,17.7445,2.7593,298,-1,-4,0.3859,47.08,131.27,92.80,31.42,100.50,179.00,63.00,38.00,0.0000,71.64,1,1,1.3782,LOW_CONF,0,1369,3438,6760,0,0,298,0,0,0,0
192,0,1,1,ACCEPT,16.9554,2.8283,280,0,-2,0.7714,47.08,130.29,92.80,31.42,100.00,179.50,64.00,43.00,0.0000,72.27,1,1,1.4169,LOW_CONF,0,1304,3396,6951,0,0,280,0,0,0,0
193,0,1,1,ACCEPT,18.5121,3.1398,292,-1,-4,0.5000,45.62,128.32,92.80,31.42,98.50,179.00,65.00,44.00,0.0000,73.24,1,1,1.3516,LOW_CONF,0,1241,3418,7491,0,0,292,0,0,0,0
194,0,1,1,ACCEPT,18.7063,2.8037,300,-1,-3,0.7133,44.17,126.84,92.80,31.42,97.50,180.00,65.00,48.00,0.0000,75.30,1,1,1.4225,LOW_CONF,0,1243,3347,8137,0,0,300,0,0,0,0
195,0,1,1,ACCEPT,19.5124,2.5840,323,1,-2,0.8328,45.62,125.86,92.80,31.42,96.50,183.00,63.00,50.00,0.0000,76.51,1,1,1.3331,LOW_CONF,0,1247,3279,9056,0,0,323,0,0,0,0
196,0,1,1,ACCEPT,19.6902,2.9643,332,-1,-2,0.8404,44.17,124.88,92.80,31.42,96.00,184.00,64.00,50.00,0.0000,78.63,1,1,1.4008,LOW_CONF,0,1305,3236,8989,0,0,332,0,0,0,0
197,0,1,1,ACCEPT,20.5853,2.5547,350,1,-1,0.9743,45.62,124.38,92.80,31.42,97.00,185.50,64.00,47.00,0.0000,79.84,1,1,1.3218,LOW_CONF,0,1254,3234,10043,0,0,350,0,0,0,0
198,0,1,1,ACCEPT,20.5688,3.0081,373,-1,1,0.9464,44.17,124.88,92.80,31.42,97.00,185.00,62.00,46.00,0.0000,80.04,1,1,1.4090,LOW_CONF,0,1394,3352,9142,0,0,373,0,0,0,0
199,0,1,1,ACCEPT,22.3627,2.9147,376,0,-3,0.6649,44.17,123.40,92.80,31.42,96.50,187.00,61.00,40.00,0.0000,82.36,1,1,1.4181,LOW_CONF,0,1248,3297,10273,0,0,376,0,0,0,0
200,0,1,1,ACCEPT,21.9170,2.9924,395,0,0,1.0000,44.17,123.40,92.80,31.42,96.50,187.00,61.00,40.00,0.0000,82.36,1,1,1.4201,LOW_CONF,0,1330,3251,9903,0,0,395,0,0,0,0
201,0,1,1,ACCEPT,23.3218,2.9343,402,0,-1,0.9303,44.17,122.91,92.80,31.42,96.00,188.00,62.00,40.00,0.0000,83.21,1,1,1.4186,LOW_CONF,0,1281,3302,10202,0,0,402,0,0,0,0
202,0,1,1,ACCEPT,24.1349,2.7205,438,0,-5,0.2215,44.17,120.45,92.80,31.42,96.00,187.00,62.00,44.00,0.0000,84.35,1,1,1.4437,LOW_CONF,0,1333,3356,9981,0,0,438,0,0,0,0
203,0,1,1,ACCEPT,24.6277,2.5422,422,0,-4,0.3957,44.17,118.48,92.80,31.42,97.00,185.50,60.00,47.00,0.0000,85.34,1,1,1.4451,LOW_CONF,0,1240,3452,9904,0,0,422,0,0,0,0
204,0,1,1,ACCEPT,24.6033,2.8403,409,1,-3,0.6553,45.62,117.00,92.80,31.42,97.00,184.50,60.00,45.00,0.0000,84.83,1,1,1.3843,LOW_CONF,0,1210,3445,9544,0,0,409,0,0,0,0
205,0,1,1,ACCEPT,25.3803,3.0075,403,0,-6,0.1464,45.62,114.05,92.80,31.42,97.00,181.50,60.00,47.00,0.0000,84.79,1,1,1.4170,LOW_CONF,0,1129,3442,10256,0,0,403,0,0,0,0
206,0,1,1,ACCEPT,22.9077,2.8267,424,0,-3,0.5684,45.62,112.57,92.80,31.42,97.00,183.50,60.00,55.00,0.0000,87.58,1,1,1.4957,LOW_CONF,0,1208,3432,10921,0,0,424,0,0,0,0
207,0,1,1,ACCEPT,22.5381,2.7453,442,0,-3,0.6697,45.62,111.09,92.80,31.42,97.00,185.00,60.00,58.00,0.0000,90.01,1,1,1.5361,LOW_CONF,0,1253,3373,11351,0,0,442,0,0,0,0
208,0,1,1,ACCEPT,23.1667,2.6977,464,1,-2,0.8707,47.08,110.11,92.80,31.42,97.00,185.50,60.00,65.00,0.0000,90.42,1,1,1.4902,LOW_CONF,0,1291,3390,10446,0,0,464,0,0,0,0
209,0,1,1,ACCEPT,24.7180,2.9548,458,0,-2,0.7882,47.08,109.12,92.80,31.42,96.50,186.00,61.00,66.00,0.0000,91.39,1,1,1.5394,LOW_CONF,0,1220,3422,10034,0,0,458,0,0,0,0
210,0,1,1,ACCEPT,26.1611,2.9000,464,0,-1,0.9440,47.08,108.63,92.80,31.42,96.00,186.50,60.00,67.00,0.0000,91.96,1,1,1.5367,LOW_CONF,0,1187,3456,10300,0,0,464,0,0,0,0
211,0,1,1,ACCEPT,26.2442,2.8036,471,0,-2,0.8344,47.08,107.65,92.80,31.42,96.00,187.50,62.00,69.00,0.0000,93.65,1,1,1.5166,LOW_CONF,0,1188,3426,11120,0,0,471,0,0,0,0
212,0,1,1,ACCEPT,26.5643,2.9053,491,0,0,1.0000,47.08,107.65,92.80,31.42,95.50,190.00,63.00,70.00,0.0000,95.53,1,1,1.5184,LOW_CONF,0,1235,3408,11259,0,0,491,0,0,0,0
213,0,1,1,ACCEPT,26.7233,2.9167,490,0,0,1.0000,47.08,107.65,92.80,31.42,94.50,190.50,63.00,71.00,0.0000,95.46,1,1,1.5111,LOW_CONF,0,1227,3429,11731,0,0,490,0,0,0,0
214,0,1,1,ACCEPT,27.3202,2.9701,496,0,1,0.9395,47.08,108.14,92.80,31.42,92.50,191.00,65.00,68.00,0.0000,94.49,1,1,1.5114,LOW_CONF,0,1227,3500,11347,0,0,496,0,0,0,0
215,0,1,1,ACCEPT,26.6750,2.7574,466,0,2,0.8133,47.08,109.12,92.80,31.42,92.00,192.00,68.00,66.00,0.0000,94.27,1,1,1.5178,LOW_CONF,0,1149,3541,11566,0,0,466,0,0,0,0
216,0,1,1,ACCEPT,28.3963,2.7701,482,0,1,0.9751,47.08,109.62,92.80,31.42,91.00,193.00,70.00,64.00,0.0000,94.24,1,1,1.5481,LOW_CONF,0,1152,3484,12067,0,0,482,0,0,0,0
217,0,1,1,ACCEPT,27.2682,2.6648,477,0,0,1.0000,47.08,109.62,92.80,31.42,89.00,192.50,74.00,65.00,0.0000,92.88,1,1,1.5218,LOW_CONF,0,1144,3478,12443,0,0,477,0,0,0,0
218,0,1,1,ACCEPT,26.8613,2.9379,473,1,1,0.9619,48.53,110.11,92.80,31.42,89.00,194.00,76.00,64.00,0.0000,93.14,1,1,1.3960,LOW_CONF,0,1155,3435,12743,0,0,473,0,0,0,0
219,0,1,1,ACCEPT,27.1517,2.8424,469,-1,1,0.9062,47.08,110.60,92.80,31.42,88.50,195.00,77.00,64.00,0.0000,94.02,1,1,1.5026,LOW_CONF,0,1187,3485,12359,0,0,469,0,0,0,0
220,0,1,1,ACCEPT,28.3708,3.0658,466,1,0,0.9657,48.53,110.60,92.80,31.42,88.00,197.00,78.00,60.00,0.0000,94.99,1,1,1.4312,LOW_CONF,0,1093,3444,14162,0,0,466,0,0,0,0
221,0,1,1,ACCEPT,28.3482,2.9118,495,0,1,0.9737,48.53,111.09,92.80,31.42,88.00,198.00,80.00,60.00,0.0000,95.45,1,1,1.4518,LOW_CONF,0,1180,3518,13471,0,0,495,0,0,0,0
222,0,1,1,ACCEPT,29.9643,2.9268,480,0,1,0.9313,48.53,111.59,92.80,31.42,88.00,198.50,80.00,57.00,0.0000,95.46,1,1,1.4406,LOW_CONF,0,1107,3582,14082,0,0,480,0,0,0,0
223,0,1,1,ACCEPT,31.6098,3.2338,498,0,0,1.0000,48.53,111.59,92.80,31.42,89.00,201.00,82.00,56.00,0.0000,98.15,1,1,1.4454,LOW_CONF,0,1094,3518,14970,0,0,498,0,0,0,0
224,0,1,1,ACCEPT,30.2710,2.6283,502,1,1,0.9502,49.98,112.08,92.80,31.42,90.00,202.00,84.00,52.00,0.0000,98.42,1,1,1.4137,LOW_CONF,0,1152,3637,15090,0,0,502,0,0,0,0
225,0,1,1,ACCEPT,27.5306,3.3673,495,0,1,0.9253,49.98,112.57,92.80,31.42,91.50,202.50,83.00,49.00,0.0000,99.05,1,1,1.4829,LOW_CONF,0,1148,3729,14256,0,0,495,0,0,0,0
226,0,1,1,ACCEPT,25.5080,3.7190,450,1,0,0.9756,51.44,112.57,92.80,31.42,92.50,203.00,83.00,46.00,0.0000,99.32,1,1,1.3885,LOW_CONF,0,1108,3689,15557,0,0,450,0,0,0,0
227,0,1,1,ACCEPT,24.5068,2.9333,440,1,0,0.9659,52.89,112.57,92.80,31.42,94.50,203.00,83.00,42.00,0.0000,99.54,1,1,1.3889,LOW_CONF,0,1144,3669,15202,0,0,440,0,0,0,0
228,0,1,1,ACCEPT,24.3574,2.9444,424,0,0,1.0000,52.89,112.57,92.80,31.42,94.50,203.00,85.00,42.00,0.0000,99.54,1,1,1.3651,LOW_CONF,0,1148,3722,14279,0,0,424,0,0,0,0
229,0,1,1,ACCEPT,28.0649,3.4656,454,0,0,1.0000,52.89,112.57,92.80,31.42,95.50,203.00,83.00,38.00,0.0000,99.97,1,1,1.4537,LOW_CONF,0,1082,3698,14454,0,0,454,0,0,0,0
230,0,1,1,ACCEPT,28.2627,3.3688,475,1,1,0.9621,54.34,113.06,92.80,31.42,94.50,203.00,83.00,38.00,0.0000,98.50,1,1,1.4314,LOW_CONF,0,1091,3638,13995,0,0,475,0,0,0,0
231,0,1,1,ACCEPT,27.1941,3.3603,457,0,1,0.9212,54.34,113.55,92.80,31.42,94.00,203.00,84.00,36.00,0.0000,97.84,1,1,1.4109,LOW_CONF,0,1120,3621,13530,0,0,457,0,0,0,0
232,0,1,1,ACCEPT,28.1789,3.6179,445,0,0,1.0000,54.34,113.55,92.80,31.42,93.50,202.50,83.00,35.00,0.0000,97.18,1,1,1.4769,LOW_CONF,0,1067,3682,13900,0,0,445,0,0,0,0
233,0,1,1,ACCEPT,28.4308,3.4496,445,0,1,0.9236,54.34,114.05,92.80,31.42,93.00,203.00,86.00,34.00,0.0000,96.99,1,1,1.5538,LOW_CONF,0,1063,3753,13938,0,0,445,0,0,0,0
234,0,1,1,ACCEPT,30.3200,3.4733,455,0,2,0.8549,54.34,115.03,92.80,31.42,92.50,203.00,85.00,34.00,0.0000,95.89,1,1,1.5107,LOW_CONF,0,1039,3752,14384,0,0,455,0,0,0,0
235,0,1,1,ACCEPT,31.4309,3.7143,468,0,1,0.9551,54.34,115.52,92.80,31.42,92.50,203.00,87.00,34.00,0.0000,95.44,1,1,1.5079,LOW_CONF,0,1037,3756,14749,0,0,468,0,0,0,0
236,0,1,1,ACCEPT,31.7438,3.6953,473,0,0,1.0000,54.34,115.52,92.80,31.42,93.50,204.00,85.00,32.00,0.0000,96.75,1,1,1.4537,LOW_CONF,0,1018,3606,16008,0,0,473,0,0,0,0
237,0,1,1,ACCEPT,32.7898,3.8413,484,0,0,1.0000,54.34,115.52,92.80,31.42,93.50,204.50,87.00,31.00,0.0000,97.21,1,1,1.4543,LOW_CONF,0,1013,3643,16004,0,0,484,0,0,0,0
238,0,1,1,ACCEPT,32.2842,3.1313,501,0,1,0.9980,54.34,116.02,92.80,31.42,95.00,205.00,86.00,30.00,0.0000,97.83,1,1,1.4254,LOW_CONF,0,1003,3640,16397,0,0,501,0,0,0,0
239,0,1,1,ACCEPT,33.2190,3.1437,503,0,1,0.9563,54.34,116.51,92.80,31.42,95.00,205.00,84.00,30.00,0.0000,97.38,1,1,1.4488,LOW_CONF,0,970,3476,16834,0,0,503,0,0,0,0
240,0,1,1,ACCEPT,34.9901,3.1962,505,1,-1,0.9564,55.80,116.02,92.80,31.42,95.50,204.50,85.00,31.00,0.0000,96.98,1,1,1.6402,LOW_CONF,0,955,3508,17413,0,0,505,0,0,0,0
241,0,1,1,ACCEPT,34.1509,3.1769,467,-1,1,0.9101,54.34,116.51,92.80,31.42,95.50,205.00,85.00,32.00,0.0000,97.59,1,1,1.4925,LOW_CONF,0,983,3587,16287,0,0,467,0,0,0,0
242,0,1,1,ACCEPT,36.8657,3.5227,465,1,0,0.9806,55.80,116.51,92.80,31.42,96.00,205.00,84.00,32.00,0.0000,97.20,1,1,1.5116,LOW_CONF,0,867,3561,17543,0,0,465,0,0,0,0
243,0,1,1,ACCEPT,35.0603,3.3796,463,-1,0,0.9762,54.34,116.51,92.80,31.42,95.00,205.50,86.00,33.00,0.0000,97.84,1,1,1.4823,LOW_CONF,0,956,3624,16419,0,0,463,0,0,0,0
244,0,1,1,ACCEPT,35.0770,3.4692,451,1,0,0.9778,55.80,116.51,92.80,31.42,95.50,205.50,85.00,31.00,0.0000,97.45,1,1,1.5029,LOW_CONF,0,858,3559,18727,0,0,451,0,0,0,0
245,0,1,1,ACCEPT,33.7456,2.9876,481,-1,0,0.9979,54.34,116.51,92.80,31.42,95.50,206.00,85.00,32.00,0.0000,98.50,1,1,1.4523,LOW_CONF,0,975,3605,16866,0,0,481,0,0,0,0
246,0,1,1,ACCEPT,36.0335,3.7891,485,1,0,0.9608,55.80,116.51,92.80,31.42,95.00,206.00,86.00,34.00,0.0000,97.70,1,1,1.3964,LOW_CONF,0,879,3505,17977,0,0,485,0,0,0,0
247,0,1,1,ACCEPT,32.9877,3.1646,500,0,1,0.9840,55.80,117.00,92.80,31.42,96.00,206.50,84.00,31.00,0.0000,98.11,1,1,1.3815,LOW_CONF,0,986,3594,16200,0,0,500,0,0,0,0
248,0,1,1,ACCEPT,29.7232,3.4338,467,0,1,0.9872,55.80,117.49,92.80,31.42,96.00,206.00,84.00,32.00,0.0000,97.21,1,2,1.3884,LOW_CONF,0,950,3666,15814,0,0,467,0,0,0,0
249,0,1,1,ACCEPT,29.2222,3.3500,469,0,1,0.9851,55.80,117.98,92.80,31.42,96.00,206.00,84.00,32.00,0.0000,96.76,1,3,1.3824,MAX_STEP,0,951,3677,17954,0,0,469,0,0,0,0
250,0,1,1,ACCEPT,29.8743,3.0120,503,0,-1,0.9503,55.80,117.49,92.80,31.42,96.50,206.50,85.00,33.00,0.0000,97.87,1,3,1.3568,MAX_STEP,0,1024,3706,19694,0,0,503,0,0,0,0
251,0,1,1,ACCEPT,27.4959,3.1250,500,0,0,1.0000,55.80,117.49,92.80,31.42,96.00,206.50,84.00,33.00,0.0000,97.67,1,1,1.3290,LOW_CONF,0,1083,3782,19870,0,0,500,0,0,0,0
252,0,1,1,ACCEPT,27.8098,3.2774,508,0,1,0.9685,55.80,117.98,92.80,31.42,96.00,206.50,84.00,33.00,0.0000,97.22,1,2,1.3325,LOW_CONF,0,1070,3744,20050,0,0,508,0,0,0,0
253,0,1,1,ACCEPT,26.6394,3.4437,489,0,-1,0.9468,55.80,117.49,92.80,31.42,95.50,207.00,85.00,34.00,0.0000,97.92,1,1,1.3553,LOW_CONF,0,1038,3734,20586,0,0,489,0,0,0,0
254,0,1,1,ACCEPT,27.0995,3.3475,472,0,0,1.0000,55.80,117.49,92.80,31.42,96.50,206.00,83.00,36.00,0.0000,97.42,1,2,1.4109,LOW_CONF,0,1036,3792,19832,0,0,472,0,0,0,0
255,0,1,1,ACCEPT,27.8815,3.0649,472,0,-1,0.9979,55.80,117.00,92.80,31.42,96.50,205.50,83.00,37.00,0.0000,97.41,1,1,1.4034,LOW_CONF,0,1029,3795,19384,0,0,472,0,0,0,0
256,0,1,1,ACCEPT,26.1544,3.0897,448,0,-2,0.8214,55.80,116.02,92.80,31.42,98.00,203.00,80.00,38.00,0.0000,96.68,1,1,1.4080,LOW_CONF,0,1026,3780,17895,0,0,448,0,0,0,0
257,0,1,1,ACCEPT,26.5643,2.8993,432,0,-3,0.7963,55.80,114.54,92.80,31.42,98.50,201.50,77.00,41.00,0.0000,96.88,1,1,1.3798,LOW_CONF,0,970,3735,17379,0,0,432,0,0,0,0
258,0,1,1,ACCEPT,28.7623,3.0139,434,0,-2,0.9078,55.80,113.55,92.80,31.42,100.50,201.50,75.00,39.00,0.0000,98.65,1,1,1.4014,LOW_CONF,0,924,3766,17037,0,0,434,0,0,0,0
259,0,1,1,ACCEPT,32.0041,3.2963,445,0,-1,0.9393,55.80,113.06,92.80,31.42,100.50,201.50,75.00,39.00,0.0000,99.09,1,1,1.3902,LOW_CONF,0,886,3754,17280,0,0,445,0,0,0,0
260,0,1,1,ACCEPT,32.7336,3.1500,441,-1,-1,0.9705,54.34,112.57,92.80,31.42,100.50,198.50,75.00,41.00,0.0000,97.54,1,1,1.4671,LOW_CONF,0,882,3775,17426,0,0,441,0,0,0,0
261,0,1,1,ACCEPT,34.7230,3.3139,454,1,-2,0.8678,55.80,111.59,92.80,31.42,100.00,197.00,74.00,40.00,0.0000,96.17,1,1,1.5428,LOW_CONF,0,834,3699,20302,0,0,454,0,0,0,0
262,0,1,1,ACCEPT,32.1047,2.5714,450,-1,-1,0.9800,54.34,111.09,92.80,31.42,99.50,194.50,75.00,39.00,0.0000,94.85,1,1,1.5013,LOW_CONF,0,934,3812,19463,0,0,450,0,0,0,0
263,0,1,1,ACCEPT,33.1129,2.8038,443,1,-1,0.9616,55.80,110.60,92.80,31.42,100.00,194.00,74.00,38.00,0.0000,94.39,1,1,1.5779,LOW_CONF,0,829,3699,21825,0,0,443,0,0,0,0
264,0,1,1,ACCEPT,31.9591,2.5172,438,-1,-2,0.8995,54.34,109.62,92.80,31.42,100.00,194.00,76.00,36.00,0.0000,95.94,1,1,1.4895,LOW_CONF,0,897,3754,19393,0,0,438,0,0,0,0
265,0,1,1,ACCEPT,35.1097,3.0791,428,1,-2,0.8879,55.80,108.63,92.80,31.42,100.00,195.00,74.00,34.00,0.0000,97.02,1,1,1.6585,LOW_CONF,0,783,3818,19842,0,0,428,0,0,0,0
266,0,1,1,ACCEPT,35.7054,3.1812,439,-1,-1,0.9658,54.34,108.14,92.80,31.42,99.50,195.00,75.00,32.00,0.0000,97.90,1,1,1.4978,LOW_CONF,0,856,3738,17651,0,0,439,0,0,0,0
267,0,1,1,ACCEPT,37.3696,3.4715,427,1,0,0.9742,55.80,108.14,92.80,31.42,100.00,196.00,74.00,30.00,0.0000,98.35,1,1,1.5494,LOW_CONF,0,751,3659,18263,0,0,427,0,0,0,0
268,0,1,1,ACCEPT,35.1332,2.8993,403,-1,-1,0.9603,54.34,107.65,92.80,31.42,100.00,196.00,74.00,28.00,0.0000,99.45,1,1,1.4867,LOW_CONF,0,787,3771,17209,0,0,403,0,0,0,0
269,0,1,1,ACCEPT,36.5296,3.8095,400,1,-2,0.7875,55.80,106.66,92.80,31.42,99.50,197.00,75.00,26.00,0.0000,100.35,1,1,1.4349,LOW_CONF,0,703,3697,19070,0,0,400,0,0,0,0
270,0,1,1,ACCEPT,35.2093,3.2339,401,0,-1,0.9701,55.80,106.17,92.80,31.42,99.50,197.00,77.00,24.00,0.0000,100.80,1,1,1.4482,LOW_CONF,0,780,3693,17410,0,0,401,0,0,0,0
271,0,1,1,ACCEPT,36.0893,3.7526,364,0,1,0.9588,55.80,106.66,92.80,31.42,100.00,197.00,76.00,24.00,0.0000,100.57,1,1,1.3644,LOW_CONF,0,689,3668,17005,0,0,364,0,0,0,0
272,0,1,1,ACCEPT,34.8342,2.9758,369,0,-2,0.9268,55.80,105.68,92.80,31.42,100.50,197.00,75.00,24.00,0.0000,101.67,1,1,1.4409,LOW_CONF,0,690,3630,18519,0,0,369,0,0,0,0
273,0,1,1,ACCEPT,35.1135,3.2344,414,0,0,1.0000,55.80,105.68,92.80,31.42,101.50,198.00,75.00,22.00,0.0000,103.01,1,1,1.4523,LOW_CONF,0,747,3614,19195,0,0,414,0,0,0,0
274,0,1,1,ACCEPT,36.3967,3.2571,456,1,1,0.9518,57.25,106.17,92.80,31.42,101.50,198.00,75.00,22.00,0.0000,101.93,1,1,1.4600,LOW_CONF,0,777,3514,20803,0,0,456,0,0,0,0
275,0,1,1,ACCEPT,34.6094,3.0063,478,1,1,0.9289,58.70,106.66,92.80,31.42,102.50,198.50,75.00,21.00,0.0000,101.74,1,1,1.6376,LOW_CONF,0,857,3450,20324,0,0,478,0,0,0,0
276,0,1,1,ACCEPT,35.3903,2.8141,439,-1,-1,0.9818,57.25,106.17,92.80,31.42,102.00,198.50,76.00,21.00,0.0000,102.60,1,1,1.5546,LOW_CONF,0,808,3479,20009,0,0,439,0,0,0,0
277,0,1,1,ACCEPT,32.2479,3.1000,434,1,1,0.8917,58.70,106.66,92.80,31.42,103.00,199.50,74.00,21.00,0.0000,102.86,1,1,1.4145,LOW_CONF,0,956,3319,21375,0,0,434,0,0,0,0
278,0,1,1,ACCEPT,33.1710,3.2571,456,0,-1,0.9781,58.70,106.17,92.80,31.42,104.00,199.00,76.00,20.00,0.0000,103.29,1,1,1.4841,LOW_CONF,0,922,3417,21305,0,0,456,0,0,0,0
279,0,1,1,ACCEPT,35.3454,3.2081,478,1,1,0.9184,60.16,106.66,92.80,31.42,104.50,199.50,75.00,21.00,0.0000,102.88,1,1,1.4322,LOW_CONF,0,909,3465,21732,0,0,478,0,0,0,0
280,0,1,1,ACCEPT,35.7015,3.1958,457,0,-1,0.9825,60.16,106.17,92.80,31.42,104.50,200.00,75.00,20.00,0.0000,103.78,1,1,1.4640,LOW_CONF,0,860,3468,21642,0,0,457,0,0,0,0
281,0,1,1,ACCEPT,36.8452,3.2667,441,0,1,0.9456,60.16,106.66,92.80,31.42,105.00,200.00,74.00,20.00,0.0000,103.55,1,1,1.4626,LOW_CONF,0,779,3406,21668,0,0,441,0,0,0,0
282,0,1,1,ACCEPT,38.5356,3.3543,426,0,0,1.0000,60.16,106.66,92.80,31.42,105.00,200.00,74.00,20.00,0.0000,103.55,1,1,1.5090,LOW_CONF,0,750,3356,22102,0,0,426,0,0,0,0
283,0,1,1,ACCEPT,38.5736,3.3889,427,0,0,1.0000,60.16,106.66,92.80,31.42,104.50,200.00,75.00,20.00,0.0000,103.33,1,1,1.5360,LOW_CONF,0,750,3411,21602,0,0,427,0,0,0,0
284,0,1,1,ACCEPT,37.9207,3.2061,420,0,1,0.9929,60.16,107.16,92.80,31.42,104.50,199.50,75.00,19.00,0.0000,102.44,1,1,1.5081,LOW_CONF,0,743,3429,21399,0,0,420,0,0,0,0
285,0,1,1,ACCEPT,39.7122,3.3934,414,0,1,0.9879,60.16,107.65,92.80,31.42,104.50,200.00,75.00,20.00,0.0000,102.45,1,1,1.5078,LOW_CONF,0,714,3423,21145,0,0,414,0,0,0,0
286,0,1,1,ACCEPT,41.0192,3.4333,412,0,-1,0.9757,60.16,107.16,92.80,31.42,104.00,201.00,76.00,20.00,0.0000,103.58,1,1,1.5323,LOW_CONF,0,696,3413,21367,0,0,412,0,0,0,0
287,0,1,1,ACCEPT,39.4737,3.3200,415,0,2,0.8289,60.16,108.14,92.80,31.42,104.50,201.00,75.00,20.00,0.0000,102.90,1,1,1.4585,LOW_CONF,0,706,3386,20646,0,0,415,0,0,0,0
288,0,1,1,ACCEPT,41.7133,3.3193,395,0,1,0.9924,60.16,108.63,92.80,31.42,104.50,201.00,75.00,20.00,0.0000,102.46,1,1,1.4378,LOW_CONF,0,652,3383,20971,0,0,395,0,0,0,0
289,0,1,1,ACCEPT,40.7821,3.2712,386,0,-1,0.9663,60.16,108.14,92.80,31.42,104.50,201.50,75.00,19.00,0.0000,103.36,1,1,1.5282,LOW_CONF,0,669,3408,21306,0,0,386,0,0,0,0
290,0,1,1,ACCEPT,38.2751,2.9606,376,0,2,0.8910,60.16,109.12,92.80,31.42,104.50,202.00,75.00,20.00,0.0000,102.92,1,1,1.5681,LOW_CONF,0,720,3395,19232,0,0,376,0,0,0,0
291,0,1,1,ACCEPT,39.7905,2.8512,345,-1,0,0.9971,58.70,109.12,92.80,31.42,104.00,202.50,74.00,19.00,0.0000,103.78,1,1,1.3830,LOW_CONF,0,628,3400,18503,0,0,345,0,0,0,0
292,0,1,1,ACCEPT,39.6977,3.3571,329,0,2,0.9027,58.70,110.11,92.80,31.42,103.50,202.00,75.00,20.00,0.0000,102.23,1,1,1.3630,LOW_CONF,0,575,3316,20554,0,0,329,0,0,0,0
293,0,1,1,ACCEPT,39.0887,3.1250,350,0,1,0.9514,58.70,110.60,92.80,31.42,103.00,203.00,76.00,20.00,0.0000,102.47,1,1,1.4603,LOW_CONF,0,608,3373,21242,0,0,350,0,0,0,0
294,0,1,1,ACCEPT,39.5275,3.1593,357,-1,0,0.9888,57.25,110.60,92.80,31.42,103.00,204.00,74.00,20.00,0.0000,104.00,1,1,1.5141,LOW_CONF,0,591,3360,21139,0,0,357,0,0,0,0
295,0,1,1,ACCEPT,36.4354,3.1500,378,1,1,0.9444,58.70,111.09,92.80,31.42,103.00,203.50,74.00,21.00,0.0000,102.48,1,1,1.6953,LOW_CONF,0,581,3429,21481,0,0,378,0,0,0,0
296,0,1,1,ACCEPT,38.2619,3.7527,349,-1,2,0.8424,57.25,112.08,92.80,31.42,103.00,204.00,74.00,20.00,0.0000,102.68,1,1,1.3928,LOW_CONF,0,585,3454,19900,0,0,349,0,0,0,0
297,0,1,1,ACCEPT,37.8514,3.0348,349,1,0,0.9971,58.70,112.08,92.80,31.42,103.00,204.50,74.00,21.00,0.0000,102.49,1,1,1.7061,LOW_CONF,0,576,3382,21665,0,0,349,0,0,0,0
298,0,1,1,ACCEPT,39.5894,3.9884,343,-1,1,0.9300,57.25,112.57,92.80,31.42,102.50,204.00,75.00,22.00,0.0000,102.01,1,1,1.3612,LOW_CONF,0,570,3516,19273,0,0,343,0,0,0,0
299,0,1,1,ACCEPT,39.4885,3.5376,329,0,-1,0.9696,57.25,112.08,92.80,31.42,101.50,204.50,75.00,21.00,0.0000,102.47,1,1,1.4040,LOW_CONF,0,528,3426,20459,0,0,329,0,0,0,0
300,0,1,1,ACCEPT,39.5305,3.4000,323,0,1,0.9381,57.25,112.57,92.80,31.42,102.50,204.50,73.00,21.00,0.0000,102.46,1,1,1.4647,LOW_CONF,0,521,3427,19444,0,0,323,0,0,0,0
301,0,1,1,ACCEPT,40.0572,2.8785,308,-1,-1,0.9513,55.80,112.08,92.80,31.42,101.50,204.00,73.00,22.00,0.0000,102.66,1,1,1.4069,LOW_CONF,0,496,3514,19071,0,0,308,0,0,0,0
302,0,1,1,ACCEPT,39.7924,3.3111,298,0,1,0.9564,55.80,112.57,92.80,31.42,101.00,204.50,74.00,21.00,0.0000,102.44,1,4,1.3714,MAX_STEP,0,484,3538,19025,0,0,298,0,0,0,0
303,0,1,1,ACCEPT,39.6240,3.2111,289,0,-1,0.9862,55.80,112.08,92.80,31.42,100.50,204.00,73.00,20.00,0.0000,102.22,1,1,1.4700,LOW_CONF,0,486,3539,20017,0,0,289,0,0,0,0
304,0,1,1,ACCEPT,38.4668,2.9596,293,0,2,0.9044,55.80,113.06,92.80,31.42,100.00,204.50,72.00,21.00,0.0000,101.56,1,1,1.4799,LOW_CONF,0,491,3574,18297,0,0,293,0,0,0,0
305,0,1,1,ACCEPT,39.1770,2.8421,270,-1,0,0.9926,54.34,113.06,92.80,31.42,100.00,205.00,72.00,20.00,0.0000,102.65,1,1,1.4775,LOW_CONF,0,444,3616,18906,0,0,270,0,0,0,0
306,0,1,1,ACCEPT,41.0408,3.6341,298,1,0,0.9631,55.80,113.06,92.80,31.42,100.00,204.50,72.00,21.00,0.0000,101.56,1,1,1.5460,LOW_CONF,0,486,3541,20222,0,0,298,0,0,0,0
307,0,1,1,ACCEPT,40.3644,3.0000,285,0,1,0.9544,55.80,113.55,92.80,31.42,99.00,203.50,74.00,19.00,0.0000,99.78,1,1,1.4775,LOW_CONF,0,474,3648,18049,0,0,285,0,0,0,0
308,0,1,1,ACCEPT,42.7821,3.1310,263,0,0,1.0000,55.80,113.55,92.80,31.42,100.00,204.00,74.00,18.00,0.0000,100.67,1,1,1.5074,LOW_CONF,0,430,3608,18007,0,0,263,0,0,0,0
309,0,1,1,ACCEPT,42.7268,3.0476,256,0,0,1.0000,55.80,113.55,92.80,31.42,100.50,203.00,73.00,20.00,0.0000,99.99,1,1,1.5157,LOW_CONF,0,418,3546,18218,0,0,256,0,0,0,0
310,0,1,1,ACCEPT,42.4921,3.2152,254,0,1,0.9370,55.80,114.05,92.80,31.42,100.00,205.50,74.00,23.00,0.0000,101.58,1,1,1.4441,LOW_CONF,0,410,3547,17665,0,0,254,0,0,0,0
311,0,1,1,ACCEPT,39.2691,3.3067,248,0,3,0.7742,55.80,115.52,92.80,31.42,101.00,205.00,74.00,24.00,0.0000,100.25,1,1,1.3512,LOW_CONF,0,400,3574,17161,0,0,248,0,0,0,0
312,0,1,1,ACCEPT,41.2682,3.3944,241,0,-1,0.9627,55.80,115.03,92.80,31.42,101.50,204.00,73.00,26.00,0.0000,100.02,1,1,1.3937,LOW_CONF,0,416,3557,18723,0,0,241,0,0,0,0
313,0,1,1,ACCEPT,38.4966,2.9438,262,1,2,0.8588,57.25,116.02,92.80,31.42,101.00,204.50,74.00,25.00,0.0000,98.71,1,1,1.5247,LOW_CONF,0,453,3494,17056,0,0,262,0,0,0,0
314,0,1,1,ACCEPT,40.8112,3.5224,236,0,1,0.9237,57.25,116.51,92.80,31.42,101.00,203.50,74.00,25.00,0.0000,97.37,1,1,1.4337,LOW_CONF,0,398,3504,16052,0,0,236,0,0,0,0
315,0,1,1,ACCEPT,42.9467,3.7097,230,0,0,1.0000,57.25,116.51,92.80,31.42,101.50,201.50,73.00,25.00,0.0000,95.82,1,1,1.4341,LOW_CONF,0,367,3497,16548,0,0,230,0,0,0,0
316,0,1,1,ACCEPT,40.1437,3.1622,234,0,1,0.9915,57.25,117.00,92.80,31.42,101.50,200.50,75.00,27.00,0.0000,94.50,1,1,1.4034,LOW_CONF,0,378,3521,16202,0,0,234,0,0,0,0
317,0,1,1,ACCEPT,39.7466,3.0526,232,0,1,0.9526,57.25,117.49,92.80,31.42,101.50,199.00,73.00,28.00,0.0000,92.74,1,1,1.3917,LOW_CONF,0,390,3537,16082,0,0,232,0,0,0,0
318,0,1,1,ACCEPT,38.2388,2.7727,244,1,1,0.9303,58.70,117.98,92.80,31.42,103.00,200.00,72.00,30.00,0.0000,93.21,1,1,1.7253,LOW_CONF,0,423,3518,15575,0,0,244,0,0,0,0
319,0,1,1,ACCEPT,38.6064,3.4308,223,-1,0,0.9641,57.25,117.98,92.80,31.42,103.50,198.50,71.00,31.00,0.0000,92.85,1,1,1.3745,LOW_CONF,0,392,3589,13730,0,0,223,0,0,0,0
320,0,1,1,ACCEPT,40.5773,2.7532,212,1,0,0.9953,58.70,117.98,92.80,31.42,105.00,199.00,68.00,36.00,0.0000,93.31,1,1,1.7333,LOW_CONF,0,354,3555,15214,0,0,212,0,0,0,0
321,0,1,1,ACCEPT,39.9473,3.2090,215,-1,1,0.9628,57.25,118.48,92.80,31.42,105.50,199.00,65.00,38.00,0.0000,93.87,1,1,1.4083,LOW_CONF,0,378,3618,13236,0,0,215,0,0,0,0
322,0,1,1,ACCEPT,40.8057,2.9028,209,1,1,0.9426,58.70,118.97,92.80,31.42,106.50,198.50,63.00,49.00,0.0000,92.79,1,1,1.7064,LOW_CONF,0,329,3496,14738,0,0,209,0,0,0,0
323,0,1,1,ACCEPT,38.8487,3.2188,206,-1,0,0.9709,57.25,118.97,92.80,31.42,108.00,196.00,62.00,52.00,0.0000,92.25,1,1,1.4044,LOW_CONF,0,346,3587,12218,0,0,206,0,0,0,0
324,0,1,1,ACCEPT,39.7913,2.7606,196,1,1,0.9694,58.70,119.46,92.80,31.42,108.50,196.00,61.00,50.00,0.0000,91.31,1,1,1.7094,LOW_CONF,0,309,3589,13591,0,0,196,0,0,0,0
325,0,1,1,ACCEPT,40.6871,3.0725,212,-1,3,0.7925,57.25,120.94,92.80,31.42,108.50,192.00,61.00,52.00,0.0000,87.62,1,1,1.4121,LOW_CONF,0,361,3577,11492,0,0,212,0,0,0,0
326,0,1,1,ACCEPT,39.8217,3.3750,189,1,0,0.9683,58.70,120.94,92.80,31.42,107.00,189.00,62.00,52.00,0.0000,83.46,1,1,1.6240,LOW_CONF,0,294,3542,13533,0,0,189,0,0,0,0
327,0,1,1,ACCEPT,41.0826,3.0606,202,-1,1,0.9505,57.25,121.43,92.80,31.42,106.50,188.50,63.00,51.00,0.0000,83.21,1,1,1.4737,LOW_CONF,0,326,3613,11387,0,0,202,0,0,0,0
328,0,1,1,ACCEPT,38.5762,3.0806,191,1,3,0.6021,58.70,122.91,92.80,31.42,105.50,189.00,63.00,50.00,0.0000,80.98,1,1,1.6075,LOW_CONF,0,302,3562,11770,0,0,191,0,0,0,0
329,0,1,1,ACCEPT,39.3960,2.9344,179,-1,3,0.7989,57.25,124.38,92.80,31.42,104.50,188.00,61.00,48.00,0.0000,79.24,1,1,1.5130,LOW_CONF,0,292,3583,9902,0,0,179,0,0,0,0
330,0,1,1,ACCEPT,40.9695,3.2692,170,1,2,0.8118,58.70,125.37,92.80,31.42,103.50,186.50,59.00,47.00,0.0000,75.79,1,1,1.5826,LOW_CONF,0,260,3471,10189,0,0,170,0,0,0,0
331,0,1,1,ACCEPT,39.1444,2.7627,163,0,4,0.5031,58.70,127.34,92.80,31.42,104.00,181.00,60.00,42.00,0.0000,70.23,1,1,1.5144,LOW_CONF,0,292,3519,8988,0,0,163,0,0,0,0
332,0,1,1,ACCEPT,37.5163,2.8039,143,0,5,0.3566,58.70,129.80,92.80,31.42,104.00,176.50,60.00,31.00,0.0000,65.06,1,1,1.5033,LOW_CONF,0,260,3433,8703,0,0,143,0,0,0,0
333,0,1,1,ACCEPT,38.7031,2.8298,133,0,2,0.8496,58.70,130.78,92.80,31.42,103.50,176.50,61.00,35.00,0.0000,64.01,1,1,1.5186,LOW_CONF,0,234,3478,8217,0,0,133,0,0,0,0
334,0,1,1,ACCEPT,37.6249,2.8409,125,0,6,0.2400,58.70,133.73,92.80,31.42,104.00,175.50,62.00,43.00,0.0000,61.61,1,1,1.5628,LOW_CONF,0,231,3545,7341,0,0,125,0,0,0,0
335,0,1,1,ACCEPT,37.5826,2.7857,117,0,7,0.1197,58.70,137.18,92.80,31.42,101.50,174.00,61.00,52.00,0.0282,56.46,1,1,1.5809,LOW_CONF,0,211,3557,6946,0,0,117,0,0,0,0
336,0,1,1,ACCEPT,35.2661,2.9211,111,0,5,0.3423,58.70,139.64,92.80,31.42,102.00,173.00,64.00,52.00,0.0493,54.66,1,1,1.5325,LOW_CONF,0,223,3504,7054,0,0,111,0,0,0,0
337,0,1,1,ACCEPT,27.0074,2.8649,106,0,7,0.1509,58.70,143.09,92.80,31.42,99.50,170.50,61.00,55.00,0.1000,49.15,1,1,1.5177,LOW_CONF,0,279,3440,6100,0,0,106,0,0,0,0
338,0,1,1,ACCEPT,17.6514,2.5405,94,0,10,0.1489,58.70,148.01,92.80,31.42,97.50,170.50,59.00,49.00,0.1277,44.85,1,1,1.7217,LOW_CONF,0,366,3319,5426,0,0,94,0,0,0,0
339,0,1,1,ACCEPT,18.3032,2.5854,106,1,4,0.5849,60.16,149.98,92.80,31.42,97.00,169.00,60.00,48.00,0.1644,41.47,1,1,1.6242,LOW_CONF,0,314,3262,5616,0,0,106,0,0,0,0
340,0,1,1,ACCEPT,13.1275,2.8182,93,0,9,0.0753,60.16,154.41,92.80,31.42,97.50,166.50,61.00,37.00,0.2035,39.25,1,5,1.4935,MAX_STEP,0,311,3278,7271,0,0,93,0,0,0,0
341,0,1,1,ACCEPT,14.1101,2.9756,122,0,12,0.0574,60.16,160.31,92.80,31.42,99.00,163.00,62.00,30.00,0.2924,38.94,1,0,1.5930,LOW_CONF,0,449,3237,9533,0,0,122,0,0,0,0
342,0,1,1,ACCEPT,15.2020,2.7595,218,1,6,0.2936,61.61,163.27,92.80,31.42,99.50,160.50,63.00,25.00,0.2866,37.99,1,1,1.8586,LOW_CONF,0,795,3397,11340,0,0,218,0,0,0,0
343,0,1,1,ACCEPT,10.1063,1.8273,201,0,15,0.2537,61.61,170.65,92.80,31.42,100.50,163.00,63.00,26.00,0.2201,39.64,1,1,1.5833,LOW_CONF,0,918,3438,10677,0,0,201,0,0,0,0
344,0,1,1,ACCEPT,13.4312,2.2421,213,0,14,0.2394,61.61,177.54,92.80,31.42,100.50,162.50,65.00,39.00,0.1738,41.70,1,1,1.4706,LOW_CONF,0,742,3437,8619,0,0,213,0,0,0,0
345,0,1,1,ACCEPT,20.1075,3.0897,241,0,5,0.3817,61.61,180.00,92.80,31.42,99.50,163.00,65.00,40.00,0.1616,41.53,1,1,1.5143,LOW_CONF,0,611,3523,7960,0,0,241,0,0,0,0
346,0,1,1,ACCEPT,17.8574,2.5972,187,1,13,0.2353,63.06,186.40,92.80,31.42,98.00,160.50,68.00,51.00,0.1224,43.49,1,1,1.5409,LOW_CONF,0,518,3431,6565,0,0,187,0,0,0,0
347,0,1,1,ACCEPT,18.2636,2.5323,157,1,16,0.1911,64.52,194.27,92.80,31.42,95.00,161.50,70.00,57.00,0.0921,44.76,1,1,1.6309,LOW_CONF,0,477,3436,5933,0,0,157,0,0,0,0
348,0,1,1,ACCEPT,22.2013,2.7818,153,0,8,0.2092,64.52,198.21,92.80,31.42,92.50,163.00,77.00,54.00,0.0642,44.98,1,1,1.5091,LOW_CONF,0,431,3659,4926,0,0,153,0,0,0,0
349,0,1,1,ACCEPT,21.0345,2.6957,124,1,15,0.2016,65.97,205.59,92.80,31.42,91.00,165.00,80.00,46.00,0.0000,47.69,1,1,1.7510,LOW_CONF,0,361,3525,4781,0,0,124,0,0,0,0
350,0,1,1,ACCEPT,21.6531,2.6364,116,1,15,0.1724,67.42,212.98,92.80,31.42,86.50,165.00,83.00,42.00,0.0000,51.63,1,1,1.8597,LOW_CONF,0,340,3520,4452,0,0,116,0,0,0,0
351,0,1,1,ACCEPT,22.7792,2.4667,111,0,10,0.1532,67.42,217.90,92.80,31.42,85.50,166.50,85.00,41.00,0.0000,54.49,1,1,1.6736,LOW_CONF,0,317,3603,4034,0,0,111,0,0,0,0
352,0,1,1,ACCEPT,18.9901,2.1818,96,1,18,0.1354,68.88,226.76,92.80,31.42,83.50,169.00,83.00,40.00,0.0000,59.58,1,1,1.7787,LOW_CONF,0,301,3627,3883,0,0,96,0,0,0,0
353,0,1,1,ACCEPT,18.9367,2.1250,85,1,20,0.1765,70.33,236.60,92.80,31.42,83.00,172.00,86.00,42.00,0.0000,65.83,1,1,1.8595,LOW_CONF,0,279,3533,3717,0,0,85,0,0,0,0
354,0,1,1,ACCEPT,25.1725,2.5000,95,0,10,0.0842,70.33,241.52,92.80,31.42,83.00,172.50,82.00,41.00,0.0000,70.18,1,1,1.6761,LOW_CONF,0,251,3364,4033,0,0,95,0,0,0,0
355,0,1,1,ACCEPT,21.5768,2.1190,89,1,17,0.1348,71.78,249.89,92.80,31.42,80.00,173.00,82.00,42.00,0.0000,77.33,1,1,1.9400,LOW_CONF,0,264,3341,3607,0,0,89,0,0,0,0
356,0,1,1,ACCEPT,20.7118,2.2286,78,0,19,0.1026,71.78,259.24,92.80,31.42,80.50,173.00,81.00,42.00,0.0000,86.68,1,1,1.6449,LOW_CONF,0,243,3364,3460,0,0,78,0,0,0,0
357,0,1,1,ACCEPT,25.9578,2.4167,87,0,10,0.0575,71.78,264.16,92.80,31.42,82.50,173.50,77.00,41.00,0.0000,91.30,1,1,1.4980,LOW_CONF,0,226,3356,3693,0,0,87,0,0,0,0
358,0,1,1,ACCEPT,25.0851,2.3784,88,1,17,0.0568,73.23,272.53,92.80,31.42,84.50,174.00,73.00,42.00,0.0000,99.17,1,1,1.7141,LOW_CONF,0,236,3361,3599,0,0,88,0,0,0,0
359,0,1,1,ACCEPT,25.1340,2.5455,84,0,16,0.0595,73.23,280.41,92.80,31.42,86.50,176.00,67.00,44.00,0.0000,105.25,1,1,1.5461,LOW_CONF,0,224,3309,3712,0,0,84,0,0,0,0
360,0,1,1,ACCEPT,28.8665,2.8182,93,1,10,0.0215,74.69,285.33,92.80,31.42,88.00,176.50,66.00,43.00,0.0000,109.64,1,1,1.8153,LOW_CONF,0,221,3271,4275,0,0,93,0,0,0,0
361,0,1,1,ACCEPT,25.7036,2.4324,90,0,16,0.0667,74.69,293.20,92.80,31.42,90.50,178.50,61.00,43.00,0.0000,115.79,1,1,1.6080,LOW_CONF,0,235,3393,4011,0,0,90,0,0,0,0
362,0,1,1,ACCEPT,28.0899,2.5556,92,1,15,0.0435,76.14,300.59,92.80,31.42,93.00,180.00,58.00,44.00,0.0000,121.76,1,1,1.7412,LOW_CONF,0,222,3423,4189,0,0,92,0,0,0,0
363,0,1,1,ACCEPT,29.1007,3.1250,100,0,7,0.1600,76.14,304.03,92.80,31.42,95.50,180.50,57.00,43.00,0.0000,125.04,1,1,1.5950,LOW_CONF,0,226,3456,4118,0,0,100,0,0,0,0
364,0,1,1,ACCEPT,21.8166,2.2571,79,1,16,0.0506,77.59,311.91,92.80,31.42,100.00,182.00,58.00,44.00,0.0000,131.82,1,1,1.8097,LOW_CONF,0,223,3379,4091,0,0,79,0,0,0,0
365,0,1,1,ACCEPT,16.5400,1.6000,56,0,15,0.0357,77.59,319.29,92.80,31.42,104.50,183.50,57.00,43.00,0.0000,138.43,1,1,1.6011,LOW_CONF,0,204,3500,3587,0,0,56,0,0,0,0
366,0,1,1,ACCEPT,15.9515,1.8077,47,0,10,0.1702,77.59,324.21,92.80,31.42,105.50,185.00,55.00,46.00,0.0000,141.98,1,1,1.5752,LOW_CONF,0,182,3675,3138,0,0,47,0,0,0,0
367,0,1,1,ACCEPT,10.0961,1.5000,27,0,15,0.3333,77.59,331.59,92.80,31.42,107.50,189.50,49.00,53.00,0.0000,145.21,1,2,1.5925,LOW_CONF,0,167,3602,2488,0,0,27,0,0,0,0
368,0,1,1,ACCEPT,8.5063,1.1333,17,1,15,0.5294,79.05,338.98,92.80,31.42,108.00,194.00,46.00,60.00,0.0000,147.84,1,1,1.6520,LOW_CONF,0,127,3811,1801,0,0,17,0,0,0,0
369,0,1,1,ACCEPT,7.3081,1.0000,11,0,5,0.7273,79.05,341.44,92.80,31.42,107.00,197.00,42.00,60.00,0.0000,147.12,1,1,1.5117,LOW_CONF,0,97,3926,1556,0,0,11,0,0,0,0
370,0,1,1,ACCEPT,6.8249,1.0000,8,0,3,0.7500,79.05,342.91,92.80,31.42,109.00,205.00,38.00,56.00,0.0000,141.13,1,1,1.5598,LOW_CONF,0,70,3674,1474,0,0,8,0,0,0,0
371,0,1,1,ACCEPT,7.2374,1.0000,9,0,4,0.7778,79.05,344.88,92.80,31.42,108.00,209.00,40.00,48.00,0.0000,138.93,1,2,1.5916,LOW_CONF,0,72,3904,1683,0,0,9,0,0,0,0
372,0,1,0,NEGATIVE_PEAK,-5.5309,1.0000,-10,-11,0,0.7000,79.05,344.88,92.80,31.42,105.00,211.50,48.00,53.00,0.0000,135.88,0,0,0.0000,NOT_RUN,0,113,3884,0,0,0,10,0,0,0,0
373,0,1,0,NEGATIVE_PEAK,-5.2423,1.0000,-10,-11,0,0.6000,79.05,344.88,92.80,31.42,95.00,210.00,58.00,44.00,0.0000,135.82,0,0,0.0000,NOT_RUN,0,127,3520,0,0,0,10,0,0,0,0
374,0,1,0,NEGATIVE_PEAK,-5.2007,1.0000,-10,-11,0,0.6000,79.05,344.88,92.80,31.42,89.50,210.50,69.00,47.00,0.0000,134.79,0,0,0.0000,NOT_RUN,0,125,3726,0,0,0,10,0,0,0,0
375,0,1,0,NEGATIVE_PEAK,-5.2154,1.0000,-10,-11,0,0.6000,79.05,344.88,92.80,31.42,87.50,207.50,71.00,47.00,0.0000,137.64,0,0,0.0000,NOT_RUN,0,120,3716,0,0,0,10,0,0,0,0
376,0,1,0,NEGATIVE_PEAK,-5.0770,1.0000,-9,-12,0,0.5556,79.05,344.88,92.80,31.42,87.50,212.00,71.00,50.00,0.0000,133.15,0,0,0.0000,NOT_RUN,0,114,3356,0,0,0,9,0,0,0,0
377,0,1,0,NEGATIVE_PEAK,-5.1298,1.0000,-11,-12,0,0.6364,79.05,344.88,92.80,31.42,85.00,208.50,76.00,39.00,0.0000,136.51,0,0,0.0000,NOT_RUN,0,141,3835,0,0,0,11,0,0,0,0
378,0,1,0,NEGATIVE_PEAK,-5.1118,1.0000,-11,-12,0,0.6364,79.05,344.88,92.80,31.42,85.50,206.00,73.00,32.00,0.0000,139.03,0,0,0.0000,NOT_RUN,0,139,4035,0,0,0,11,0,0,0,0
379,0,1,0,NEGATIVE_PEAK,-5.0990,1.0000,-11,-12,0,0.6364,79.05,344.88,92.80,31.42,85.00,204.50,72.00,39.00,0.0000,140.51,0,0,0.0000,NOT_RUN,0,141,4064,0,0,0,11,0,0,0,0
380,0,1,0,NEGATIVE_PEAK,-5.3424,1.1000,-11,-11,0,0.5455,79.05,344.88,92.80,31.42,88.00,204.00,64.00,48.00,0.0000,141.17,0,0,0.0000,NOT_RUN,0,129,4142,0,0,0,11,0,0,0,0
381,0,1,1,ACCEPT,5.4540,1.0000,10,-1,5,0.7000,77.59,347.34,92.80,31.42,91.00,202.50,54.00,47.00,0.0000,145.46,1,7,1.2289,MAX_STEP,0,138,4684,1351,0,0,10,0,0,0,0
382,0,1,1,ACCEPT,6.8682,1.0000,8,0,4,0.7500,77.59,349.31,92.80,31.42,92.00,205.00,36.00,42.00,0.0000,145.03,1,1,1.5862,LOW_CONF,0,86,4572,1398,0,0,8,0,0,0,0
383,0,1,1,ACCEPT,7.1985,1.0000,8,0,4,0.6250,77.59,351.28,92.80,31.42,94.00,207.50,36.00,41.00,0.0000,144.71,1,1,1.6559,LOW_CONF,0,78,4317,1447,0,0,8,0,0,0,0
384,0,1,1,ACCEPT,6.9482,1.0000,8,0,4,0.7500,77.59,353.25,92.80,31.42,94.00,208.00,40.00,40.00,0.0000,146.17,1,1,1.6409,LOW_CONF,0,82,3972,1446,0,0,8,0,0,0,0
385,0,1,1,ACCEPT,6.5078,1.0000,7,0,3,0.7143,77.59,354.73,92.80,31.42,90.50,206.50,49.00,33.00,0.0000,148.79,1,1,1.6376,LOW_CONF,0,75,3880,1473,0,0,7,0,0,0,0
386,0,1,1,ACCEPT,7.3712,1.1429,8,0,5,0.7500,77.59,357.19,92.80,31.42,83.50,204.50,65.00,25.00,0.0000,152.80,1,1,1.6069,LOW_CONF,0,70,4338,1440,0,0,8,0,0,0,0
387,0,1,1,ACCEPT,7.2044,1.1429,8,0,4,0.7500,77.59,359.16,92.80,31.42,83.00,204.00,66.00,20.00,0.0000,155.25,1,1,1.6413,LOW_CONF,0,72,4367,1484,0,0,8,0,0,0,0
388,0,1,1,ACCEPT,7.2690,1.1429,8,0,5,0.7500,77.59,361.62,92.80,31.42,78.50,203.50,71.00,15.00,0.0000,158.12,1,0,1.5435,LOW_CONF,0,75,4038,1494,0,0,8,0,0,0,0
389,0,1,1,ACCEPT,7.6321,1.1250,9,1,5,0.6667,79.05,364.08,92.80,31.42,74.00,201.00,72.00,22.00,0.0000,163.16,1,0,1.5584,LOW_CONF,0,79,3855,1625,0,0,9,0,0,0,0
390,0,1,1,ACCEPT,6.8426,1.0000,8,0,3,0.7500,79.05,365.55,92.80,31.42,73.00,200.00,66.00,24.00,0.0000,165.67,1,0,1.5088,LOW_CONF,0,78,3909,1627,0,0,8,0,0,0,0
391,0,1,1,ACCEPT,6.9697,1.0000,8,1,3,0.6250,80.50,367.03,92.80,31.42,68.50,200.50,59.00,35.00,0.0000,166.96,1,0,1.4856,LOW_CONF,0,74,3910,1605,0,0,8,0,0,0,0
392,0,1,1,ACCEPT,7.6845,1.1250,9,2,5,0.5556,83.41,369.49,92.80,31.42,65.00,201.00,50.00,46.00,0.0000,169.49,1,1,1.5604,LOW_CONF,0,78,3977,1681,0,0,9,0,0,0,0
393,0,1,1,ACCEPT,7.6460,1.1250,9,1,3,0.6667,84.86,370.97,92.80,31.42,65.00,202.00,42.00,52.00,0.0000,170.13,1,1,1.7300,LOW_CONF,0,75,3929,1663,0,0,9,0,0,0,0
394,0,1,1,ACCEPT,7.9995,1.1250,9,1,5,0.6667,86.31,373.43,92.80,31.42,61.50,202.00,29.00,56.00,0.0000,173.22,1,1,1.7142,LOW_CONF,0,73,3751,1680,0,0,9,0,0,0,0
395,0,1,1,ACCEPT,7.6414,1.2857,9,1,5,0.6667,87.77,375.89,92.80,31.42,53.50,201.50,17.00,57.00,0.0000,177.73,1,1,1.6905,LOW_CONF,0,81,3789,1808,0,0,9,0,0,0,0
396,0,1,1,ACCEPT,6.7962,1.1429,8,0,3,0.7500,87.77,377.37,92.80,31.42,53.00,199.50,16.00,53.00,0.0000,181.23,1,1,1.5974,LOW_CONF,0,83,4040,1786,0,0,8,0,0,0,0
397,0,1,1,ACCEPT,6.8614,1.1429,8,0,5,0.6250,87.77,379.83,92.80,31.42,49.50,197.50,29.00,55.00,0.0000,186.30,1,0,1.4231,LOW_CONF,0,83,3892,1774,0,0,8,0,0,0,0
398,0,1,1,ACCEPT,7.0964,1.1429,8,1,3,0.6250,89.22,381.30,92.80,31.42,46.00,195.50,42.00,49.00,0.0000,190.76,1,0,1.2742,LOW_CONF,0,77,3801,1647,0,0,8,0,0,0,0
399,0,1,1,ACCEPT,7.4075,1.1429,8,1,3,0.6250,90.67,382.78,92.80,31.42,45.50,193.50,47.00,43.00,0.0000,194.60,1,5,1.3975,MAX_STEP,0,73,3787,1563,0,0,8,0,0,0,0
400,0,1,1,ACCEPT,8.0436,1.3333,8,1,5,0.6250,92.12,385.24,92.80,31.42,45.50,191.00,57.00,34.00,0.0000,199.76,1,5,1.4400,MAX_STEP,0,66,3537,1564,0,0,8,0,0,0,0
401,0,1,1,ACCEPT,7.4067,1.1667,7,0,5,0.5714,92.12,387.70,92.80,31.42,45.00,186.50,60.00,25.00,0.0000,206.65,1,5,1.2526,MAX_STEP,0,65,3450,1553,0,0,7,0,0,0,0
402,0,1,1,ACCEPT,7.4711,1.1667,7,0,5,0.5714,92.12,390.16,92.80,31.42,45.00,185.50,60.00,23.00,0.0000,210.02,1,4,1.1795,MAX_STEP,0,61,3437,1462,0,0,7,0,0,0,0
403,0,1,1,ACCEPT,7.9980,1.4000,7,1,5,0.4286,93.58,392.62,92.80,31.42,46.00,184.00,60.00,16.00,0.0000,213.98,1,5,1.2516,MAX_STEP,0,56,3197,1383,0,0,7,0,0,0,0
404,0,1,1,ACCEPT,7.1567,1.2000,6,0,5,0.5000,93.58,395.09,92.80,31.42,48.00,183.50,56.00,19.00,0.0000,216.44,1,0,1.0886,LOW_CONF,0,57,3455,1258,0,0,6,0,0,0,0
405,0,1,1,ACCEPT,7.4656,1.2000,6,0,5,0.5000,93.58,397.55,92.80,31.42,48.50,182.50,51.00,21.00,0.0000,219.72,1,0,1.1844,LOW_CONF,0,53,3410,1158,0,0,6,0,0,0,0
406,0,1,1,ACCEPT,7.4926,1.2000,6,1,3,0.5000,95.03,399.02,92.80,31.42,53.50,176.50,41.00,25.00,0.0000,226.37,1,1,1.4035,LOW_CONF,0,51,3227,1132,0,0,6,0,0,0,0
407,0,1,1,ACCEPT,6.7158,1.2500,5,0,3,0.6000,95.03,400.50,92.80,31.42,61.00,172.00,22.00,32.00,0.0000,231.02,1,0,1.3507,LOW_CONF,0,45,3337,1002,0,0,5,0,0,0,0
408,0,1,1,ACCEPT,7.4253,1.6667,5,1,5,0.4000,96.48,402.96,92.80,31.42,60.50,174.00,23.00,30.00,0.0000,231.77,1,1,1.5544,LOW_CONF,0,40,3391,950,0,0,5,0,0,0,0
409,0,1,1,ACCEPT,6.3407,1.3333,4,0,3,0.5000,96.48,404.44,92.80,31.42,65.00,176.00,14.00,28.00,0.0000,230.60,1,1,1.4271,LOW_CONF,0,40,3469,955,0,0,4,0,0,0,0
410,0,1,1,ACCEPT,6.5028,1.3333,4,0,3,0.5000,96.48,405.91,92.80,31.42,73.50,179.00,33.00,30.00,0.0000,228.08,1,0,1.3553,LOW_CONF,0,37,3557,871,0,0,4,0,0,0,0
411,0,1,1,ACCEPT,6.8329,1.3333,4,0,5,0.5000,96.48,408.38,92.80,31.42,78.00,178.50,38.00,33.00,0.0000,230.62,1,6,1.3031,MAX_STEP,0,33,3474,881,0,0,4,0,0,0,0
412,0,1,1,ACCEPT,7.0137,1.3333,4,1,5,0.5000,97.94,410.84,92.80,31.42,82.50,177.50,49.00,23.00,0.0000,233.85,1,4,1.4498,MAX_STEP,0,33,3549,813,0,0,4,0,0,0,0
413,0,1,1,ACCEPT,7.1544,1.3333,4,1,5,0.2500,99.39,413.30,92.80,31.42,85.00,184.00,60.00,28.00,0.0000,229.75,1,1,1.5703,LOW_CONF,0,32,3928,716,0,0,4,0,0,0,0
414,0,1,1,ACCEPT,5.8918,1.5000,3,0,3,0.3333,99.39,414.77,92.80,31.42,87.50,184.00,65.00,30.00,0.0000,231.08,1,1,1.5131,LOW_CONF,0,28,3576,727,0,0,3,0,0,0,0
415,0,1,1,ACCEPT,5.9838,1.0000,3,0,5,0.3333,99.39,417.23,92.80,31.42,94.50,179.50,63.00,31.00,0.0000,237.78,1,1,1.4873,LOW_CONF,0,28,3378,744,0,0,3,0,0,0,0
416,0,1,1,ACCEPT,6.0121,1.5000,3,0,5,0.3333,99.39,419.70,92.80,31.42,97.50,177.50,59.00,31.00,0.0000,242.20,1,1,1.5130,LOW_CONF,0,28,3423,688,0,0,3,0,0,0,0
417,0,1,1,ACCEPT,6.3556,1.5000,3,1,5,0.3333,100.84,422.16,92.80,31.42,97.50,174.00,59.00,26.00,0.0000,248.18,1,1,1.7460,LOW_CONF,0,23,3565,639,0,0,3,0,0,0,0
418,0,1,0,LOW_PSR,4.6162,1.0000,2,0,3,0.0000,100.84,422.16,92.80,31.42,98.00,175.50,54.00,27.00,0.0000,246.67,0,0,0.0000,NOT_RUN,0,23,3952,0,0,0,3,0,0,0,0
419,0,1,0,LOW_PSR,4.7128,1.0000,2,0,3,0.5000,100.84,422.16,92.80,31.42,94.50,177.00,53.00,30.00,0.0000,245.24,0,0,0.0000,NOT_RUN,0,21,3950,0,0,0,3,0,0,0,0
420,0,1,0,LOW_PSR,4.7497,1.0000,2,0,3,0.0000,100.84,422.16,92.80,31.42,92.50,177.00,49.00,34.00,0.0000,245.30,0,0,0.0000,NOT_RUN,0,20,4050,0,0,0,3,0,0,0,0
421,0,1,0,LOW_PSR,4.6661,1.0000,2,0,3,0.0000,100.84,422.16,92.80,31.42,90.50,178.00,35.00,40.00,0.0000,244.38,0,0,0.0000,NOT_RUN,0,21,4282,0,0,0,3,0,0,0,0
422,0,1,0,LOW_PSR,4.5934,1.0000,2,0,3,0.0000,100.84,422.16,92.80,31.42,85.50,180.00,27.00,42.00,0.0000,242.64,0,0,0.0000,NOT_RUN,0,22,4327,0,0,0,3,0,0,0,0
423,0,1,0,LOW_PSR,4.6292,1.0000,2,0,3,0.0000,100.84,422.16,92.80,31.42,83.00,180.50,22.00,43.00,0.0000,242.31,0,0,0.0000,NOT_RUN,0,22,4239,0,0,0,3,0,0,0,0
424,0,1,0,LOW_PSR,4.6987,1.0000,2,0,4,0.0000,100.84,422.16,92.80,31.42,79.00,178.00,26.00,36.00,0.0000,245.13,0,0,0.0000,NOT_RUN,0,22,3959,0,0,0,3,0,0,0,0
425,0,1,0,LOW_PSR,4.6074,1.0000,2,0,3,0.0000,100.84,422.16,92.80,31.42,74.00,175.50,42.00,31.00,0.0000,248.11,0,0,0.0000,NOT_RUN,0,23,3816,0,0,0,3,0,0,0,0
426,0,1,0,LOW_PSR,4.6954,1.0000,2,0,5,0.0000,100.84,422.16,92.80,31.42,73.00,175.50,48.00,31.00,0.0000,248.22,0,0,0.0000,NOT_RUN,0,24,3723,0,0,0,3,0,0,0,0
427,0,1,0,LOW_PSR,4.8035,1.0000,2,0,6,0.0000,100.84,422.16,92.80,31.42,71.50,170.00,57.00,24.00,0.0000,253.86,0,0,0.0000,NOT_RUN,0,25,4015,0,0,0,2,0,0,0,0
428,0,1,0,LOW_PSR,4.7560,1.0000,2,0,5,0.0000,100.84,422.16,92.80,31.42,71.50,166.00,59.00,18.00,0.0000,257.83,0,0,0.0000,NOT_RUN,0,24,3959,0,0,0,2,0,0,0,0
429,0,1,0,LOW_PSR,4.6866,1.0000,2,0,3,0.0000,100.84,422.16,92.80,31.42,73.50,163.00,55.00,22.00,0.0000,260.59,0,0,0.0000,NOT_RUN,0,24,3826,0,0,0,3,0,0,0,0
430,0,1,0,LOW_PSR,4.7010,1.0000,2,0,3,0.0000,100.84,422.16,92.80,31.42,77.00,161.00,50.00,24.00,0.0000,262.24,0,0,0.0000,NOT_RUN,0,23,3617,0,0,0,3,0,0,0,0
431,0,1,0,LOW_PSR,4.6436,1.0000,2,0,3,0.0000,100.84,422.16,92.80,31.42,80.00,158.00,42.00,32.00,0.0000,264.98,0,0,0.0000,NOT_RUN,0,24,3826,0,0,0,3,0,0,0,0
432,0,1,0,LOW_PSR,4.6341,1.0000,2,0,3,0.0000,100.84,422.16,92.80,31.42,82.00,157.50,38.00,35.00,0.0000,265.33,0,0,0.0000,NOT_RUN,0,24,3817,0,0,0,3,0,0,0,0
433,0,1,0,LOW_PSR,4.6594,1.0000,2,0,5,0.0000,100.84,422.16,92.80,31.42,87.50,157.00,23.00,38.00,0.0000,265.49,0,0,0.0000,NOT_RUN,0,24,3872,0,0,0,3,0,0,0,0
434,0,1,0,LOW_PSR,4.7294,1.0000,2,0,5,0.0000,100.84,422.16,92.80,31.42,92.50,159.00,27.00,46.00,0.0000,263.29,0,0,0.0000,NOT_RUN,0,23,3837,0,0,0,2,0,0,0,0
435,0,1,0,LOW_PSR,4.7102,1.0000,2,0,5,0.0000,100.84,422.16,92.80,31.42,97.00,160.50,32.00,47.00,0.0000,261.68,0,0,0.0000,NOT_RUN,0,24,4004,0,0,0,3,0,0,0,0
436,0,1,0,LOW_PSR,4.6885,1.0000,2,0,5,0.0000,100.84,422.16,92.80,31.42,99.50,161.50,33.00,47.00,0.0000,260.66,0,0,0.0000,NOT_RUN,0,23,3825,0,0,0,3,0,0,0,0
437,0,1,0,LOW_PSR,4.7089,1.0000,2,0,5,0.0000,100.84,422.16,92.80,31.42,99.00,159.00,34.00,44.00,0.0000,263.16,0,0,0.0000,NOT_RUN,0,23,3952,0,0,0,3,0,0,0,0
438,0,1,0,LOW_PSR,4.6828,1.0000,2,0,5,0.0000,100.84,422.16,92.80,31.42,98.00,158.50,34.00,41.00,0.0000,263.67,0,0,0.0000,NOT_RUN,0,23,4057,0,0,0,3,0,0,0,0
439,0,1,0,NEGATIVE_PEAK,-2.4761,1.0000,-2,4,-2,0.0000,100.84,422.16,92.80,31.42,96.00,158.00,32.00,36.00,0.0000,264.20,0,0,0.0000,NOT_RUN,0,24,4162,0,0,0,3,0,0,0,0
440,0,1,0,NEGATIVE_PEAK,-2.5008,1.0000,-2,4,0,0.0000,100.84,422.16,92.80,31.42,95.00,158.00,36.00,34.00,0.0000,264.22,0,0,0.0000,NOT_RUN,0,24,4307,0,0,0,3,0,0,0,0
441,0,1,0,NEGATIVE_PEAK,-2.4943,1.0000,-2,4,-3,0.0000,100.84,422.16,92.80,31.42,94.50,157.50,35.00,33.00,0.0000,264.73,0,0,0.0000,NOT_RUN,0,23,4209,0,0,0,3,0,0,0,0
442,0,1,0,NEGATIVE_PEAK,-2.4553,1.0000,-2,3,-2,0.0000,100.84,422.16,92.80,31.42,93.50,158.50,35.00,29.00,0.0000,263.76,0,0,0.0000,NOT_RUN,0,24,4481,0,0,0,3,0,0,0,0
443,0,1,0,NEGATIVE_PEAK,-2.4527,1.0000,-2,2,-2,0.5000,100.84,422.16,92.80,31.42,93.00,158.50,36.00,29.00,0.0000,263.77,0,0,0.0000,NOT_RUN,0,22,4342,0,0,0,3,0,0,0,0
444,0,1,0,NEGATIVE_PEAK,-2.4953,1.0000,-2,2,-2,0.5000,100.84,422.16,92.80,31.42,91.00,159.00,38.00,28.00,0.0000,263.34,0,0,0.0000,NOT_RUN,0,22,4485,0,0,0,2,0,0,0,0
445,0,1,0,NEGATIVE_PEAK,-2.5146,1.0000,-2,2,-2,0.5000,100.84,422.16,92.80,31.42,91.50,160.00,37.00,26.00,0.0000,262.32,0,0,0.0000,NOT_RUN,0,21,4280,0,0,0,3,0,0,0,0
446,0,1,0,NEGATIVE_PEAK,-2.4287,1.0000,-2,2,-2,0.5000,100.84,422.16,92.80,31.42,92.00,160.50,36.00,23.00,0.0000,261.81,0,0,0.0000,NOT_RUN,0,25,4241,0,0,0,3,0,0,0,0
447,0,1,0,NEGATIVE_PEAK,-2.4394,1.0000,-2,2,-2,0.0000,100.84,422.16,92.80,31.42,92.00,161.50,38.00,21.00,0.0000,260.81,0,0,0.0000,NOT_RUN,0,25,4366,0,0,0,3,0,0,0,0
448,0,1,1,ACCEPT,6.4750,1.5000,3,-5,5,0.3333,93.58,424.62,92.80,31.42,93.00,162.00,38.00,20.00,0.0000,262.62,1,5,1.5509,MAX_STEP,0,22,4239,553,0,0,3,0,0,0,0
449,0,1,0,LOW_PSR,4.8074,1.0000,2,0,3,0.0000,93.58,424.62,92.80,31.42,93.00,163.00,38.00,22.00,0.0000,261.62,0,0,0.0000,NOT_RUN,0,23,4155,0,0,0,2,0,0,0,0
450,0,1,0,LOW_PSR,4.8208,1.0000,2,0,3,0.0000,93.58,424.62,92.80,31.42,93.50,162.50,37.00,21.00,0.0000,262.12,0,0,0.0000,NOT_RUN,0,23,4057,0,0,0,2,0,0,0,0
451,0,1,0,LOW_PSR,4.7823,1.0000,2,0,3,0.0000,93.58,424.62,92.80,31.42,94.00,162.50,38.00,21.00,0.0000,262.12,0,0,0.0000,NOT_RUN,0,23,3700,0,0,0,3,0,0,0,0
452,0,1,0,LOW_PSR,4.7657,1.0000,2,0,3,0.0000,93.58,424.62,92.80,31.42,95.00,162.00,38.00,22.00,0.0000,262.62,0,0,0.0000,NOT_RUN,0,23,3772,0,0,0,3,0,0,0,0
453,0,1,0,LOW_PSR,4.7195,1.0000,2,0,3,0.0000,93.58,424.62,92.80,31.42,95.00,162.50,38.00,23.00,0.0000,262.12,0,0,0.0000,NOT_RUN,0,23,3557,0,0,0,3,0,0,0,0
454,0,1,0,LOW_PSR,4.7171,1.0000,2,0,3,0.0000,93.58,424.62,92.80,31.42,95.50,162.50,37.00,23.00,0.0000,262.12,0,0,0.0000,NOT_RUN,0,23,3534,0,0,0,3,0,0,0,0
455,0,1,0,LOW_PSR,4.6820,1.0000,2,0,3,0.0000,93.58,424.62,92.80,31.42,96.00,163.00,38.00,22.00,0.0000,261.63,0,0,0.0000,NOT_RUN,0,23,3605,0,0,0,3,0,0,0,0
456,0,1,0,LOW_PSR,4.7281,1.0000,2,0,3,0.0000,93.58,424.62,92.80,31.42,95.50,163.50,39.00,21.00,0.0000,261.12,0,0,0.0000,NOT_RUN,0,23,3563,0,0,0,3,0,0,0,0
457,0,1,0,LOW_PSR,4.7001,1.0000,2,0,3,0.0000,93.58,424.62,92.80,31.42,96.00,162.00,38.00,20.00,0.0000,262.63,0,0,0.0000,NOT_RUN,0,23,3459,0,0,0,3,0,0,0,0
458,0,1,0,LOW_PSR,4.7303,1.0000,2,0,3,0.0000,93.58,424.62,92.80,31.42,96.00,163.00,38.00,18.00,0.0000,261.63,0,0,0.0000,NOT_RUN,0,23,3644,0,0,0,3,0,0,0,0
459,0,1,0,LOW_PSR,4.6731,1.0000,2,0,3,0.0000,93.58,424.62,92.80,31.42,95.50,163.00,39.00,18.00,0.0000,261.62,0,0,0.0000,NOT_RUN,0,23,3537,0,0,0,3,0,0,0,0
460,0,1,0,LOW_PSR,4.6717,1.0000,2,0,3,0.0000,93.58,424.62,92.80,31.42,95.00,163.50,40.00,17.00,0.0000,261.12,0,0,0.0000,NOT_RUN,0,23,3382,0,0,0,3,0,0,0,0
461,0,1,0,LOW_PSR,4.7343,1.0000,2,0,3,0.0000,93.58,424.62,92.80,31.42,94.50,162.50,41.00,17.00,0.0000,262.12,0,0,0.0000,NOT_RUN,0,23,3461,0,0,0,3,0,0,0,0
462,0,1,0,LOW_PSR,4.7001,1.0000,2,0,3,0.0000,93.58,424.62,92.80,31.42,93.50,162.50,43.00,17.00,0.0000,262.12,0,0,0.0000,NOT_RUN,0,23,3515,0,0,0,3,0,0,0,0
463,0,1,0,LOW_PSR,4.7660,1.0000,2,0,3,0.0000,93.58,424.62,92.80,31.42,93.50,162.50,45.00,17.00,0.0000,262.12,0,0,0.0000,NOT_RUN,0,22,3408,0,0,0,3,0,0,0,0
464,0,1,0,LOW_PSR,4.7905,1.0000,2,0,3,0.0000,93.58,424.62,92.80,31.42,92.50,164.00,45.00,20.00,0.0000,260.62,0,0,0.0000,NOT_RUN,0,21,3480,0,0,0,2,0,0,0,0
465,0,1,0,LOW_PSR,4.8084,1.0000,2,0,5,0.0000,93.58,424.62,92.80,31.42,91.50,165.00,47.00,22.00,0.0000,259.63,0,0,0.0000,NOT_RUN,0,22,3289,0,0,0,3,0,0,0,0
466,0,1,0,LOW_PSR,4.7480,1.0000,2,0,3,0.0000,93.58,424.62,92.80,31.42,90.50,165.50,49.00,27.00,0.0000,259.14,0,0,0.0000,NOT_RUN,0,23,3371,0,0,0,3,0,0,0,0
467,0,1,0,LOW_PSR,4.7397,1.0000,2,0,3,0.0000,93.58,424.62,92.80,31.42,90.00,165.50,50.00,33.00,0.0000,259.14,0,0,0.0000,NOT_RUN,0,23,3403,0,0,0,3,0,0,0,0
468,0,1,0,LOW_PSR,4.7758,1.0000,2,0,3,0.0000,93.58,424.62,92.80,31.42,89.00,166.00,50.00,36.00,0.0000,258.66,0,0,0.0000,NOT_RUN,0,23,3484,0,0,0,3,0,0,0,0
469,0,1,0,LOW_PSR,4.7290,1.0000,2,0,3,0.0000,93.58,424.62,92.80,31.42,89.00,164.00,52.00,40.00,0.0000,260.66,0,0,0.0000,NOT_RUN,0,23,3476,0,0,0,3,0,0,0,0
470,0,1,0,LOW_PSR,4.7182,1.0000,2,0,3,0.0000,93.58,424.62,92.80,31.42,88.50,166.00,55.00,46.00,0.0000,258.67,0,0,0.0000,NOT_RUN,0,23,3400,0,0,0,3,0,0,0,0
471,0,1,0,LOW_PSR,4.7434,1.0000,2,0,3,0.0000,93.58,424.62,92.80,31.42,88.50,166.00,53.00,48.00,0.0000,258.67,0,0,0.0000,NOT_RUN,0,23,3407,0,0,0,3,0,0,0,0
472,0,1,0,LOW_PSR,4.7945,1.0000,2,0,3,0.0000,93.58,424.62,92.80,31.42,88.50,165.50,53.00,49.00,0.0000,259.17,0,0,0.0000,NOT_RUN,0,24,3618,0,0,0,3,0,0,0,0
473,0,1,0,LOW_PSR,4.7826,1.0000,2,0,3,0.0000,93.58,424.62,92.80,31.42,89.00,166.00,56.00,50.00,0.0000,258.66,0,0,0.0000,NOT_RUN,0,23,3532,0,0,0,3,0,0,0,0
474,0,1,0,LOW_PSR,4.8161,1.0000,2,0,3,0.0000,93.58,424.62,92.80,31.42,88.50,167.00,55.00,52.00,0.0000,257.67,0,0,0.0000,NOT_RUN,0,23,3487,0,0,0,3,0,0,0,0
475,0,1,0,LOW_PSR,4.7991,1.0000,2,0,5,0.0000,93.58,424.62,92.80,31.42,89.00,167.50,56.00,49.00,0.0000,257.16,0,0,0.0000,NOT_RUN,0,24,3414,0,0,0,3,0,0,0,0
476,0,1,0,LOW_PSR,4.8308,1.0000,2,0,5,0.0000,93.58,424.62,92.80,31.42,90.00,169.00,58.00,48.00,0.0000,255.64,0,0,0.0000,NOT_RUN,0,25,3214,0,0,0,2,0,0,0,0
477,0,1,0,LOW_PSR,4.8325,1.0000,2,0,5,0.0000,93.58,424.62,92.80,31.42,90.00,170.00,58.00,48.00,0.0000,254.64,0,0,0.0000,NOT_RUN,0,24,3331,0,0,0,2,0,0,0,0
478,0,1,0,LOW_PSR,4.8314,1.0000,2,1,3,0.0000,93.58,424.62,92.80,31.42,89.50,169.00,57.00,48.00,0.0000,255.65,0,0,0.0000,NOT_RUN,0,24,3217,0,0,0,2,0,0,0,0
479,0,1,0,LOW_PSR,4.8914,1.0000,2,1,5,0.0000,93.58,424.62,92.80,31.42,91.00,170.00,58.00,44.00,0.0000,254.63,0,0,0.0000,NOT_RUN,0,24,3279,0,0,0,2,0,0,0,0
480,0,1,0,LOW_PSR,4.8133,1.0000,2,1,5,0.0000,93.58,424.62,92.80,31.42,90.50,168.00,57.00,44.00,0.0000,256.64,0,0,0.0000,NOT_RUN,0,23,3211,0,0,0,2,0,0,0,0
481,0,1,0,LOW_PSR,4.8973,1.0000,2,2,6,0.0000,93.58,424.62,92.80,31.42,90.00,164.50,58.00,47.00,0.0000,260.14,0,0,0.0000,NOT_RUN,0,21,3029,0,0,0,3,0,0,0,0
482,0,1,0,LOW_PSR,4.8691,1.0000,2,3,3,0.0000,93.58,424.62,92.80,31.42,91.00,163.50,60.00,45.00,0.0000,261.13,0,0,0.0000,NOT_RUN,0,21,3028,0,0,0,2,0,0,0,0
483,0,1,0,LOW_PSR,4.7985,1.0000,2,3,3,0.5000,93.58,424.62,92.80,31.42,92.00,160.00,58.00,48.00,0.0000,264.62,0,0,0.0000,NOT_RUN,0,19,3231,0,0,0,2,0,0,0,0
484,0,1,0,LOW_PSR,4.9442,1.0000,2,3,5,0.5000,93.58,424.62,92.80,31.42,92.50,157.00,61.00,50.00,0.0000,267.62,0,0,0.0000,NOT_RUN,0,19,3150,0,0,0,2,0,0,0,0
485,0,1,0,LOW_PSR,4.9200,1.0000,2,5,5,0.5000,93.58,424.62,92.80,31.42,94.50,155.50,59.00,47.00,0.0000,269.12,0,0,0.0000,NOT_RUN,0,18,3173,0,0,0,2,0,0,0,0
486,0,1,0,LOW_PSR,4.8584,1.0000,2,3,5,0.5000,93.58,424.62,92.80,31.42,94.00,155.00,58.00,46.00,0.0000,269.62,0,0,0.0000,NOT_RUN,0,18,3246,0,0,0,2,0,0,0,0
487,0,1,0,LOW_PSR,4.9694,1.0000,2,4,5,0.5000,93.58,424.62,92.80,31.42,95.00,156.00,58.00,44.00,0.0000,268.62,0,0,0.0000,NOT_RUN,0,18,3238,0,0,0,2,0,0,0,0
488,0,1,0,LOW_PSR,4.8910,1.0000,2,5,5,0.5000,93.58,424.62,92.80,31.42,95.50,157.50,59.00,39.00,0.0000,267.12,0,0,0.0000,NOT_RUN,0,18,3076,0,0,0,2,0,0,0,0
489,0,1,0,NEGATIVE_PEAK,-2.5968,1.0000,-2,0,-2,0.5000,93.58,424.62,92.80,31.42,96.00,157.50,60.00,37.00,0.0000,267.13,0,0,0.0000,NOT_RUN,0,18,3079,0,0,0,2,0,0,0,0
490,0,1,0,NEGATIVE_PEAK,-2.6237,1.0000,-2,0,-2,0.5000,93.58,424.62,92.80,31.42,96.00,157.50,60.00,37.00,0.0000,267.13,0,0,0.0000,NOT_RUN,0,18,2967,0,0,0,2,0,0,0,0
491,0,1,0,NEGATIVE_PEAK,-2.6318,1.0000,-2,0,-2,0.5000,93.58,424.62,92.80,31.42,97.00,157.50,62.00,37.00,0.0000,267.14,0,0,0.0000,NOT_RUN,0,18,2900,0,0,0,2,0,0,0,0
492,0,1,0,NEGATIVE_PEAK,-2.6075,1.0000,-2,0,0,1.0000,93.58,424.62,92.80,31.42,98.00,157.50,60.00,39.00,0.0000,267.15,0,0,0.0000,NOT_RUN,0,17,2720,0,0,0,2,0,0,0,0
493,0,1,0,NEGATIVE_PEAK,-2.6253,1.0000,-2,0,0,1.0000,93.58,424.62,92.80,31.42,99.00,156.00,62.00,40.00,0.0000,268.67,0,0,0.0000,NOT_RUN,0,17,2721,0,0,0,2,0,0,0,0
494,0,1,0,NEGATIVE_PEAK,-2.6041,1.0000,-2,0,0,1.0000,93.58,424.62,92.80,31.42,99.50,154.50,61.00,43.00,0.0000,270.18,0,0,0.0000,NOT_RUN,0,17,2719,0,0,0,2,0,0,0,0
495,0,1,0,NEGATIVE_PEAK,-2.5887,1.0000,-2,0,0,1.0000,93.58,424.62,92.80,31.42,99.50,153.00,61.00,46.00,0.0000,271.68,0,0,0.0000,NOT_RUN,0,17,2646,0,0,0,3,0,0,0,0
496,0,1,0,NEGATIVE_PEAK,-2.5852,1.0000,-2,0,0,1.0000,93.58,424.62,92.80,31.42,98.50,152.00,63.00,48.00,0.0000,272.66,0,0,0.0000,NOT_RUN,0,18,2687,0,0,0,2,0,0,0,0
497,0,1,0,NEGATIVE_PEAK,-2.6223,1.0000,-2,0,0,1.0000,93.58,424.62,92.80,31.42,98.00,151.50,64.00,51.00,0.0000,273.15,0,0,0.0000,NOT_RUN,0,18,2471,0,0,0,2,0,0,0,0
498,0,1,0,NEGATIVE_PEAK,-2.6230,1.0000,-2,0,0,1.0000,93.58,424.62,92.80,31.42,98.50,151.00,65.00,52.00,0.0000,273.66,0,0,0.0000,NOT_RUN,0,18,2459,0,0,0,2,0,0,0,0
499,0,1,0,NEGATIVE_PEAK,-2.5471,1.0000,-2,0,0,1.0000,93.58,424.62,92.80,31.42,99.00,151.00,66.00,50.00,0.0000,273.67,0,0,0.0000,NOT_RUN,0,19,2399,0,0,0,2,0,0,0,0
500,0,1,0,NEGATIVE_PEAK,-2.5660,1.0000,-2,0,0,1.0000,93.58,424.62,92.80,31.42,97.00,151.00,68.00,48.00,0.0000,273.64,0,0,0.0000,NOT_RUN,0,19,2314,0,0,0,3,0,0,0,0
501,0,1,0,NEGATIVE_PEAK,-2.5840,1.0000,-2,0,0,1.0000,93.58,424.62,92.80,31.42,97.00,151.00,70.00,48.00,0.0000,273.64,0,0,0.0000,NOT_RUN,0,19,2239,0,0,0,2,0,0,0,0
502,0,1,0,NEGATIVE_PEAK,-2.5963,1.0000,-2,0,0,1.0000,93.58,424.62,92.80,31.42,96.00,152.00,72.00,46.00,0.0000,272.63,0,0,0.0000,NOT_RUN,0,20,2277,0,0,0,2,0,0,0,0
503,0,1,0,NEGATIVE_PEAK,-2.5812,1.0000,-2,0,0,1.0000,93.58,424.62,92.80,31.42,96.50,152.00,73.00,44.00,0.0000,272.63,0,0,0.0000,NOT_RUN,0,20,2236,0,0,0,3,0,0,0,0
504,0,1,0,NEGATIVE_PEAK,-2.5915,1.0000,-2,0,0,1.0000,93.58,424.62,92.80,31.42,96.00,153.50,74.00,43.00,0.0000,271.13,0,0,0.0000,NOT_RUN,0,19,2225,0,0,0,3,0,0,0,0
505,0,1,0,NEGATIVE_PEAK,-2.5636,1.0000,-2,0,0,1.0000,93.58,424.62,92.80,31.42,97.00,154.50,74.00,41.00,0.0000,270.14,0,0,0.0000,NOT_RUN,0,18,2040,0,0,0,3,0,0,0,0
506,0,1,0,NEGATIVE_PEAK,-2.5544,1.0000,-2,0,0,1.0000,93.58,424.62,92.80,31.42,97.50,154.50,75.00,43.00,0.0000,270.15,0,0,0.0000,NOT_RUN,0,19,2039,0,0,0,2,0,0,0,0
507,0,1,0,NEGATIVE_PEAK,-2.5567,1.0000,-2,0,0,1.0000,93.58,424.62,92.80,31.42,97.50,154.50,75.00,43.00,0.0000,270.15,0,0,0.0000,NOT_RUN,0,18,2018,0,0,0,2,0,0,0,0
508,0,1,0,NEGATIVE_PEAK,-4.4157,1.5000,-3,-21,-2,0.6667,93.58,424.62,92.80,31.42,100.50,155.00,71.00,42.00,0.0000,269.71,0,0,0.0000,NOT_RUN,0,19,1855,0,0,0,3,0,0,0,0
509,0,1,0,NEGATIVE_PEAK,-4.5130,1.5000,-3,-19,-2,0.6667,93.58,424.62,92.80,31.42,102.50,155.50,65.00,43.00,0.0000,269.27,0,0,0.0000,NOT_RUN,0,18,2486,0,0,0,3,0,0,0,0
510,0,1,0,NEGATIVE_PEAK,-4.4799,1.5000,-3,-19,-2,0.6667,93.58,424.62,92.80,31.42,104.00,155.50,62.00,43.00,0.0000,269.32,0,0,0.0000,NOT_RUN,0,18,2113,0,0,0,3,0,0,0,0
511,0,1,0,NEGATIVE_PEAK,-2.6243,1.0000,-2,0,0,1.0000,93.58,424.62,92.80,31.42,104.00,156.50,64.00,41.00,0.0000,268.32,0,0,0.0000,NOT_RUN,0,20,2307,0,0,0,2,0,0,0,0
512,0,1,0,NEGATIVE_PEAK,-4.4517,1.5000,-3,-20,-2,0.6667,93.58,424.62,92.80,31.42,103.50,157.00,63.00,40.00,0.0000,267.80,0,0,0.0000,NOT_RUN,0,18,2265,0,0,0,3,0,0,0,0
513,0,1,0,NEGATIVE_PEAK,-2.5878,1.0000,-2,0,0,1.0000,93.58,424.62,92.80,31.42,103.00,157.50,64.00,41.00,0.0000,267.28,0,0,0.0000,NOT_RUN,0,19,2344,0,0,0,2,0,0,0,0
514,0,1,0,NEGATIVE_PEAK,-2.6119,1.0000,-2,0,0,1.0000,93.58,424.62,92.80,31.42,102.00,158.00,66.00,42.00,0.0000,266.75,0,0,0.0000,NOT_RUN,0,21,2676,0,0,0,2,0,0,0,0
515,0,1,0,NEGATIVE_PEAK,-2.6162,1.0000,-2,0,0,1.0000,93.58,424.62,92.80,31.42,100.50,156.50,65.00,43.00,0.0000,268.21,0,0,0.0000,NOT_RUN,0,21,2638,0,0,0,2,0,0,0,0
516,0,1,0,NEGATIVE_PEAK,-2.6131,1.0000,-2,0,0,1.0000,93.58,424.62,92.80,31.42,100.00,156.00,66.00,42.00,0.0000,268.69,0,0,0.0000,NOT_RUN,0,20,2914,0,0,0,2,0,0,0,0
517,0,1,0,NEGATIVE_PEAK,-2.6322,1.0000,-2,0,0,1.0000,93.58,424.62,92.80,31.42,99.50,157.50,65.00,43.00,0.0000,267.18,0,0,0.0000,NOT_RUN,0,20,3155,0,0,0,2,0,0,0,0
518,0,1,0,NEGATIVE_PEAK,-2.7022,1.0000,-2,0,0,1.0000,93.58,424.62,92.80,31.42,100.00,159.00,66.00,50.00,0.0000,265.69,0,0,0.0000,NOT_RUN,0,19,2757,0,0,0,2,0,0,0,0
519,0,1,0,NEGATIVE_PEAK,-2.6981,1.0000,-2,0,0,1.0000,93.58,424.62,92.80,31.42,99.00,159.00,68.00,50.00,0.0000,265.67,0,0,0.0000,NOT_RUN,0,21,2633,0,0,0,2,0,0,0,0
520,0,1,0,NEGATIVE_PEAK,-4.4320,1.5000,-3,0,0,1.0000,93.58,424.62,92.80,31.42,98.00,159.50,70.00,51.00,0.0000,265.15,0,0,0.0000,NOT_RUN,0,19,2316,0,0,0,3,0,0,0,0
521,0,1,0,NEGATIVE_PEAK,-4.5210,1.5000,-3,0,-2,0.6667,93.58,424.62,92.80,31.42,98.00,159.50,70.00,51.00,0.0000,265.15,0,0,0.0000,NOT_RUN,0,18,2941,0,0,0,3,0,0,0,0
522,0,1,0,NEGATIVE_PEAK,-4.3693,1.0000,-3,0,0,1.0000,93.58,424.62,92.80,31.42,97.50,160.50,71.00,51.00,0.0000,264.15,0,0,0.0000,NOT_RUN,0,21,3270,0,0,0,3,0,0,0,0
523,0,1,0,NEGATIVE_PEAK,-4.3825,1.5000,-3,0,0,1.0000,93.58,424.62,92.80,31.42,98.00,158.00,72.00,48.00,0.0000,266.65,0,0,0.0000,NOT_RUN,0,24,3119,0,0,0,3,0,0,0,0
524,0,1,0,NEGATIVE_PEAK,-4.3088,1.5000,-3,0,0,1.0000,93.58,424.62,92.80,31.42,96.50,158.00,75.00,48.00,0.0000,266.63,0,0,0.0000,NOT_RUN,0,26,2985,0,0,0,3,0,0,0,0
525,0,1,0,NEGATIVE_PEAK,-4.2724,1.0000,-3,0,0,1.0000,93.58,424.62,92.80,31.42,95.50,159.50,77.00,49.00,0.0000,265.12,0,0,0.0000,NOT_RUN,0,26,2875,0,0,0,3,0,0,0,0
526,0,1,0,NEGATIVE_PEAK,-4.4221,1.5000,-3,0,0,1.0000,93.58,424.62,92.80,31.42,95.00,158.50,78.00,47.00,0.0000,266.12,0,0,0.0000,NOT_RUN,0,23,2414,0,0,0,3,0,0,0,0
527,0,1,0,NEGATIVE_PEAK,-4.4748,1.5000,-3,0,0,1.0000,93.58,424.62,92.80,31.42,94.00,158.50,82.00,45.00,0.0000,266.12,0,0,0.0000,NOT_RUN,0,19,2008,0,0,0,3,0,0,0,0
528,0,1,0,NEGATIVE_PEAK,-4.3915,1.0000,-3,0,0,1.0000,93.58,424.62,92.80,31.42,94.50,156.50,83.00,45.00,0.0000,268.12,0,0,0.0000,NOT_RUN,0,22,1779,0,0,0,3,0,0,0,0
529,0,1,0,NEGATIVE_PEAK,-4.2532,1.0000,-3,0,0,1.0000,93.58,424.62,92.80,31.42,94.00,156.50,86.00,43.00,0.0000,268.12,0,0,0.0000,NOT_RUN,0,25,2009,0,0,0,4,0,0,0,0
530,0,1,0,NEGATIVE_PEAK,-4.2256,1.0000,-3,0,0,1.0000,93.58,424.62,92.80,31.42,94.50,155.50,85.00,41.00,0.0000,269.12,0,0,0.0000,NOT_RUN,0,27,2067,0,0,0,4,0,0,0,0
531,0,1,0,NEGATIVE_PEAK,-4.1903,1.0000,-3,0,0,1.0000,93.58,424.62,92.80,31.42,95.00,154.50,84.00,41.00,0.0000,270.12,0,0,0.0000,NOT_RUN,0,29,1994,0,0,0,4,0,0,0,0
532,0,1,0,NEGATIVE_PEAK,-5.8642,1.3333,-4,2,-2,0.7500,93.58,424.62,92.80,31.42,95.00,155.00,84.00,42.00,0.0000,269.62,0,0,0.0000,NOT_RUN,0,27,2042,0,0,0,4,0,0,0,0
533,0,1,0,NEGATIVE_PEAK,-5.9411,1.3333,-4,0,-2,0.7500,93.58,424.62,92.80,31.42,95.00,154.00,84.00,44.00,0.0000,270.62,0,0,0.0000,NOT_RUN,0,25,1937,0,0,0,4,0,0,0,0
534,0,1,0,NEGATIVE_PEAK,-5.8384,1.3333,-4,2,-2,0.7500,93.58,424.62,92.80,31.42,94.50,154.00,87.00,46.00,0.0000,270.62,0,0,0.0000,NOT_RUN,0,26,1969,0,0,0,4,0,0,0,0
535,0,1,0,NEGATIVE_PEAK,-4.2608,1.0000,-3,0,0,1.0000,93.58,424.62,92.80,31.42,95.00,153.50,88.00,47.00,0.0000,271.12,0,0,0.0000,NOT_RUN,0,23,1843,0,0,0,4,0,0,0,0
536,0,1,0,NEGATIVE_PEAK,-4.3159,1.0000,-3,0,0,1.0000,93.58,424.62,92.80,31.42,95.50,153.50,87.00,47.00,0.0000,271.12,0,0,0.0000,NOT_RUN,0,22,1888,0,0,0,3,0,0,0,0
537,0,1,0,NEGATIVE_PEAK,-4.3072,1.0000,-3,0,0,1.0000,93.58,424.62,92.80,31.42,97.00,153.50,86.00,47.00,0.0000,271.14,0,0,0.0000,NOT_RUN,0,21,1849,0,0,0,4,0,0,0,0
538,0,1,0,NEGATIVE_PEAK,-4.3033,1.0000,-3,0,0,1.0000,93.58,424.62,92.80,31.42,97.00,153.00,86.00,46.00,0.0000,271.64,0,0,0.0000,NOT_RUN,0,21,1882,0,0,0,4,0,0,0,0
539,0,1,0,NEGATIVE_PEAK,-4.2840,1.0000,-3,0,0,1.0000,93.58,424.62,92.80,31.42,97.50,154.50,85.00,47.00,0.0000,270.15,0,0,0.0000,NOT_RUN,0,20,2054,0,0,0,4,0,0,0,0
540,0,1,0,NEGATIVE_PEAK,-4.2616,1.0000,-3,0,0,1.0000,93.58,424.62,92.80,31.42,95.50,154.00,87.00,48.00,0.0000,270.62,0,0,0.0000,NOT_RUN,0,20,2026,0,0,0,4,0,0,0,0
541,0,1,0,NEGATIVE_PEAK,-4.2073,1.0000,-3,0,0,1.0000,93.58,424.62,92.80,31.42,96.00,154.50,84.00,47.00,0.0000,270.13,0,0,0.0000,NOT_RUN,0,23,2016,0,0,0,4,0,0,0,0
542,0,1,0,NEGATIVE_PEAK,-4.1594,1.0000,-3,0,0,1.0000,93.58,424.62,92.80,31.42,96.00,155.50,84.00,47.00,0.0000,269.13,0,0,0.0000,NOT_RUN,0,24,2059,0,0,0,4,0,0,0,0
543,0,1,0,NEGATIVE_PEAK,-4.2432,1.0000,-3,0,0,1.0000,93.58,424.62,92.80,31.42,95.00,155.50,86.00,49.00,0.0000,269.12,0,0,0.0000,NOT_RUN,0,24,1863,0,0,0,4,0,0,0,0
544,0,1,0,NEGATIVE_PEAK,-4.3269,1.0000,-3,0,0,1.0000,93.58,424.62,92.80,31.42,95.00,157.00,86.00,48.00,0.0000,267.62,0,0,0.0000,NOT_RUN,0,20,1913,0,0,0,3,0,0,0,0
545,0,1,0,NEGATIVE_PEAK,-4.2777,1.0000,-3,0,0,1.0000,93.58,424.62,92.80,31.42,95.00,157.50,84.00,49.00,0.0000,267.12,0,0,0.0000,NOT_RUN,0,21,1872,0,0,0,4,0,0,0,0
546,0,1,0,NEGATIVE_PEAK,-4.2796,1.0000,-3,0,0,1.0000,93.58,424.62,92.80,31.42,95.50,157.00,83.00,48.00,0.0000,267.62,0,0,0.0000,NOT_RUN,0,21,1981,0,0,0,4,0,0,0,0
547,0,1,0,NEGATIVE_PEAK,-4.3215,1.0000,-3,0,0,1.0000,93.58,424.62,92.80,31.42,96.00,158.50,84.00,51.00,0.0000,266.13,0,0,0.0000,NOT_RUN,0,19,2028,0,0,0,4,0,0,0,0
548,0,1,0,NEGATIVE_PEAK,-4.3201,1.0000,-3,0,0,1.0000,93.58,424.62,92.80,31.42,96.50,158.50,81.00,53.00,0.0000,266.13,0,0,0.0000,NOT_RUN,0,20,1992,0,0,0,4,0,0,0,0
549,0,1,0,NEGATIVE_PEAK,-4.2782,1.0000,-3,0,0,1.0000,93.58,424.62,92.80,31.42,96.00,158.00,82.00,58.00,0.0000,266.63,0,0,0.0000,NOT_RUN,0,20,2118,0,0,0,4,0,0,0,0
550,0,1,0,NEGATIVE_PEAK,-4.2949,1.0000,-3,0,0,1.0000,93.58,424.62,92.80,31.42,97.00,158.00,78.00,60.00,0.0000,266.64,0,0,0.0000,NOT_RUN,0,20,2054,0,0,0,4,0,0,0,0
551,0,1,0,NEGATIVE_PEAK,-4.2732,1.0000,-3,0,0,1.0000,93.58,424.62,92.80,31.42,99.00,158.00,76.00,62.00,0.0000,266.67,0,0,0.0000,NOT_RUN,0,20,2082,0,0,0,4,0,0,0,0
552,0,1,0,NEGATIVE_PEAK,-4.3023,1.0000,-3,0,0,1.0000,93.58,424.62,92.80,31.42,99.00,157.50,74.00,63.00,0.0000,267.17,0,0,0.0000,NOT_RUN,0,20,2123,0,0,0,4,0,0,0,0
553,0,1,0,NEGATIVE_PEAK,-4.2956,1.0000,-3,0,0,1.0000,93.58,424.62,92.80,31.42,98.50,158.50,73.00,65.00,0.0000,266.16,0,0,0.0000,NOT_RUN,0,19,2118,0,0,0,4,0,0,0,0
554,0,1,0,NEGATIVE_PEAK,-4.2836,1.0000,-3,0,0,1.0000,93.58,424.62,92.80,31.42,98.50,158.00,75.00,68.00,0.0000,266.66,0,0,0.0000,NOT_RUN,0,19,2070,0,0,0,4,0,0,0,0
555,0,1,0,NEGATIVE_PEAK,-4.3048,1.0000,-3,0,0,1.0000,93.58,424.62,92.80,31.42,99.00,159.00,74.00,66.00,0.0000,265.67,0,0,0.0000,NOT_RUN,0,19,2027,0,0,0,3,0,0,0,0
556,0,1,0,NEGATIVE_PEAK,-4.3271,1.0000,-3,0,0,1.0000,93.58,424.62,92.80,31.42,99.00,158.00,74.00,64.00,0.0000,266.67,0,0,0.0000,NOT_RUN,0,19,2054,0,0,0,4,0,0,0,0
557,0,1,0,NEGATIVE_PEAK,-4.2976,1.0000,-3,0,0,1.0000,93.58,424.62,92.80,31.42,99.50,156.50,75.00,63.00,0.0000,268.18,0,0,0.0000,NOT_RUN,0,20,2092,0,0,0,4,0,0,0,0
558,0,1,0,NEGATIVE_PEAK,-4.3002,1.0000,-3,0,0,1.0000,93.58,424.62,92.80,31.42,100.00,157.00,74.00,60.00,0.0000,267.69,0,0,0.0000,NOT_RUN,0,20,1961,0,0,0,4,0,0,0,0
559,0,1,0,NEGATIVE_PEAK,-4.3084,1.0000,-3,0,0,1.0000,93.58,424.62,92.80,31.42,100.50,157.00,75.00,56.00,0.0000,267.71,0,0,0.0000,NOT_RUN,0,21,1777,0,0,0,4,0,0,0,0
560,0,1,0,NEGATIVE_PEAK,-4.3110,1.0000,-3,0,0,1.0000,93.58,424.62,92.80,31.42,101.00,156.50,74.00,51.00,0.0000,268.22,0,0,0.0000,NOT_RUN,0,21,1851,0,0,0,4,0,0,0,0
561,0,1,0,NEGATIVE_PEAK,-4.3786,1.0000,-3,0,0,1.0000,93.58,424.62,92.80,31.42,101.00,156.00,74.00,50.00,0.0000,268.72,0,0,0.0000,NOT_RUN,0,21,1865,0,0,0,3,0,0,0,0
562,0,1,0,NEGATIVE_PEAK,-4.3302,1.0000,-3,0,0,1.0000,93.58,424.62,92.80,31.42,101.00,155.00,74.00,46.00,0.0000,269.72,0,0,0.0000,NOT_RUN,0,22,1690,0,0,0,4,0,0,0,0
563,0,1,0,NEGATIVE_PEAK,-4.3005,1.5000,-3,0,0,1.0000,93.58,424.62,92.80,31.42,102.00,155.00,74.00,40.00,0.0000,269.75,0,0,0.0000,NOT_RUN,0,21,1636,0,0,0,4,0,0,0,0
564,0,1,0,NEGATIVE_PEAK,-4.3322,1.0000,-3,0,0,1.0000,93.58,424.62,92.80,31.42,101.50,154.50,73.00,39.00,0.0000,270.23,0,0,0.0000,NOT_RUN,0,22,1507,0,0,0,4,0,0,0,0
565,0,1,0,NEGATIVE_PEAK,-4.3721,1.0000,-3,0,0,1.0000,93.58,424.62,92.80,31.42,102.00,153.50,74.00,35.00,0.0000,271.25,0,0,0.0000,NOT_RUN,0,21,1752,0,0,0,4,0,0,0,0
566,0,1,0,NEGATIVE_PEAK,-4.3783,1.0000,-3,0,0,1.0000,93.58,424.62,92.80,31.42,102.00,154.50,74.00,33.00,0.0000,270.25,0,0,0.0000,NOT_RUN,0,21,1598,0,0,0,3,0,0,0,0
0,0,0,0,ZERO_RESPONSE,0.0000,0.0000,0,0,0,0.0000,98.50,153.00,127.00,40.00,98.50,153.00,127.00,40.00,1.0000,0.00,1,0,0.0000,NOT_RUN,0,0,4282,18979,1,50,0,0,0,0,0
1,0,1,1,ACCEPT,46.8310,3.2957,992,0,0,1.0000,98.50,153.00,127.00,40.00,99.00,153.00,126.00,42.00,0.9452,0.50,1,0,3.3714,ACCEPT,0,2011,3972,19635,1,50,992,0,0,0,0
2,0,1,1,ACCEPT,45.7248,3.2032,993,0,-1,0.9859,98.50,152.38,127.00,40.00,99.00,152.50,126.00,41.00,0.9681,0.52,1,0,3.3458,ACCEPT,0,2072,3706,20021,1,50,993,0,0,0,0
3,0,1,1,ACCEPT,45.3829,3.2772,993,0,0,1.0000,98.50,152.38,127.00,40.00,98.50,152.00,127.00,42.00,0.9524,0.38,1,0,3.3282,ACCEPT,0,2023,3459,20255,1,50,993,0,0,0,0
4,0,1,1,ACCEPT,45.3368,3.3056,995,0,0,1.0000,98.50,152.38,127.00,40.00,99.50,151.50,127.00,41.00,0.9431,1.33,1,0,3.3025,ACCEPT,0,2045,3223,20730,1,50,995,0,0,0,0
5,0,1,1,ACCEPT,44.4312,3.1392,992,0,0,1.0000,98.50,152.38,127.00,40.00,99.00,152.00,128.00,40.00,0.9738,0.62,1,0,3.2006,ACCEPT,0,2093,3023,20646,1,50,992,0,0,0,0
6,0,1,1,ACCEPT,44.1311,3.1558,972,0,-1,0.9815,98.50,151.75,127.00,40.00,98.50,151.00,127.00,40.00,0.9632,0.75,1,0,3.2571,ACCEPT,0,1999,2823,20523,1,50,972,0,0,0,0
7,0,1,1,ACCEPT,42.9821,3.0319,949,0,-1,0.9852,98.50,151.12,127.00,40.00,98.50,151.50,127.00,39.00,0.9750,0.38,1,0,3.2674,ACCEPT,0,1992,2657,21032,1,50,949,0,0,0,0
8,0,1,1,ACCEPT,39.7835,2.7887,937,0,1,0.9338,98.50,151.75,127.00,40.00,98.50,151.00,127.00,40.00,0.9632,0.75,1,0,3.2370,ACCEPT,0,2063,2582,21592,1,50,937,0,0,0,0
9,0,1,1,ACCEPT,37.9197,2.5873,934,0,1,0.9754,98.50,152.38,127.00,40.00,98.50,153.00,127.00,38.00,0.9500,0.62,1,0,3.1158,ACCEPT,0,2128,2530,21908,1,50,934,0,0,0,0
10,0,1,1,ACCEPT,37.2059,2.7568,918,-1,1,0.9455,96.52,153.00,127.00,40.00,98.00,151.00,126.00,38.00,0.8823,2.49,1,0,2.9825,ACCEPT,0,2144,2454,21925,1,50,918,0,0,0,0
11,0,1,1,ACCEPT,35.6673,2.4583,885,0,1,0.9910,96.52,153.62,127.00,40.00,97.00,152.50,126.00,39.00,0.9373,1.22,1,0,2.9452,ACCEPT,0,2020,2322,22152,1,50,885,0,0,0,0
12,0,1,1,ACCEPT,33.6203,2.6879,844,0,0,1.0000,96.52,153.62,127.00,40.00,97.00,153.50,126.00,37.00,0.9177,0.50,1,0,2.9674,ACCEPT,0,1816,2212,22085,1,50,844,0,0,0,0
13,0,1,1,ACCEPT,32.0219,2.2500,828,0,1,0.9867,96.52,154.25,127.00,40.00,97.00,154.00,126.00,40.00,0.9798,0.55,1,0,2.8769,ACCEPT,0,1898,2156,21485,1,50,828,0,0,0,0
14,0,1,1,ACCEPT,28.9727,2.3683,791,0,1,0.9469,96.52,154.88,122.12,38.46,97.50,154.50,125.00,39.00,0.9582,1.05,1,-1,2.7112,ACCEPT,0,1906,2072,21799,1,50,791,0,0,0,0
15,0,1,1,ACCEPT,26.5162,2.0362,788,0,0,1.0000,96.52,154.88,122.12,38.46,97.00,154.50,124.00,39.00,0.9660,0.61,1,0,2.6232,ACCEPT,0,2161,2086,19242,1,50,788,0,0,0,0
16,0,1,1,ACCEPT,25.7956,1.8795,842,0,1,0.9964,96.52,155.48,122.12,38.46,98.00,155.50,124.00,39.00,0.9627,1.48,1,0,2.5410,ACCEPT,0,2258,2014,17873,1,50,842,0,0,0,0
17,0,1,1,ACCEPT,23.7362,1.8863,879,0,1,0.9875,96.52,156.08,122.12,38.46,97.50,155.50,123.00,37.00,0.9471,1.14,1,0,2.4279,ACCEPT,0,2308,1972,16404,1,50,879,0,0,0,0
18,0,1,1,ACCEPT,21.5033,1.7078,900,0,-1,0.9956,96.52,155.48,127.00,40.00,97.50,155.50,123.00,37.00,0.8959,0.98,1,1,2.2162,ACCEPT,0,2613,1872,15555,1,50,900,0,0,0,0
19,0,1,1,ACCEPT,19.8591,1.6970,857,0,2,0.9475,96.52,156.73,122.12,38.46,99.00,155.50,126.00,37.00,0.9019,2.77,1,-1,2.3506,ACCEPT,0,2502,1763,15445,1,50,857,0,0,0,0
20,0,1,1,ACCEPT,19.2631,1.6378,814,0,-2,0.9410,96.52,155.52,127.00,40.00,98.50,156.00,123.00,38.00,0.9201,2.04,1,1,2.3779,ACCEPT,0,2528,1800,15240,1,50,814,0,0,0,0
21,0,1,1,ACCEPT,16.0803,1.4611,732,0,1,0.9932,96.52,156.15,127.00,40.00,99.50,156.00,123.00,38.00,0.9060,2.99,1,0,2.4999,ACCEPT,0,2406,1654,15269,1,50,732,0,0,0,0
22,0,1,1,ACCEPT,16.1151,1.4353,699,0,1,0.9971,96.52,156.77,127.00,40.00,100.00,155.00,122.00,38.00,0.8645,3.91,1,0,2.1964,ACCEPT,0,2365,1651,15515,1,50,699,0,0,0,0
23,0,1,1,ACCEPT,14.5627,1.3452,643,1,-2,0.9533,98.50,155.52,127.00,40.00,101.00,155.00,122.00,38.00,0.9126,2.55,1,0,2.0631,ACCEPT,0,2259,1665,15605,1,50,643,0,0,0,0
24,0,1,1,ACCEPT,13.6812,1.3240,617,0,-2,0.9595,98.50,154.27,127.00,40.00,101.50,153.00,121.00,40.00,0.8953,3.26,1,0,1.8554,LOW_CONF,0,2228,1644,15617,1,50,617,0,0,0,0
25,0,1,1,ACCEPT,14.3314,1.4043,646,0,-1,0.9969,98.50,153.65,127.00,40.00,102.00,152.00,120.00,40.00,0.8720,3.87,1,0,2.2478,ACCEPT,0,2251,1666,15848,1,50,646,0,0,0,0
26,0,1,1,ACCEPT,13.1696,1.4413,614,0,-5,0.7313,98.50,150.52,127.00,40.00,102.00,148.50,120.00,41.00,0.8578,4.04,1,0,2.8303,ACCEPT,0,2349,1642,16347,1,50,614,0,0,0,0
27,0,1,1,ACCEPT,12.3395,1.5169,628,0,-7,0.5557,98.50,146.15,127.00,40.00,100.50,144.00,119.00,42.00,0.8476,2.94,1,0,2.3423,ACCEPT,0,2421,1708,19179,1,50,628,0,0,0,0
28,0,1,1,ACCEPT,13.3987,1.4833,755,-1,-3,0.8834,96.52,144.27,127.00,40.00,100.00,142.00,118.00,44.00,0.8395,4.16,1,0,3.0499,ACCEPT,0,2566,1645,21918,1,50,755,0,0,0,0
29,0,1,1,ACCEPT,11.4909,1.4476,773,0,-8,0.4334,96.52,139.27,127.00,40.00,97.50,136.50,119.00,43.00,0.8246,2.94,1,0,2.4711,ACCEPT,0,3149,1747,27481,1,50,773,0,0,0,0
30,0,1,1,ACCEPT,10.7177,1.4033,863,-2,-9,0.3917,92.55,133.65,122.12,38.46,96.50,131.00,115.00,44.00,0.8241,4.76,1,-1,2.1011,ACCEPT,0,3921,1805,26444,1,50,863,0,0,0,0
31,0,1,1,ACCEPT,12.2647,1.4774,848,0,-7,0.5743,92.55,129.44,122.12,38.46,96.00,128.00,114.00,44.00,0.8229,3.74,1,-1,1.9407,LOW_CONF,0,3821,1863,25858,1,50,848,0,0,0,0
32,0,1,1,ACCEPT,11.0651,1.3174,772,-1,-7,0.6360,90.64,125.23,122.12,38.46,94.50,123.50,113.00,45.00,0.7996,4.23,1,-6,1.5031,MAX_STEP,0,3593,1831,24940,1,50,772,0,0,0,0
33,0,1,1,ACCEPT,10.6660,1.4426,691,-1,-5,0.7221,88.73,122.22,122.12,38.46,94.00,119.50,110.00,45.00,0.7812,5.93,1,-7,1.5502,MAX_STEP,0,3301,1776,23577,1,50,691,0,0,0,0
34,0,1,1,ACCEPT,11.1870,1.5386,657,0,-2,0.9528,88.73,121.02,122.12,38.46,92.50,118.00,109.00,48.00,0.7308,4.82,1,-8,1.4886,MAX_STEP,0,2801,1658,22541,1,50,657,0,0,0,0
35,0,1,1,ACCEPT,9.8107,1.4754,540,0,-3,0.8815,88.73,119.21,122.12,38.46,94.00,115.00,102.00,48.00,0.6919,6.74,1,-3,1.4315,MAX_STEP,0,2785,1643,21702,1,50,540,0,0,0,0
36,0,1,1,ACCEPT,7.7156,1.3931,365,-1,-3,0.9014,86.83,117.41,122.12,38.46,93.50,115.00,99.00,52.00,0.6307,7.09,1,-5,2.0390,MAX_STEP,0,2665,1560,21234,1,50,365,0,0,0,0
37,0,1,1,ACCEPT,7.7798,1.4824,378,0,1,0.9974,86.83,118.01,122.12,38.46,95.00,114.00,98.00,54.00,0.6060,9.10,1,-5,2.2104,MAX_STEP,0,2762,1625,20738,1,50,378,0,0,0,0
38,0,1,0,LOW_PSR,4.9219,1.1674,258,-1,13,0.6395,86.83,118.01,122.12,38.46,95.50,115.50,93.00,59.00,0.5414,9.03,0,0,0.0000,NOT_RUN,0,2842,1701,0,1,50,258,0,0,0,0
39,0,1,0,NEGATIVE_PEAK,-5.1908,1.3213,-292,5,-34,0.0959,86.83,118.01,122.12,38.46,95.50,120.00,93.00,72.00,0.4577,8.90,0,0,0.0000,NOT_RUN,0,3717,1809,0,1,50,292,0,0,0,0
40,0,1,0,NEGATIVE_PEAK,-6.1940,1.4739,-367,4,-34,0.0327,86.83,118.01,122.12,38.46,96.50,122.00,91.00,74.00,0.4413,10.46,0,0,0.0000,NOT_RUN,0,4063,1916,0,1,50,367,0,0,0,0
41,0,1,0,NEGATIVE_PEAK,-5.0013,1.3603,-336,4,-29,0.2589,86.83,118.01,122.12,38.46,90.50,124.00,103.00,82.00,0.4315,7.03,0,0,0.0000,NOT_RUN,0,4320,2299,0,1,50,336,0,0,0,0
42,0,1,0,NEGATIVE_PEAK,-4.5904,1.0311,-332,-23,-7,0.1476,86.83,118.01,122.12,38.46,90.00,126.50,106.00,83.00,0.4329,9.07,0,0,0.0000,NOT_RUN,0,4873,2424,0,1,50,332,0,0,0,0
43,0,1,0,NEGATIVE_PEAK,-4.4421,1.0219,-327,4,-9,0.1713,86.83,118.01,122.12,38.46,91.50,129.00,105.00,86.00,0.4168,11.94,0,0,0.0000,NOT_RUN,0,5036,2432,0,1,50,327,0,0,0,0
44,0,1,0,NEGATIVE_PEAK,-5.5285,1.3821,-387,4,-7,0.4729,86.83,118.01,122.12,38.46,94.00,134.50,98.00,83.00,0.4160,17.98,0,0,0.0000,NOT_RUN,0,4903,2341,0,1,50,387,0,0,0,0
45,0,1,0,LOW_PSR,4.4334,1.0101,299,-7,-29,0.0769,86.83,118.01,122.12,38.46,92.50,137.00,99.00,70.00,0.4287,19.82,0,0,0.0000,NOT_RUN,0,3877,2436,0,1,50,299,0,0,0,0
46,0,1,0,NEGATIVE_PEAK,-4.1970,1.0107,-283,0,-19,0.3074,86.83,118.01,122.12,38.46,92.00,141.00,100.00,68.00,0.3569,23.57,0,0,0.0000,NOT_RUN,0,3714,2641,0,1,50,283,0,0,0,0
47,0,1,0,LOW_PSR,4.9998,1.2881,304,-8,15,0.2533,86.83,118.01,122.12,38.46,90.50,145.00,99.00,62.00,0.2696,27.24,0,0,0.0000,NOT_RUN,0,4097,2917,0,1,50,304,0,0,0,0
48,0,1,0,NEGATIVE_PEAK,-4.0125,1.1145,-253,19,-6,0.5217,86.83,118.01,122.12,38.46,90.00,143.00,98.00,78.00,0.3586,25.19,0,0,0.0000,NOT_RUN,0,3896,2700,0,1,50,253,0,0,0,0
49,0,1,0,LOW_PSR,4.0449,1.0898,279,-4,43,0.1828,86.83,118.01,122.12,38.46,90.50,142.50,99.00,87.00,0.3975,24.77,0,0,0.0000,NOT_RUN,0,4006,2504,0,1,50,279,0,0,0,0
50,0,1,1,ACCEPT,5.0639,1.3571,323,-8,33,0.0526,71.58,137.86,122.12,38.46,90.00,139.00,98.00,92.00,0.3459,18.46,1,0,2.2639,ACCEPT,0,4153,2141,22826,1,50,323,0,0,0,0
51,0,1,0,NEGATIVE_PEAK,-5.3793,1.1476,-311,-11,10,0.5498,71.58,137.86,122.12,38.46,88.00,137.50,100.00,85.00,0.3809,16.43,0,0,0.0000,NOT_RUN,0,3938,1522,0,1,50,311,0,0,0,0
52,0,1,1,ACCEPT,5.4978,1.1223,312,4,14,0.4968,79.20,146.28,122.12,38.46,88.50,136.50,101.00,81.00,0.4320,13.49,1,-5,1.7154,MAX_STEP,0,3932,1429,29241,1,50,312,0,0,0,0
53,0,1,1,ACCEPT,6.1378,1.2568,597,0,1,0.9648,79.20,146.88,122.12,38.46,88.00,139.00,104.00,68.00,0.5149,11.81,1,-5,1.8805,MAX_STEP,0,6185,1632,30052,1,50,597,0,0,0,0
54,0,1,1,ACCEPT,7.6798,1.6303,882,1,-2,0.8673,81.11,145.68,122.12,38.46,91.50,136.00,109.00,68.00,0.5016,14.20,1,-4,1.6146,MAX_STEP,0,6730,1897,30609,1,50,882,0,0,0,0
55,0,1,1,ACCEPT,8.4541,1.6207,987,0,-1,0.9635,81.11,145.08,122.12,38.46,93.50,135.50,113.00,65.00,0.5058,15.66,1,-4,1.9464,MAX_STEP,0,6990,2211,28696,1,50,987,0,0,0,0
56,0,1,1,ACCEPT,8.8518,1.4279,981,2,-2,0.8950,84.92,143.88,112.90,35.56,95.00,139.00,114.00,58.00,0.5288,11.20,1,-2,3.0403,ACCEPT,0,6479,2165,24718,1,50,981,0,0,0,0
57,0,1,1,ACCEPT,5.8782,1.1217,516,-4,5,0.5465,77.86,146.65,112.90,35.56,97.50,143.50,113.00,55.00,0.4801,19.89,1,-3,1.6402,MAX_STEP,0,5676,2201,22134,1,50,516,0,0,0,0
58,0,1,1,ACCEPT,5.1304,1.0866,364,0,3,0.9148,77.86,148.31,112.90,35.56,99.00,142.50,112.00,59.00,0.4402,21.93,1,-13,1.4078,MAX_STEP,0,4787,2186,20450,1,50,364,0,0,0,0
59,0,1,1,ACCEPT,5.3155,1.2280,404,1,1,0.9356,79.62,148.87,112.90,35.56,98.00,139.00,108.00,66.00,0.4161,20.86,1,-2,1.7341,LOW_CONF,0,4640,2023,17608,1,50,404,0,0,0,0
60,0,1,1,ACCEPT,7.5393,1.5423,492,-1,4,0.7663,77.86,151.09,112.90,35.56,94.00,139.50,106.00,81.00,0.3575,19.87,1,-2,1.3837,LOW_CONF,0,3938,2121,17212,1,50,492,0,0,0,0
61,0,1,1,ACCEPT,7.8717,1.5762,517,0,2,0.9149,77.86,152.20,112.90,35.56,92.00,142.50,104.00,81.00,0.3691,17.15,1,-4,1.6768,MAX_STEP,0,3862,2153,17857,1,50,517,0,0,0,0
62,0,1,1,ACCEPT,10.5018,2.2222,680,0,3,0.8132,77.86,153.86,112.90,35.56,92.50,144.50,113.00,71.00,0.4093,17.38,1,12,1.8899,MAX_STEP,0,4308,1957,16037,1,50,680,0,0,0,0
63,0,1,1,ACCEPT,8.3448,1.5663,520,-2,4,0.6250,74.33,156.08,112.90,35.56,94.00,149.50,118.00,57.00,0.4643,20.74,1,10,1.5578,MAX_STEP,0,3995,1737,18673,1,50,520,0,0,0,0
64,0,1,1,ACCEPT,9.2960,1.4594,521,1,4,0.7716,76.09,158.30,112.90,35.56,94.50,152.00,119.00,52.00,0.5151,19.45,1,-9,2.1856,MAX_STEP,0,3170,1925,19054,1,50,521,0,0,0,0
65,0,1,1,ACCEPT,7.6603,1.3723,505,2,3,0.6792,79.62,159.96,112.90,35.56,96.00,151.50,120.00,51.00,0.5240,18.43,1,4,2.4989,MAX_STEP,0,3871,2055,20714,1,50,505,0,0,0,0
66,0,1,1,ACCEPT,7.9354,1.6192,693,1,-4,0.6205,81.39,157.74,112.90,35.56,97.00,143.50,118.00,61.00,0.4349,21.13,1,6,1.6177,MAX_STEP,0,5480,2145,21439,1,50,693,0,0,0,0
67,0,1,1,ACCEPT,10.3591,2.0272,746,0,-3,0.7493,81.39,156.08,112.90,35.56,96.50,141.50,117.00,63.00,0.4374,21.00,1,6,1.6547,MAX_STEP,0,4820,2163,21032,1,50,746,0,0,0,0
68,0,1,1,ACCEPT,8.7727,1.6292,681,-1,-3,0.8532,79.62,154.41,112.90,35.56,95.00,141.50,116.00,65.00,0.4387,20.08,1,12,1.6485,MAX_STEP,0,5153,2198,20051,1,50,681,0,0,0,0
69,0,1,1,ACCEPT,8.9581,1.4866,776,0,-4,0.6933,79.62,152.20,112.90,35.56,96.50,143.00,121.00,64.00,0.4340,19.22,1,14,2.2281,MAX_STEP,0,5881,2627,16623,1,50,776,0,0,0,0
70,0,1,1,ACCEPT,10.5719,1.7009,779,-1,-2,0.9397,77.86,151.09,112.90,35.56,99.00,146.50,126.00,73.00,0.3598,21.63,1,12,1.9265,MAX_STEP,0,5267,2515,14952,1,50,779,0,0,0,0
71,0,1,1,ACCEPT,12.2282,1.7327,726,0,-1,0.9628,77.86,150.53,112.90,35.56,102.50,159.00,129.00,82.00,0.3067,26.06,1,14,1.9395,MAX_STEP,0,3894,2094,14172,1,50,726,0,0,0,0
72,0,1,1,ACCEPT,8.3334,1.4537,487,3,1,0.8604,83.16,151.09,112.90,35.56,105.00,168.00,126.00,68.00,0.3707,27.63,1,16,1.8294,AT_SEARCH_RAIL,0,3772,2555,13476,1,50,487,0,0,0,0
73,0,1,1,ACCEPT,10.3302,1.7740,573,0,2,0.8831,83.16,152.20,112.90,35.56,106.50,165.50,125.00,71.00,0.3582,26.87,1,16,1.9131,AT_SEARCH_RAIL,0,3649,2743,13632,1,50,573,0,0,0,0
74,0,1,1,ACCEPT,9.4370,1.5147,465,1,6,0.3742,84.92,155.52,112.90,35.56,101.00,159.00,130.00,76.00,0.3692,16.45,1,-8,1.5659,MAX_STEP,0,2721,3075,14273,1,50,465,0,0,0,0
75,0,1,1,ACCEPT,9.9743,1.8219,532,0,7,0.3064,84.92,159.41,112.90,35.56,93.00,157.50,122.00,77.00,0.4086,8.30,1,12,1.8840,MAX_STEP,0,3185,3062,14788,1,50,532,0,0,0,0
76,0,1,1,ACCEPT,12.1314,2.0092,653,-1,4,0.7090,83.16,161.62,112.90,35.56,90.50,159.50,119.00,79.00,0.4042,7.65,1,13,2.0563,MAX_STEP,0,3177,2800,15484,1,50,653,0,0,0,0
77,0,1,1,ACCEPT,11.9709,1.7010,660,0,-3,0.8364,83.16,159.96,112.90,35.56,92.50,166.00,115.00,82.00,0.3825,11.13,1,11,1.7152,MAX_STEP,0,3456,2558,16471,1,50,660,0,0,0,0
78,0,1,1,ACCEPT,13.4635,1.7518,741,0,-2,0.9285,83.16,158.85,112.90,35.56,96.00,172.50,108.00,85.00,0.3569,18.74,1,10,1.4257,MAX_STEP,0,3455,2680,15173,1,50,741,0,0,0,0
79,0,1,1,ACCEPT,14.4773,1.8946,701,0,-2,0.8987,83.16,157.74,112.90,35.56,97.50,175.00,107.00,86.00,0.3463,22.44,1,-11,1.2840,MAX_STEP,0,3253,2685,14484,1,50,701,0,0,0,0
80,0,1,1,ACCEPT,11.6349,1.9018,523,1,-4,0.6730,84.92,155.52,112.90,35.56,100.50,176.50,107.00,81.00,0.3598,26.13,1,13,1.3762,MAX_STEP,0,2898,2758,14211,1,50,523,0,0,0,0
81,0,1,1,ACCEPT,7.1421,1.3081,276,2,-4,0.6558,88.45,153.30,112.90,35.56,108.50,177.00,107.00,82.00,0.3274,31.04,1,16,1.5445,AT_SEARCH_RAIL,0,2048,2960,13901,1,50,276,0,0,0,0
82,0,1,1,ACCEPT,8.8037,1.6667,290,1,2,0.8690,90.22,154.41,112.90,35.56,110.00,177.00,104.00,84.00,0.3285,30.02,1,15,1.3645,MAX_STEP,0,1928,3227,12710,1,50,290,0,0,0,0
83,0,1,1,ACCEPT,10.9488,2.1690,308,3,2,0.7500,95.52,155.52,112.90,35.56,118.00,178.00,108.00,84.00,0.3141,31.79,1,14,1.5496,MAX_STEP,0,1769,3353,11081,1,50,308,0,0,0,0
84,0,1,1,ACCEPT,10.7468,2.2414,260,3,1,0.8154,100.81,156.08,112.90,35.56,123.50,176.50,109.00,79.00,0.3308,30.53,1,15,1.8898,MAX_STEP,0,1441,3379,10620,1,50,260,0,0,0,0
85,0,1,1,ACCEPT,10.8474,2.1111,266,2,2,0.8459,104.34,157.19,112.90,35.56,125.00,175.50,106.00,75.00,0.3585,27.60,1,-16,1.8762,AT_SEARCH_RAIL,0,1588,3614,10615,1,50,266,0,0,0,0
86,0,1,1,ACCEPT,10.8664,1.9925,267,1,3,0.7528,106.11,158.85,112.90,35.56,125.00,175.50,106.00,75.00,0.3683,25.18,1,-14,1.9860,MAX_STEP,0,1381,3991,9168,1,50,267,0,0,0,0
87,0,1,1,ACCEPT,8.6380,1.0662,161,-1,-5,0.6894,104.34,156.08,112.90,35.56,124.00,174.00,108.00,98.00,0.2840,26.60,1,0,2.4350,ACCEPT,0,1044,3829,7613,1,50,161,0,0,0,0
88,0,1,1,ACCEPT,8.9729,1.2609,116,-1,-4,0.7586,102.58,153.86,108.56,34.19,122.00,172.50,108.00,111.00,0.2400,26.92,1,-1,2.0081,ACCEPT,0,891,3873,6810,1,50,116,0,0,0,0
89,0,1,1,ACCEPT,7.5286,1.1549,82,-4,-7,0.0976,95.80,150.14,108.56,34.19,111.50,171.00,87.00,132.00,0.2265,26.11,1,-1,1.5034,LOW_CONF,0,794,3575,5038,1,50,82,0,0,0,0
90,0,1,0,LOW_PSR,4.9170,1.1471,39,-18,-4,0.2821,95.80,150.14,108.56,34.19,92.00,169.00,44.00,146.00,0.1743,19.24,0,0,0.0000,NOT_RUN,0,664,3287,0,1,50,39,0,0,0,0
91,0,1,1,ACCEPT,6.0697,1.1364,50,-19,1,0.0400,63.59,150.67,108.56,34.19,87.50,166.50,33.00,149.00,0.1504,28.68,1,-3,2.5199,MAX_STEP,0,652,3105,3146,1,50,50,0,0,0,0
92,0,1,1,ACCEPT,5.7647,1.1944,43,-2,3,0.6977,60.20,152.27,104.38,32.88,73.50,167.50,53.00,149.00,0.1818,20.23,1,-1,2.5668,ACCEPT,0,565,3174,4425,1,50,43,0,0,0,0
93,0,1,0,NEGATIVE_PEAK,-4.4384,1.0755,-57,-13,2,0.4561,60.20,152.27,104.38,32.88,64.00,172.50,82.00,135.00,0.2284,20.59,0,0,0.0000,NOT_RUN,0,677,2607,0,1,50,57,0,0,0,0
94,0,1,1,ACCEPT,5.4934,1.1970,79,2,3,0.7215,63.46,153.81,104.38,32.88,62.50,176.50,93.00,121.00,0.2630,22.71,1,-3,1.7734,MAX_STEP,0,1115,2581,8271,1,50,79,0,0,0,0
95,0,1,1,ACCEPT,6.5748,1.0882,185,0,1,0.9514,63.46,154.33,104.38,32.88,60.00,185.50,118.00,91.00,0.2931,31.36,1,13,1.4940,MAX_STEP,0,2383,2142,8817,1,50,185,0,0,0,0
96,0,1,1,ACCEPT,6.7255,1.1731,183,2,15,0.7104,66.73,162.06,104.38,32.88,66.50,184.00,131.00,82.00,0.3195,21.94,1,14,1.5243,MAX_STEP,0,1481,2688,9597,1,50,183,0,0,0,0
97,0,1,1,ACCEPT,7.5095,1.3481,213,1,4,0.6526,68.36,164.12,104.38,32.88,69.00,182.00,134.00,78.00,0.3283,17.89,1,14,1.7937,MAX_STEP,0,1893,2911,9016,1,50,213,0,0,0,0
98,0,1,1,ACCEPT,8.7093,1.3743,257,5,6,0.3619,76.52,167.22,104.38,32.88,78.00,182.00,132.00,74.00,0.3513,14.85,1,2,1.6486,LOW_CONF,0,1894,3419,9686,1,50,257,0,0,0,0
99,0,1,0,NEGATIVE_PEAK,-4.9387,1.0833,-195,17,7,0.4000,76.52,167.22,104.38,32.88,94.00,192.00,106.00,86.00,0.2984,30.32,0,0,0.0000,NOT_RUN,0,2084,3397,0,1,50,195,0,0,0,0
100,0,1,1,ACCEPT,5.9125,1.2570,225,-2,13,0.1511,73.26,173.92,104.38,32.88,107.00,196.50,76.00,91.00,0.2186,40.60,1,11,1.3120,MAX_STEP,0,2115,3338,12185,1,50,225,0,0,0,0
101,0,1,1,ACCEPT,5.2463,1.0230,178,2,10,0.7079,76.52,179.08,104.38,32.88,111.00,196.00,56.00,106.00,0.1911,38.41,1,-16,1.2733,AT_SEARCH_RAIL,0,2072,3096,7354,1,50,178,0,0,0,0
102,0,1,1,ACCEPT,5.2270,1.0108,94,2,7,0.7340,79.79,182.69,104.38,32.88,122.50,191.50,53.00,105.00,0.1514,43.61,1,13,1.6056,MAX_STEP,0,1351,3448,3429,1,50,94,0,0,0,0
103,0,1,1,ACCEPT,5.0229,1.0263,39,1,1,0.9231,81.42,183.20,104.38,32.88,132.00,193.50,66.00,109.00,0.1199,51.62,1,14,1.6414,MAX_STEP,0,601,3555,3568,1,50,39,0,0,0,0
104,0,1,1,ACCEPT,5.8840,1.0435,48,1,-6,0.7083,83.05,180.11,104.38,32.88,137.00,183.00,82.00,82.00,0.1455,54.02,1,15,1.5217,MAX_STEP,0,532,3396,5833,1,50,48,0,0,0,0
105,0,1,1,ACCEPT,6.3618,1.1688,90,-1,-17,0.7000,81.42,171.34,104.38,32.88,133.50,181.00,89.00,72.00,0.1752,52.97,1,14,1.2858,MAX_STEP,0,818,3515,9859,1,50,90,0,0,0,0
106,0,1,1,ACCEPT,7.5984,1.2102,190,0,2,0.9632,81.42,172.38,104.38,32.88,132.00,182.50,92.00,65.00,0.1995,51.58,1,-12,1.6105,MAX_STEP,0,1489,3162,11469,1,50,190,0,0,0,0
107,0,1,1,ACCEPT,5.0324,1.0308,134,-2,-13,0.9403,78.16,165.67,104.38,32.88,131.00,184.50,94.00,47.00,0.1424,56.10,1,12,1.3610,MAX_STEP,0,1717,3542,10425,1,50,134,0,0,0,0
108,0,1,1,ACCEPT,5.4207,1.0940,163,21,15,0.1472,112.45,173.41,104.38,32.88,126.00,181.50,104.00,45.00,0.5259,15.79,1,2,1.5741,LOW_CONF,0,1506,3908,7960,1,50,163,0,0,0,0
109,0,1,1,ACCEPT,14.9575,1.6327,320,-3,-1,0.8625,107.55,172.89,104.38,32.88,124.50,178.50,107.00,49.00,0.5067,17.86,1,-8,1.8442,MAX_STEP,0,1301,4688,6535,1,50,320,0,0,0,0
110,0,1,1,ACCEPT,8.0937,1.5135,168,-8,-4,0.3274,94.48,170.83,104.38,32.88,120.00,172.00,116.00,56.00,0.3897,25.54,1,-11,1.9266,MAX_STEP,0,1027,4049,6108,1,50,168,0,0,0,0
111,0,1,1,ACCEPT,6.6200,1.1600,87,-1,-6,0.7931,92.85,167.73,104.38,32.88,116.00,165.50,106.00,69.00,0.3351,23.26,1,3,1.9536,MAX_STEP,0,780,3574,4484,1,50,87,0,0,0,0
112,0,1,1,ACCEPT,6.6338,1.0185,55,-1,-13,0.7273,91.22,161.03,104.38,32.88,114.00,163.00,96.00,74.00,0.3185,22.87,1,-11,2.0639,MAX_STEP,0,466,3400,4178,1,50,55,0,0,0,0
113,0,1,1,ACCEPT,8.6022,1.5476,65,-4,4,0.4308,84.69,163.09,104.38,32.88,102.00,149.00,78.00,92.00,0.2970,22.32,1,-10,1.4316,MAX_STEP,0,482,3118,3559,1,50,65,0,0,0,0
114,0,1,1,ACCEPT,6.7235,1.1579,66,-3,3,0.7727,79.79,164.64,104.38,32.88,85.50,139.00,65.00,100.00,0.2742,26.27,1,0,2.1712,ACCEPT,0,662,2831,6449,1,50,66,0,0,0,0
115,0,1,1,ACCEPT,8.4183,1.4048,177,0,-5,0.5819,79.79,162.06,104.38,32.88,75.50,132.00,53.00,106.00,0.2385,30.37,1,0,2.4545,ACCEPT,0,1477,2919,8272,1,50,177,0,0,0,0
116,0,1,1,ACCEPT,9.6951,1.4855,205,1,3,0.7854,81.42,163.61,104.38,32.88,73.50,134.50,51.00,115.00,0.2200,30.17,1,-6,1.7420,MAX_STEP,0,1299,2907,6076,1,50,205,0,0,0,0
117,0,1,1,ACCEPT,8.0548,1.2830,136,0,5,0.7059,81.42,166.19,104.38,32.88,65.00,146.00,70.00,98.00,0.2880,26.02,1,-8,2.0960,MAX_STEP,0,866,2947,5783,1,50,136,0,0,0,0
118,0,1,1,ACCEPT,11.0637,2.1379,186,0,-1,0.9785,81.42,165.67,104.38,32.88,62.00,146.50,76.00,93.00,0.2847,27.29,1,-10,1.9121,MAX_STEP,0,936,3071,6466,1,50,186,0,0,0,0
119,0,1,1,ACCEPT,6.2870,1.0077,131,2,-1,0.8626,84.69,165.16,104.38,32.88,61.50,155.50,83.00,65.00,0.3561,25.12,1,-6,1.8028,MAX_STEP,0,1093,3033,6672,1,50,131,0,0,0,0
120,0,1,1,ACCEPT,5.6983,1.1057,136,-13,-20,0.7500,63.46,154.84,104.38,32.88,59.00,162.00,94.00,48.00,0.6368,8.43,1,4,1.2795,MAX_STEP,0,1164,2954,7016,1,50,136,0,0,0,0
121,0,1,1,ACCEPT,5.4578,1.1691,159,0,5,0.8113,63.46,157.42,104.38,32.88,60.00,166.50,96.00,37.00,0.5515,9.72,1,4,1.8818,MAX_STEP,0,1711,2184,6696,1,50,159,0,0,0,0
122,0,1,0,NEGATIVE_PEAK,-5.2685,1.2477,-136,-21,-7,0.0588,63.46,157.42,104.38,32.88,61.00,170.00,94.00,26.00,0.3694,12.82,0,0,0.0000,NOT_RUN,0,1551,2451,0,1,50,136,0,0,0,0
123,0,1,0,NEGATIVE_PEAK,-4.6528,1.1443,-111,-22,-5,0.3333,63.46,157.42,104.38,32.88,65.50,174.50,81.00,33.00,0.2665,17.20,0,0,0.0000,NOT_RUN,0,1398,2785,0,1,50,111,0,0,0,0
124,0,1,1,ACCEPT,6.6573,1.4153,167,14,21,0.0120,86.32,168.25,104.38,32.88,67.50,176.50,73.00,33.00,0.4191,20.55,1,1,1.3925,LOW_CONF,0,1428,2775,7572,1,50,167,0,0,0,0
125,0,1,1,ACCEPT,6.7000,1.1241,154,-1,-6,0.4416,84.69,165.16,104.38,32.88,67.00,181.50,66.00,49.00,0.3219,24.08,1,0,2.1756,ACCEPT,0,1261,3632,5841,1,50,154,0,0,0,0
126,0,1,1,ACCEPT,11.3381,1.9323,257,-2,13,0.1751,81.42,171.86,100.37,31.61,70.50,189.00,49.00,56.00,0.2834,20.32,1,-1,2.0979,ACCEPT,0,1343,3837,6029,1,50,257,0,0,0,0
127,0,1,1,ACCEPT,14.0489,2.0446,321,0,-2,0.8349,81.42,170.88,100.37,31.61,75.50,189.50,39.00,59.00,0.2347,19.54,1,0,2.6233,ACCEPT,0,1459,3855,5489,1,50,321,0,0,0,0
128,0,1,0,NEGATIVE_PEAK,-5.8066,1.2537,-84,-37,-5,0.5714,81.42,170.88,100.37,31.61,80.50,189.50,21.00,63.00,0.1547,18.65,0,0,0.0000,NOT_RUN,0,1502,4200,0,1,50,84,0,0,0,0
129,0,1,0,NEGATIVE_PEAK,-5.3286,1.1429,-80,-39,-10,0.2000,81.42,170.88,100.37,31.61,88.50,189.00,33.00,60.00,0.2155,19.46,0,0,0.0000,NOT_RUN,0,1551,4407,0,1,50,80,0,0,0,0
130,0,1,1,ACCEPT,5.6187,1.1410,89,-4,-1,0.8315,75.14,170.38,100.37,31.61,90.50,187.50,43.00,55.00,0.2553,23.00,1,0,2.8464,ACCEPT,0,1525,4533,3846,1,50,89,0,0,0,0
131,0,1,0,NEGATIVE_PEAK,-5.7588,1.1571,-81,1,33,0.3086,75.14,170.38,100.37,31.61,97.50,187.00,69.00,54.00,0.3099,27.86,0,0,0.0000,NOT_RUN,0,1006,4362,0,1,50,81,0,0,0,0
132,0,1,0,NEGATIVE_PEAK,-6.5051,1.0538,-98,18,25,0.1020,75.14,170.38,100.37,31.61,102.00,188.00,84.00,44.00,0.2376,32.12,0,0,0.0000,NOT_RUN,0,937,4265,0,1,50,98,0,0,0,0
133,0,1,0,NEGATIVE_PEAK,-6.1883,1.1625,-93,18,25,0.5161,75.14,170.38,100.37,31.61,103.00,186.00,88.00,38.00,0.2427,31.94,0,0,0.0000,NOT_RUN,0,963,4362,0,1,50,93,0,0,0,0
134,0,1,1,ACCEPT,5.3234,1.0128,79,-8,-14,0.4810,62.58,163.49,100.37,31.61,104.00,181.50,88.00,39.00,0.1603,45.17,1,-5,1.6938,MAX_STEP,0,1079,4463,5075,1,50,79,0,0,0,0
135,0,1,1,ACCEPT,6.3246,1.3924,110,-1,-7,0.1273,61.01,160.05,100.37,31.61,108.00,183.50,72.00,47.00,0.1047,52.52,1,-5,1.8150,MAX_STEP,0,1430,4291,5076,1,50,110,0,0,0,0
136,0,1,1,ACCEPT,8.7581,1.8354,145,0,-4,0.3931,61.01,158.08,100.37,31.61,107.00,183.50,68.00,49.00,0.0958,52.55,1,-5,1.6090,MAX_STEP,0,1431,4159,5108,1,50,145,0,0,0,0
137,0,1,1,ACCEPT,9.5247,1.9375,155,-1,-7,0.1032,59.44,154.63,100.37,31.61,106.00,185.00,66.00,46.00,0.0524,55.59,1,-5,1.7036,MAX_STEP,0,1417,4136,4403,1,50,155,0,0,0,0
138,0,1,1,ACCEPT,10.4565,1.9610,151,-1,-8,0.0662,57.87,150.70,100.37,31.61,105.50,183.50,67.00,43.00,0.0275,57.84,1,-5,1.7049,MAX_STEP,0,1269,4093,3982,1,50,151,0,0,0,0
139,0,1,1,ACCEPT,12.8099,2.4085,171,-1,-3,0.5789,56.30,149.22,100.37,31.61,104.00,183.00,66.00,42.00,0.0184,58.45,1,-5,1.7968,MAX_STEP,0,1198,4077,3952,1,50,171,0,0,0,0
140,0,1,1,ACCEPT,13.2963,2.5070,178,0,-5,0.2191,56.30,146.76,100.37,31.61,102.00,181.00,66.00,40.00,0.0102,57.11,1,-9,1.8249,MAX_STEP,0,1181,3995,4059,1,50,178,0,0,0,0
141,0,1,1,ACCEPT,13.5960,2.5857,181,-1,-6,0.0884,54.73,143.80,100.37,31.61,100.50,179.00,63.00,38.00,0.0000,57.74,1,-6,1.6947,MAX_STEP,0,1213,4052,3825,1,50,181,0,0,0,0
142,0,1,1,ACCEPT,13.9176,2.9355,182,-1,-3,0.6703,53.16,142.33,100.37,31.61,100.00,179.50,64.00,43.00,0.0008,59.80,1,-5,1.8845,MAX_STEP,0,1145,4042,3788,1,50,182,0,0,0,0
143,0,1,1,ACCEPT,15.3707,2.9459,218,0,-2,0.7752,53.16,141.34,100.37,31.61,98.50,179.00,65.00,44.00,0.0009,58.94,1,-6,1.6142,MAX_STEP,0,1128,4027,4534,1,50,218,0,0,0,0
144,0,1,1,ACCEPT,15.3276,2.6020,255,-1,-3,0.6314,51.59,139.87,100.37,31.61,97.50,180.00,65.00,48.00,0.0000,60.98,1,-6,1.8186,MAX_STEP,0,1359,4012,4196,1,50,255,0,0,0,0
145,0,1,1,ACCEPT,16.4037,3.1098,255,0,-2,0.7765,51.59,138.88,100.37,31.61,96.50,183.00,63.00,50.00,0.0000,62.96,1,-5,1.9049,MAX_STEP,0,1227,4030,4183,1,50,255,0,0,0,0
146,0,1,1,ACCEPT,17.2201,2.9247,272,0,-2,0.7904,51.59,137.90,100.37,31.61,96.00,184.00,64.00,50.00,0.0000,64.02,1,-5,1.8415,MAX_STEP,0,1251,3922,4319,1,50,272,0,0,0,0
147,0,1,1,ACCEPT,17.6369,2.9592,290,0,-1,0.9345,51.59,137.41,100.37,31.61,97.00,185.50,64.00,47.00,0.0000,66.15,1,-5,1.8645,MAX_STEP,0,1284,4008,4122,1,50,290,0,0,0,0
148,0,1,1,ACCEPT,18.5415,2.9126,300,0,0,1.0000,51.59,137.41,100.37,31.61,97.00,185.00,62.00,46.00,0.0000,65.78,1,-5,1.8040,MAX_STEP,0,1250,3995,4318,1,50,300,0,0,0,0
149,0,1,1,ACCEPT,18.7818,2.7217,313,0,-1,0.9265,51.59,136.91,100.37,31.61,96.50,187.00,61.00,40.00,0.0000,67.27,1,-6,1.6543,MAX_STEP,0,1290,4014,4249,1,50,313,0,0,0,0
150,0,1,1,ACCEPT,19.2237,2.6579,303,0,-3,0.6634,51.59,135.44,100.37,31.61,96.50,187.00,61.00,40.00,0.0000,68.38,1,-6,1.7101,MAX_STEP,0,1208,4001,4231,1,50,303,0,0,0,0
151,0,1,1,ACCEPT,19.9141,2.7182,299,0,0,1.0000,51.59,135.44,100.37,31.61,96.00,188.00,62.00,40.00,0.0000,68.81,1,-6,1.5823,MAX_STEP,0,1135,3954,4583,1,50,299,0,0,0,0
152,0,1,1,ACCEPT,20.7620,2.9815,322,0,-4,0.4130,51.59,133.47,100.37,31.61,96.00,187.00,62.00,44.00,0.0000,69.56,1,-6,1.5921,MAX_STEP,0,1183,3981,4173,1,50,322,0,0,0,0
153,0,1,1,ACCEPT,21.7717,3.1684,301,0,-5,0.2060,51.59,131.01,100.37,31.61,97.00,185.50,60.00,47.00,0.0000,70.94,1,-6,1.6947,MAX_STEP,0,1027,3832,4276,1,50,301,0,0,0,0
154,0,1,1,ACCEPT,22.8349,2.9434,312,0,-4,0.4006,51.59,129.04,100.37,31.61,97.00,184.50,60.00,45.00,0.0000,71.68,1,-6,1.8391,MAX_STEP,0,1022,3815,4238,1,50,312,0,0,0,0
155,0,1,1,ACCEPT,22.0211,3.1064,292,1,-5,0.2774,53.16,126.58,100.37,31.61,97.00,181.50,60.00,47.00,0.0000,70.28,1,-10,1.8652,MAX_STEP,0,1004,3726,4663,1,50,292,0,0,0,0
156,0,1,1,ACCEPT,21.0192,2.8900,289,0,-4,0.3183,53.16,124.61,100.37,31.61,97.00,183.50,60.00,55.00,0.0000,73.42,1,-7,1.6224,MAX_STEP,0,1006,3692,4964,1,50,289,0,0,0,0
157,0,1,1,ACCEPT,21.5127,3.2979,310,1,-2,0.7935,54.73,123.62,100.37,31.61,97.00,185.00,60.00,58.00,0.0000,74.52,1,-9,2.1316,MAX_STEP,0,1030,3683,5924,1,50,310,0,0,0,0
158,0,1,1,ACCEPT,22.0667,2.7840,348,-1,-3,0.6552,53.16,122.15,100.37,31.61,97.00,185.50,60.00,65.00,0.0000,77.04,1,-6,1.8683,MAX_STEP,0,1170,3751,5898,1,50,348,0,0,0,0
159,0,1,1,ACCEPT,24.4217,3.1417,377,1,-1,0.9151,54.73,121.66,100.37,31.61,96.50,186.00,61.00,66.00,0.0000,76.71,1,-10,2.1324,MAX_STEP,0,1087,3595,7048,1,50,377,0,0,0,0
160,0,1,1,ACCEPT,23.5973,2.6026,393,-1,-2,0.8168,53.16,120.67,100.37,31.61,96.00,186.50,60.00,67.00,0.0000,78.54,1,-6,1.9283,MAX_STEP,0,1231,3752,6596,1,50,393,0,0,0,0
161,0,1,1,ACCEPT,25.6036,3.0226,402,1,-1,0.9527,54.73,120.18,100.37,31.61,96.00,187.50,62.00,69.00,0.0000,78.97,1,-10,2.3438,MAX_STEP,0,1107,3663,7630,1,50,402,0,0,0,0
162,0,1,1,ACCEPT,24.7586,2.6178,411,-1,1,0.9027,53.16,120.67,100.37,31.61,95.50,190.00,63.00,70.00,0.0000,81.24,1,-6,1.8798,MAX_STEP,0,1217,3767,7310,1,50,411,0,0,0,0
163,0,1,1,ACCEPT,26.4068,3.0432,423,1,0,0.9811,54.73,120.67,100.37,31.61,94.50,190.50,63.00,71.00,0.0000,80.36,1,-10,2.2242,MAX_STEP,0,1145,3683,8017,1,50,423,0,0,0,0
164,0,1,1,ACCEPT,25.7152,2.7548,427,-1,1,0.9859,53.16,121.16,100.37,31.61,92.50,191.00,65.00,68.00,0.0000,80.16,1,-6,1.8759,MAX_STEP,0,1240,3778,6816,1,50,427,0,0,0,0
165,0,1,1,ACCEPT,28.0476,3.0985,409,1,2,0.8631,54.73,122.15,100.37,31.61,92.00,192.00,68.00,66.00,0.0000,79.17,1,-10,1.9933,MAX_STEP,0,1033,3724,7453,1,50,409,0,0,0,0
166,0,1,1,ACCEPT,27.3009,2.5868,432,-1,0,0.9977,53.16,122.15,100.37,31.61,91.00,193.00,70.00,64.00,0.0000,80.32,1,-6,1.9110,MAX_STEP,0,1189,3783,6900,1,50,432,0,0,0,0
167,0,1,1,ACCEPT,28.6374,3.1314,429,1,1,0.8881,54.73,122.64,100.37,31.61,89.00,192.50,74.00,65.00,0.0000,77.81,1,-10,2.1180,MAX_STEP,0,1047,3673,8091,1,50,429,0,0,0,0
168,0,1,1,ACCEPT,27.3486,3.2519,426,0,0,1.0000,54.73,122.64,100.37,31.61,89.00,194.00,76.00,64.00,0.0000,79.16,1,-10,1.9917,MAX_STEP,0,1145,3754,7988,1,50,426,0,0,0,0
169,0,1,1,ACCEPT,27.9525,3.3636,407,0,1,0.9705,54.73,123.13,100.37,31.61,88.50,195.00,77.00,64.00,0.0000,79.41,1,-11,1.7154,MAX_STEP,0,1049,3753,8145,1,50,407,0,0,0,0
170,0,1,1,ACCEPT,29.2411,2.9429,412,0,2,0.8398,54.73,124.12,100.37,31.61,88.00,197.00,78.00,60.00,0.0000,80.12,1,-7,1.7295,MAX_STEP,0,1013,3823,9009,1,50,412,0,0,0,0
171,0,1,1,ACCEPT,29.7267,3.0205,441,0,0,1.0000,54.73,124.12,100.37,31.61,88.00,198.00,80.00,60.00,0.0000,81.03,1,-7,1.7863,MAX_STEP,0,1072,3844,8948,1,50,441,0,0,0,0
172,0,1,1,ACCEPT,31.3184,2.9724,431,0,1,0.9606,54.73,124.61,100.37,31.61,88.00,198.50,80.00,57.00,0.0000,81.04,1,-6,1.8108,MAX_STEP,0,1002,3858,9898,1,50,431,0,0,0,0
173,0,1,1,ACCEPT,30.9444,3.0068,442,1,0,0.9932,56.30,124.61,100.37,31.61,89.00,201.00,82.00,56.00,0.0000,83.10,1,-10,2.3241,MAX_STEP,0,1040,3815,10539,1,50,442,0,0,0,0
174,0,1,1,ACCEPT,30.3477,3.0411,444,0,1,0.9910,56.30,125.10,100.37,31.61,90.00,202.00,84.00,52.00,0.0000,83.96,1,-10,1.7445,MAX_STEP,0,1081,3950,9850,1,50,444,0,0,0,0
175,0,1,1,ACCEPT,29.1688,3.4365,433,1,1,0.9654,57.87,125.59,100.37,31.61,91.50,202.50,83.00,49.00,0.0000,83.94,1,-9,1.9870,MAX_STEP,0,1032,4010,9935,1,50,433,0,0,0,0
176,0,1,1,ACCEPT,23.1388,3.5545,359,0,-1,0.9610,57.87,125.10,100.37,31.61,92.50,203.00,83.00,46.00,0.0000,85.25,1,-10,2.2828,MAX_STEP,0,1002,4029,9157,1,50,359,0,0,0,0
177,0,1,1,ACCEPT,25.5741,3.2897,352,1,2,0.8778,59.44,126.09,100.37,31.61,94.50,203.00,83.00,42.00,0.0000,84.53,1,-10,2.0372,MAX_STEP,0,884,3928,10110,1,50,352,0,0,0,0
178,0,1,1,ACCEPT,24.0676,3.1565,363,0,-1,0.9890,59.44,125.59,100.37,31.61,94.50,203.00,85.00,42.00,0.0000,84.98,1,-10,2.3024,MAX_STEP,0,990,3929,9495,1,50,363,0,0,0,0
179,0,1,1,ACCEPT,26.8935,3.5514,380,1,0,0.9842,61.01,125.59,100.37,31.61,95.50,203.00,83.00,38.00,0.0000,84.74,1,-8,1.7075,MAX_STEP,0,916,3919,9418,1,50,380,0,0,0,0
180,0,1,1,ACCEPT,26.9259,3.3304,383,0,1,0.9765,61.01,126.09,100.37,31.61,94.50,203.00,83.00,38.00,0.0000,83.89,1,-9,2.0313,MAX_STEP,0,948,4055,8804,1,50,383,0,0,0,0
181,0,1,1,ACCEPT,27.1620,3.7353,381,0,1,0.9318,61.01,126.58,100.37,31.61,94.00,203.00,84.00,36.00,0.0000,83.24,1,-9,2.0140,MAX_STEP,0,934,4040,8536,1,50,381,0,0,0,0
182,0,1,1,ACCEPT,27.7056,3.2288,381,-1,0,0.9974,59.44,126.58,100.37,31.61,93.50,202.50,83.00,35.00,0.0000,83.21,1,-10,1.7689,MAX_STEP,0,913,4115,8560,1,50,381,0,0,0,0
183,0,1,1,ACCEPT,29.7383,4.1020,402,1,1,0.9030,61.01,127.07,100.37,31.61,93.00,203.00,86.00,34.00,0.0000,82.39,1,-8,1.8665,MAX_STEP,0,876,3947,9355,1,50,402,0,0,0,0
184,0,1,1,ACCEPT,30.3095,3.3821,416,-1,2,0.8654,59.44,128.05,100.37,31.61,92.50,203.00,85.00,34.00,0.0000,81.91,1,-10,1.9018,MAX_STEP,0,935,4084,8861,1,50,416,0,0,0,0
185,0,1,1,ACCEPT,31.2974,4.1863,427,1,1,0.9415,61.01,128.55,100.37,31.61,92.50,203.00,87.00,34.00,0.0000,80.84,1,-8,1.7453,MAX_STEP,0,879,3948,9837,1,50,427,0,0,0,0
186,0,1,1,ACCEPT,29.7745,3.4790,414,0,0,1.0000,61.01,128.55,100.37,31.61,93.50,204.00,85.00,32.00,0.0000,82.15,1,-9,2.0056,MAX_STEP,0,941,3998,9319,1,50,414,0,0,0,0
187,0,1,1,ACCEPT,30.7452,3.7451,382,0,0,1.0000,61.01,128.55,100.37,31.61,93.50,204.50,87.00,31.00,0.0000,82.61,1,-9,2.1395,MAX_STEP,0,844,3960,9727,1,50,382,0,0,0,0
188,0,1,1,ACCEPT,30.9151,3.6857,387,0,0,1.0000,61.01,128.55,100.37,31.61,95.00,205.00,86.00,30.00,0.0000,83.67,1,-10,2.4683,MAX_STEP,0,857,3968,9701,1,50,387,0,0,0,0
189,0,1,1,ACCEPT,32.3166,4.0309,391,0,1,0.9565,61.01,129.04,100.37,31.61,95.00,205.00,84.00,30.00,0.0000,83.22,1,-10,2.5503,MAX_STEP,0,839,3978,10156,1,50,391,0,0,0,0
190,0,1,1,ACCEPT,33.0322,3.7961,391,0,1,0.9540,61.01,129.53,100.37,31.61,95.50,204.50,85.00,31.00,0.0000,82.52,1,-10,2.2670,MAX_STEP,0,826,3975,10274,1,50,391,0,0,0,0
191,0,1,1,ACCEPT,33.8614,3.4783,400,0,-1,0.9750,61.01,129.04,100.37,31.61,95.50,205.00,85.00,32.00,0.0000,83.43,1,-11,2.3582,MAX_STEP,0,821,4023,10406,1,50,400,0,0,0,0
192,0,1,1,ACCEPT,35.6441,3.4132,413,0,1,0.9274,61.01,129.53,100.37,31.61,96.00,205.00,84.00,32.00,0.0000,83.19,1,-11,2.1422,MAX_STEP,0,813,4049,10458,1,50,413,0,0,0,0
193,0,1,1,ACCEPT,36.0918,3.4661,409,0,-1,0.9804,61.01,129.04,100.37,31.61,95.00,205.50,86.00,33.00,0.0000,83.68,1,-11,2.2563,MAX_STEP,0,798,4034,10568,1,50,409,0,0,0,0
194,0,1,1,ACCEPT,36.3116,3.2540,410,0,2,0.8805,61.01,130.02,100.37,31.61,95.50,205.50,85.00,31.00,0.0000,82.98,1,-10,1.9070,MAX_STEP,0,779,4028,10629,1,50,410,0,0,0,0
195,0,1,1,ACCEPT,38.0186,3.5763,422,1,0,0.9834,62.58,130.02,100.37,31.61,95.50,206.00,85.00,32.00,0.0000,82.80,1,-9,1.9899,MAX_STEP,0,763,3943,10695,1,50,422,0,0,0,0
196,0,1,1,ACCEPT,37.5963,3.3636,407,-1,0,0.9877,61.01,130.02,100.37,31.61,95.00,206.00,86.00,34.00,0.0000,83.23,1,-7,1.8637,MAX_STEP,0,775,4078,10604,1,50,407,0,0,0,0
197,0,1,1,ACCEPT,39.4723,3.6752,430,1,0,0.9744,62.58,130.02,100.37,31.61,96.00,206.50,84.00,31.00,0.0000,83.46,1,-10,2.2212,MAX_STEP,0,743,3928,12118,1,50,430,0,0,0,0
198,0,1,1,ACCEPT,37.2296,3.3359,427,0,0,1.0000,62.58,130.02,100.37,31.61,96.00,206.00,84.00,32.00,0.0000,83.00,1,-10,2.2451,MAX_STEP,0,820,4016,11003,1,50,427,0,0,0,0
199,0,1,1,ACCEPT,38.3192,3.2975,399,0,0,1.0000,62.58,130.02,100.37,31.61,96.00,206.00,84.00,32.00,0.0000,83.00,1,-10,2.2488,MAX_STEP,0,740,4007,11275,1,50,399,0,0,0,0
200,0,1,1,ACCEPT,38.2234,3.1364,414,0,0,1.0000,62.58,130.02,100.37,31.61,96.50,206.50,85.00,33.00,0.0000,83.66,1,-10,2.2127,MAX_STEP,0,764,4123,11693,1,50,414,0,0,0,0
201,0,1,1,ACCEPT,36.0244,3.0970,415,0,0,1.0000,62.58,130.02,100.37,31.61,96.00,206.50,84.00,33.00,0.0000,83.46,1,-10,2.0891,MAX_STEP,0,794,4068,11205,1,50,415,0,0,0,0
202,0,1,1,ACCEPT,35.4629,3.0887,383,0,0,1.0000,62.58,130.02,100.37,31.61,96.00,206.50,84.00,33.00,0.0000,83.46,1,-10,2.1862,MAX_STEP,0,736,4062,11634,1,50,383,0,0,0,0
203,0,1,1,ACCEPT,34.4761,3.0640,383,0,0,1.0000,62.58,130.02,100.37,31.61,95.50,207.00,85.00,34.00,0.0000,83.72,1,-10,2.1604,MAX_STEP,0,740,4051,11821,1,50,383,0,0,0,0
204,0,1,1,ACCEPT,33.4395,3.2883,365,-1,-1,0.9836,61.01,129.53,100.37,31.61,96.50,206.00,83.00,36.00,0.0000,84.30,1,-7,1.7396,MAX_STEP,0,738,4073,11744,1,50,365,0,0,0,0
205,0,1,1,ACCEPT,35.5880,4.4167,371,1,-1,0.9218,62.58,129.04,100.37,31.61,96.50,205.50,83.00,37.00,0.0000,83.65,1,-9,1.9318,MAX_STEP,0,705,4010,12921,1,50,371,0,0,0,0
206,0,1,1,ACCEPT,33.2164,3.8936,366,-1,-1,0.9563,61.01,128.55,100.37,31.61,98.00,203.00,80.00,38.00,0.0000,83.14,1,-7,1.7737,MAX_STEP,0,740,4001,12191,1,50,366,0,0,0,0
207,0,1,1,ACCEPT,34.0101,4.1628,358,1,-3,0.6508,62.58,127.07,100.37,31.61,98.50,201.50,77.00,41.00,0.0000,82.64,1,-9,2.0409,MAX_STEP,0,675,3972,12909,1,50,358,0,0,0,0
208,0,1,1,ACCEPT,34.2409,3.6078,368,-1,0,0.9891,61.01,127.07,100.37,31.61,100.50,201.50,75.00,39.00,0.0000,84.26,1,-7,1.8128,MAX_STEP,0,696,4082,12697,1,50,368,0,0,0,0
209,0,1,1,ACCEPT,36.2844,3.3130,381,1,-2,0.8871,62.58,126.09,100.37,31.61,100.50,201.50,75.00,39.00,0.0000,84.41,1,-9,1.8568,MAX_STEP,0,664,3957,14220,1,50,381,0,0,0,0
210,0,1,1,ACCEPT,38.2762,3.6339,407,-1,-1,0.9066,61.01,125.59,100.37,31.61,100.50,198.50,75.00,41.00,0.0000,82.92,1,-10,1.8652,MAX_STEP,0,721,4065,13814,1,50,407,0,0,0,0
211,0,1,1,ACCEPT,36.2837,3.3947,387,0,-2,0.8269,61.01,124.61,100.37,31.61,100.00,197.00,74.00,40.00,0.0000,82.22,1,-11,2.2505,MAX_STEP,0,705,3954,13524,1,50,387,0,0,0,0
212,0,1,1,ACCEPT,35.2013,3.5900,359,0,-1,0.9499,61.01,124.12,100.37,31.61,99.50,194.50,75.00,39.00,0.0000,80.22,1,-10,2.3288,MAX_STEP,0,655,3970,13919,1,50,359,0,0,0,0
213,0,1,1,ACCEPT,34.9526,3.2124,363,0,-1,0.9697,61.01,123.62,100.37,31.61,100.00,194.00,74.00,38.00,0.0000,80.46,1,-10,2.3154,MAX_STEP,0,664,3918,13496,1,50,363,0,0,0,0
214,0,1,1,ACCEPT,34.3730,3.2667,343,0,-2,0.8601,61.01,122.64,100.37,31.61,100.00,194.00,76.00,36.00,0.0000,81.32,1,-10,2.4362,MAX_STEP,0,633,3946,12818,1,50,343,0,0,0,0
215,0,1,1,ACCEPT,35.8607,3.3196,322,0,-2,0.8851,61.01,121.66,100.37,31.61,100.00,195.00,74.00,34.00,0.0000,83.06,1,-10,2.5225,MAX_STEP,0,595,4034,12455,1,50,322,0,0,0,0
216,0,1,1,ACCEPT,36.2839,3.8095,320,0,-1,0.9594,61.01,121.16,100.37,31.61,99.50,195.00,75.00,32.00,0.0000,83.27,1,-11,2.3915,MAX_STEP,0,579,3997,11685,1,50,320,0,0,0,0
217,0,1,1,ACCEPT,36.2419,3.5114,309,0,0,1.0000,61.01,121.16,100.37,31.61,100.00,196.00,74.00,30.00,0.0000,84.38,1,-11,2.1371,MAX_STEP,0,552,4010,11999,1,50,309,0,0,0,0
218,0,1,1,ACCEPT,32.6762,3.6627,304,0,-1,0.9605,61.01,120.67,100.37,31.61,100.00,196.00,74.00,28.00,0.0000,84.82,1,-10,1.9388,MAX_STEP,0,581,4061,10975,1,50,304,0,0,0,0
219,0,1,1,ACCEPT,30.0847,3.5658,271,0,-2,0.8192,61.01,119.69,100.37,31.61,99.50,197.00,75.00,26.00,0.0000,86.36,1,-10,1.9761,MAX_STEP,0,535,4028,9620,1,50,271,0,0,0,0
220,0,1,1,ACCEPT,31.6903,3.3333,250,0,-1,0.9600,61.01,119.20,100.37,31.61,99.50,197.00,77.00,24.00,0.0000,86.81,1,-11,1.9177,MAX_STEP,0,482,4046,9242,1,50,250,0,0,0,0
221,0,1,1,ACCEPT,33.1646,3.6000,252,1,1,0.9286,62.58,119.69,100.37,31.61,100.00,197.00,76.00,24.00,0.0000,85.89,1,-9,1.9700,MAX_STEP,0,477,4075,9241,1,50,252,0,0,0,0
222,0,1,1,ACCEPT,30.2122,2.9615,231,-1,-2,0.9177,61.01,118.70,100.37,31.61,100.50,197.00,75.00,24.00,0.0000,87.69,1,-6,2.0119,MAX_STEP,0,497,4019,8658,1,50,231,0,0,0,0
223,0,1,1,ACCEPT,32.5787,2.9651,255,1,1,0.9569,62.58,119.20,100.37,31.61,101.50,198.00,75.00,22.00,0.0000,87.89,1,-10,2.4520,MAX_STEP,0,473,3951,9360,1,50,255,0,0,0,0
224,0,1,1,ACCEPT,32.3050,3.4359,268,0,1,0.9701,62.58,119.69,100.37,31.61,101.50,198.00,75.00,22.00,0.0000,87.45,1,-10,1.9467,MAX_STEP,0,524,3900,8180,1,50,268,0,0,0,0
225,0,1,1,ACCEPT,32.7245,3.1687,263,1,-1,0.9696,64.15,119.20,100.37,31.61,102.50,198.50,75.00,21.00,0.0000,88.09,1,-10,2.5416,MAX_STEP,0,455,3877,8549,1,50,263,0,0,0,0
226,0,1,1,ACCEPT,32.5333,3.0465,262,0,1,0.9237,64.15,119.69,100.37,31.61,102.00,198.50,76.00,21.00,0.0000,87.43,1,-10,2.3743,MAX_STEP,0,485,3829,9041,1,50,262,0,0,0,0
227,0,1,1,ACCEPT,28.4643,2.9348,270,1,-1,0.9481,65.72,119.20,100.37,31.61,103.00,199.50,74.00,21.00,0.0000,88.54,1,-9,1.9059,MAX_STEP,0,624,3751,9319,1,50,270,0,0,0,0
228,0,1,1,ACCEPT,28.7186,3.1875,255,0,1,0.9412,65.72,119.69,100.37,31.61,104.00,199.00,76.00,20.00,0.0000,88.07,1,-10,2.4126,MAX_STEP,0,596,3817,9298,1,50,255,0,0,0,0
229,0,1,1,ACCEPT,29.3428,3.0366,249,0,-1,0.9839,65.72,119.20,100.37,31.61,104.50,199.50,75.00,21.00,0.0000,89.18,1,-11,2.4683,MAX_STEP,0,548,3794,9399,1,50,249,0,0,0,0
230,0,1,1,ACCEPT,31.1699,3.4722,250,0,1,0.9400,65.72,119.69,100.37,31.61,104.50,200.00,75.00,20.00,0.0000,89.19,1,-10,2.2050,MAX_STEP,0,540,3777,9442,1,50,250,0,0,0,0
231,0,1,1,ACCEPT,31.6671,3.3611,242,0,-1,0.9711,65.72,119.20,100.37,31.61,105.00,200.00,74.00,20.00,0.0000,89.85,1,-10,2.4432,MAX_STEP,0,472,3771,9016,1,50,242,0,0,0,0
232,0,1,1,ACCEPT,33.8518,3.0909,238,0,1,0.9118,65.72,119.69,100.37,31.61,105.00,200.00,74.00,20.00,0.0000,89.40,1,-10,2.3948,MAX_STEP,0,461,3783,9216,1,50,238,0,0,0,0
233,0,1,1,ACCEPT,35.2531,3.7969,243,0,0,1.0000,65.72,119.69,100.37,31.61,104.50,200.00,75.00,20.00,0.0000,89.19,1,-10,2.4628,MAX_STEP,0,462,3797,9972,1,50,243,0,0,0,0
234,0,1,1,ACCEPT,33.9603,3.0854,253,0,0,1.0000,65.72,119.69,100.37,31.61,104.50,199.50,75.00,19.00,0.0000,88.74,1,-10,2.4954,MAX_STEP,0,470,3790,9826,1,50,253,0,0,0,0
235,0,1,1,ACCEPT,35.2179,3.0500,244,0,1,0.9959,65.72,120.18,100.37,31.61,104.50,200.00,75.00,20.00,0.0000,88.74,1,-10,2.3812,MAX_STEP,0,447,3823,9937,1,50,244,0,0,0,0
236,0,1,1,ACCEPT,37.1832,3.5493,252,0,1,0.9484,65.72,120.67,100.37,31.61,104.00,201.00,76.00,20.00,0.0000,88.98,1,-10,2.3119,MAX_STEP,0,479,3895,10112,1,50,252,0,0,0,0
237,0,1,1,ACCEPT,37.3968,3.4714,243,0,0,1.0000,65.72,120.67,100.37,31.61,104.50,201.00,75.00,20.00,0.0000,89.20,1,-10,2.4253,MAX_STEP,0,434,3918,10861,1,50,243,0,0,0,0
238,0,1,1,ACCEPT,37.9585,3.2208,248,0,0,1.0000,65.72,120.67,100.37,31.61,104.50,201.00,75.00,20.00,0.0000,89.20,1,-11,2.3852,MAX_STEP,0,453,3892,11516,1,50,248,0,0,0,0
239,0,1,1,ACCEPT,37.6098,3.4789,247,0,1,0.9636,65.72,121.16,100.37,31.61,104.50,201.50,75.00,19.00,0.0000,89.21,1,-10,2.4508,MAX_STEP,0,459,3924,12024,1,50,247,0,0,0,0
240,0,1,1,ACCEPT,37.2886,3.1098,255,0,1,0.9176,65.72,121.66,100.37,31.61,104.50,202.00,75.00,20.00,0.0000,89.21,1,-10,2.3800,MAX_STEP,0,488,3861,11494,1,50,255,0,0,0,0
241,0,1,1,ACCEPT,38.2198,3.0909,238,0,0,1.0000,65.72,121.66,100.37,31.61,104.00,202.50,74.00,19.00,0.0000,89.45,1,-10,2.2825,MAX_STEP,0,429,3827,11280,1,50,238,0,0,0,0
242,0,1,1,ACCEPT,38.4345,2.9506,239,-1,1,0.9121,64.15,122.15,100.37,31.61,103.50,202.00,75.00,20.00,0.0000,89.02,1,-7,1.7630,MAX_STEP,0,410,3883,11766,1,50,239,0,0,0,0
243,0,1,1,ACCEPT,36.0907,3.0976,254,0,3,0.7126,64.15,123.62,100.37,31.61,103.00,203.00,76.00,20.00,0.0000,88.37,1,-11,2.1905,MAX_STEP,0,470,3736,13390,1,50,254,0,0,0,0
244,0,1,1,ACCEPT,35.8594,3.4557,273,0,0,1.0000,64.15,123.62,100.37,31.61,103.00,204.00,74.00,20.00,0.0000,89.27,1,-10,2.3681,MAX_STEP,0,465,3804,12066,1,50,273,0,0,0,0
245,0,1,1,ACCEPT,39.1280,3.6269,243,0,1,0.9712,64.15,124.12,100.37,31.61,103.00,203.50,74.00,21.00,0.0000,88.38,1,-10,2.3282,MAX_STEP,0,413,3838,13193,1,50,243,0,0,0,0
246,0,1,1,ACCEPT,39.9552,3.6143,253,0,2,0.8933,64.15,125.10,100.37,31.61,103.00,204.00,74.00,20.00,0.0000,87.95,1,-10,2.0148,MAX_STEP,0,434,3870,12620,1,50,253,0,0,0,0
247,0,1,1,ACCEPT,41.2085,3.7619,237,0,0,1.0000,64.15,125.10,100.37,31.61,103.00,204.50,74.00,21.00,0.0000,88.39,1,-10,2.0463,MAX_STEP,0,403,3860,13311,1,50,237,0,0,0,0
248,0,1,1,ACCEPT,41.6669,3.5143,246,0,1,0.9797,64.15,125.59,100.37,31.61,102.50,204.00,75.00,22.00,0.0000,87.28,1,-9,1.9214,MAX_STEP,0,420,3945,12583,1,50,246,0,0,0,0
249,0,1,1,ACCEPT,42.0096,3.3286,233,0,-1,0.9528,64.15,125.10,100.37,31.61,101.50,204.50,75.00,21.00,0.0000,87.75,1,-8,1.7391,MAX_STEP,0,391,3978,12497,1,50,233,0,0,0,0
250,0,1,1,ACCEPT,42.6318,3.0000,228,-1,1,0.9386,62.58,125.59,100.37,31.61,102.50,204.50,73.00,21.00,0.0000,88.43,1,-10,2.2008,MAX_STEP,0,365,3985,13860,1,50,228,0,0,0,0
251,0,1,1,ACCEPT,40.9011,3.0380,240,0,-1,0.9375,62.58,125.10,100.37,31.61,101.50,204.00,73.00,22.00,0.0000,87.98,1,-10,2.2765,MAX_STEP,0,395,4015,13907,1,50,240,0,0,0,0
252,0,1,1,ACCEPT,41.7868,3.1600,237,-1,1,0.9451,61.01,125.59,100.37,31.61,101.00,204.50,74.00,21.00,0.0000,88.46,1,-8,1.7407,MAX_STEP,0,384,4046,15878,1,50,237,0,0,0,0
253,0,1,1,ACCEPT,39.3310,3.2785,259,1,-1,0.9575,62.58,125.10,100.37,31.61,100.50,204.00,73.00,20.00,0.0000,87.54,1,-8,1.7328,MAX_STEP,0,422,3958,16349,1,50,259,0,0,0,0
254,0,1,1,ACCEPT,40.4475,3.4648,246,-1,2,0.8780,61.01,126.09,100.37,31.61,100.00,204.50,72.00,21.00,0.0000,87.57,1,-10,2.1202,MAX_STEP,0,407,4047,17217,1,50,246,0,0,0,0
255,0,1,1,ACCEPT,37.3516,3.1772,251,0,0,1.0000,61.01,126.09,100.37,31.61,100.00,205.00,72.00,20.00,0.0000,88.02,1,-10,2.1773,MAX_STEP,0,429,4022,16786,1,50,251,0,0,0,0
256,0,1,1,ACCEPT,38.4785,3.3286,233,0,0,1.0000,61.01,126.09,100.37,31.61,100.00,204.50,72.00,21.00,0.0000,87.57,1,-10,2.2397,MAX_STEP,0,395,3941,17512,1,50,233,0,0,0,0
257,0,1,1,ACCEPT,39.1514,2.7907,240,1,1,0.9500,62.58,126.58,100.37,31.61,99.00,203.50,74.00,19.00,0.0000,85.11,1,-8,1.5495,MAX_STEP,0,393,4016,18074,1,50,240,0,0,0,0
258,0,1,1,ACCEPT,42.8777,3.2432,240,-1,0,0.9792,61.01,126.58,100.37,31.61,100.00,204.00,74.00,18.00,0.0000,86.69,1,-11,2.0765,MAX_STEP,0,393,4064,17964,1,50,240,0,0,0,0
259,0,1,1,ACCEPT,41.5119,2.8434,236,1,0,0.9915,62.58,126.58,100.37,31.61,100.50,203.00,73.00,20.00,0.0000,85.31,1,-8,1.5543,MAX_STEP,0,388,4040,18845,1,50,236,0,0,0,0
260,0,1,1,ACCEPT,45.0760,3.2838,243,-1,1,0.9136,61.01,127.07,100.37,31.61,100.00,205.50,74.00,23.00,0.0000,87.59,1,-11,1.8561,MAX_STEP,0,383,4115,18630,1,50,243,0,0,0,0
261,0,1,1,ACCEPT,43.5938,3.4789,247,1,3,0.7287,62.58,128.55,100.37,31.61,101.00,205.00,74.00,24.00,0.0000,85.56,1,-9,1.9668,MAX_STEP,0,371,3966,20119,1,50,247,0,0,0,0
262,0,1,1,ACCEPT,42.2094,3.3194,239,0,-1,0.9623,62.58,128.05,100.37,31.61,101.50,204.00,73.00,26.00,0.0000,85.34,1,-10,2.3684,MAX_STEP,0,402,4048,19165,1,50,239,0,0,0,0
263,0,1,1,ACCEPT,40.2040,3.5312,226,0,2,0.8540,62.58,129.04,100.37,31.61,101.00,204.50,74.00,25.00,0.0000,84.68,1,-10,2.3730,MAX_STEP,0,369,4005,18890,1,50,226,0,0,0,0
264,0,1,1,ACCEPT,41.2921,3.5574,217,0,1,0.9217,62.58,129.53,100.37,31.61,101.00,203.50,74.00,25.00,0.0000,83.35,1,-10,2.2284,MAX_STEP,0,357,3964,18464,1,50,217,0,0,0,0
265,0,1,1,ACCEPT,41.4729,3.6667,209,0,0,1.0000,62.58,129.53,100.37,31.61,101.50,201.50,73.00,25.00,0.0000,81.82,1,-10,2.0858,MAX_STEP,0,341,3996,18800,1,50,209,0,0,0,0
266,0,1,1,ACCEPT,40.6887,3.3968,214,0,1,0.9907,62.58,130.02,100.37,31.61,101.50,200.50,75.00,27.00,0.0000,80.51,1,-10,1.7851,MAX_STEP,0,352,3960,18034,1,50,214,0,0,0,0
267,0,1,1,ACCEPT,38.5377,2.8732,204,1,1,0.9363,64.15,130.52,100.37,31.61,101.50,199.00,73.00,28.00,0.0000,78.01,1,-9,1.8260,MAX_STEP,0,321,3992,18599,1,50,204,0,0,0,0
268,0,1,1,ACCEPT,37.4350,3.2581,202,0,-1,0.9851,64.15,130.02,100.37,31.61,103.00,200.00,72.00,30.00,0.0000,80.04,1,-9,2.0085,MAX_STEP,0,365,3995,17656,1,50,202,0,0,0,0
269,0,1,1,ACCEPT,36.9788,3.1000,186,0,1,0.9140,64.15,130.52,100.37,31.61,103.50,198.50,71.00,31.00,0.0000,78.55,1,-9,2.0138,MAX_STEP,0,407,3983,17215,1,50,186,0,0,0,0
270,0,1,1,ACCEPT,39.5955,3.4906,185,0,0,1.0000,64.15,130.52,100.37,31.61,105.00,199.00,68.00,36.00,0.0000,79.74,1,-9,1.8922,MAX_STEP,0,353,4032,17394,1,50,185,0,0,0,0
271,0,1,1,ACCEPT,37.4802,2.9667,178,0,1,0.9944,64.15,131.01,100.37,31.61,105.50,199.00,65.00,38.00,0.0000,79.58,1,-9,2.1019,MAX_STEP,0,380,4006,16791,1,50,178,0,0,0,0
272,0,1,1,ACCEPT,38.8725,3.5800,179,0,1,0.9497,64.15,131.50,100.37,31.61,106.50,198.50,63.00,49.00,0.0000,79.26,1,-9,1.9116,MAX_STEP,0,368,3994,16068,1,50,179,0,0,0,0
273,0,1,1,ACCEPT,37.8101,3.3673,165,0,0,1.0000,64.15,131.50,100.37,31.61,108.00,196.00,62.00,52.00,0.0000,77.99,1,-9,2.1795,MAX_STEP,0,281,3986,15508,1,50,165,0,0,0,0
274,0,1,1,ACCEPT,39.4188,3.4681,163,0,1,0.9755,64.15,131.99,100.37,31.61,108.50,196.00,61.00,50.00,0.0000,77.87,1,-9,1.9942,MAX_STEP,0,295,4019,14983,1,50,163,0,0,0,0
275,0,1,1,ACCEPT,40.4546,3.3696,155,0,2,0.8129,64.15,132.98,100.37,31.61,108.50,192.00,61.00,52.00,0.0000,73.83,1,-9,2.1597,MAX_STEP,0,285,3954,14903,1,50,155,0,0,0,0
276,0,1,1,ACCEPT,39.5859,3.5610,146,0,2,0.8562,64.15,133.96,100.37,31.61,107.00,189.00,62.00,52.00,0.0000,69.75,1,-10,2.1599,MAX_STEP,0,272,3959,15332,1,50,146,0,0,0,0
277,0,1,1,ACCEPT,40.2557,3.5349,152,0,1,0.9737,64.15,134.45,100.37,31.61,106.50,188.50,63.00,51.00,0.0000,68.66,1,-10,2.1125,MAX_STEP,0,254,3973,13545,1,50,152,0,0,0,0
278,0,1,1,ACCEPT,39.0517,3.0444,137,0,3,0.6131,64.15,135.93,100.37,31.61,105.50,189.00,63.00,50.00,0.0000,67.28,1,-10,2.2905,MAX_STEP,0,258,3988,13741,1,50,137,0,0,0,0
279,0,1,1,ACCEPT,37.6802,2.7800,139,0,3,0.8201,64.15,137.41,100.37,31.61,104.50,188.00,61.00,48.00,0.0000,64.71,1,-10,2.3360,MAX_STEP,0,267,3948,11995,1,50,139,0,0,0,0
280,0,1,1,ACCEPT,37.7242,3.4000,119,0,2,0.8571,64.15,138.39,100.37,31.61,103.50,186.50,59.00,47.00,0.0000,62.15,1,-10,2.3615,MAX_STEP,0,228,3897,12126,1,50,119,0,0,0,0
281,0,1,1,ACCEPT,38.3692,3.2895,125,0,4,0.4960,64.15,140.36,100.37,31.61,104.00,181.00,60.00,42.00,0.0000,56.92,1,-10,2.3909,MAX_STEP,0,241,3853,10890,1,50,125,0,0,0,0
282,0,1,1,ACCEPT,35.6730,3.2703,121,0,5,0.3471,64.15,142.82,100.37,31.61,104.00,176.50,60.00,31.00,0.0000,52.18,1,-10,2.4885,MAX_STEP,0,252,3878,9153,1,50,121,0,0,0,0
283,0,1,1,ACCEPT,31.8535,2.6279,113,0,3,0.8319,64.15,144.30,100.37,31.61,103.50,176.50,61.00,35.00,0.0087,50.85,1,-10,2.4736,MAX_STEP,0,244,3840,7488,1,50,113,0,0,0,0
284,0,1,1,ACCEPT,27.4415,2.9714,104,0,6,0.2404,64.15,147.25,100.37,31.61,104.00,175.50,62.00,43.00,0.0685,48.85,1,-10,2.6448,MAX_STEP,0,284,3846,6045,1,50,104,0,0,0,0
285,0,1,1,ACCEPT,18.1665,2.6765,91,0,7,0.1209,64.15,150.70,100.37,31.61,101.50,174.00,61.00,52.00,0.1446,44.03,1,-10,2.1906,MAX_STEP,0,315,3843,5298,1,50,91,0,0,0,0
286,0,1,1,ACCEPT,14.6221,2.8000,84,0,3,0.6071,64.15,152.17,100.37,31.61,102.00,173.00,64.00,52.00,0.1669,43.20,1,-11,2.2330,MAX_STEP,0,378,3855,5873,1,50,84,0,0,0,0
287,0,1,1,ACCEPT,16.0145,2.2500,108,1,9,0.0185,65.72,156.60,100.37,31.61,99.50,170.50,61.00,55.00,0.2679,36.53,1,-7,1.8032,MAX_STEP,0,383,3754,7408,1,50,108,0,0,0,0
288,0,1,1,ACCEPT,11.7222,2.1509,114,-1,8,0.3070,64.15,160.54,100.37,31.61,97.50,170.50,59.00,49.00,0.3019,34.81,1,-12,1.4436,MAX_STEP,0,519,3836,8627,1,50,114,0,0,0,0
289,0,1,1,ACCEPT,17.1843,3.0308,197,1,4,0.5533,65.72,162.51,100.37,31.61,97.00,169.00,60.00,48.00,0.3430,31.95,1,-9,2.2200,MAX_STEP,0,632,3705,9813,1,50,197,0,0,0,0
290,0,1,1,ACCEPT,14.6801,2.6588,226,0,10,0.0088,65.72,167.43,100.37,31.61,97.50,166.50,61.00,37.00,0.3980,31.79,1,-9,2.7780,MAX_STEP,0,627,3742,9407,1,50,226,0,0,0,0
291,0,1,1,ACCEPT,15.9376,2.8214,237,0,13,0.1688,65.72,173.83,100.37,31.61,99.00,163.00,62.00,30.00,0.2348,35.00,1,-10,2.7694,MAX_STEP,0,739,3663,8081,1,50,237,0,0,0,0
292,0,1,1,ACCEPT,19.3491,2.9213,260,0,5,0.4769,65.72,176.29,100.37,31.61,99.50,160.50,63.00,25.00,0.1445,37.29,1,-11,2.3694,MAX_STEP,0,690,3824,6479,1,50,260,0,0,0,0
293,0,1,1,ACCEPT,17.4872,2.9697,196,1,16,0.1633,67.29,184.16,100.37,31.61,100.50,163.00,63.00,26.00,0.0834,39.38,1,-10,2.5667,MAX_STEP,0,562,3797,6092,1,50,196,0,0,0,0
294,0,1,1,ACCEPT,23.1025,3.2500,195,1,14,0.1846,68.86,191.05,100.37,31.61,100.50,162.50,65.00,39.00,0.0643,42.62,1,-8,1.7124,MAX_STEP,0,451,3745,5744,1,50,195,0,0,0,0
295,0,1,1,ACCEPT,30.4419,3.0000,195,-1,6,0.2205,67.29,194.01,100.37,31.61,99.50,163.00,65.00,40.00,0.0438,44.71,1,-9,1.7717,MAX_STEP,0,422,3905,5612,1,50,195,0,0,0,0
296,0,1,1,ACCEPT,27.3447,3.5882,183,1,12,0.1257,68.86,199.91,100.37,31.61,98.00,160.50,68.00,51.00,0.0159,49.02,1,-10,2.6192,MAX_STEP,0,410,3780,6021,1,50,183,0,0,0,0
297,0,1,1,ACCEPT,25.7060,3.2264,171,1,15,0.1930,70.43,207.30,100.37,31.61,95.00,161.50,70.00,57.00,0.0000,51.97,1,-9,2.2438,MAX_STEP,0,411,3966,5561,1,50,171,0,0,0,0
298,0,1,1,ACCEPT,28.8285,3.1961,163,0,9,0.0307,70.43,211.73,100.37,31.61,92.50,163.00,77.00,54.00,0.0000,53.49,1,-10,2.3161,MAX_STEP,0,384,4102,5427,1,50,163,0,0,0,0
299,0,1,1,ACCEPT,27.8832,3.4468,162,1,14,0.1358,72.00,218.62,100.37,31.61,91.00,165.00,80.00,46.00,0.0000,56.88,1,-8,2.0996,MAX_STEP,0,351,3975,5642,1,50,162,0,0,0,0
300,0,1,1,ACCEPT,24.7949,3.6250,145,0,16,0.2138,72.00,226.49,100.37,31.61,86.50,165.00,83.00,42.00,0.0000,63.18,1,-10,2.7899,MAX_STEP,0,367,3948,4846,1,50,145,0,0,0,0
301,0,1,1,ACCEPT,27.6075,3.1591,139,1,11,0.0288,73.57,231.91,100.37,31.61,85.50,166.50,85.00,41.00,0.0000,66.49,1,-8,1.7548,MAX_STEP,0,323,4031,4936,1,50,139,0,0,0,0
302,0,1,1,ACCEPT,22.7916,2.4286,119,0,17,0.1849,73.57,240.27,100.37,31.61,83.50,169.00,83.00,40.00,0.0000,71.96,1,-10,2.5855,MAX_STEP,0,329,4088,4451,1,50,119,0,0,0,0
303,0,1,1,ACCEPT,22.4360,2.4222,109,1,21,0.1193,75.14,250.61,100.37,31.61,83.00,172.00,86.00,42.00,0.0000,79.00,1,-10,2.8179,MAX_STEP,0,273,3926,4727,1,50,109,0,0,0,0
304,0,1,1,ACCEPT,30.3455,2.9535,127,1,8,0.0000,76.71,254.55,100.37,31.61,83.00,172.50,82.00,41.00,0.0000,82.29,1,-8,2.1314,MAX_STEP,0,279,3844,5494,1,50,127,0,0,0,0
305,0,1,1,ACCEPT,25.6689,2.8409,125,0,18,0.1440,76.71,263.41,100.37,31.61,80.00,173.00,82.00,42.00,0.0000,90.47,1,-9,2.6935,MAX_STEP,0,308,3922,4802,1,50,125,0,0,0,0
306,0,1,1,ACCEPT,25.5959,3.2941,112,0,20,0.1071,76.71,273.25,100.37,31.61,80.50,173.00,81.00,42.00,0.0000,100.32,1,-10,2.2088,MAX_STEP,0,272,3831,5163,1,50,112,0,0,0,0
307,0,1,1,ACCEPT,32.1281,3.2750,131,1,9,0.0229,78.28,277.68,100.37,31.61,82.50,173.50,77.00,41.00,0.0000,104.27,1,-9,2.0665,MAX_STEP,0,275,3862,5807,1,50,131,0,0,0,0
308,0,1,1,ACCEPT,29.5688,2.8085,132,0,15,0.0682,78.28,285.06,100.37,31.61,84.50,174.00,73.00,42.00,0.0000,111.24,1,-10,2.6647,MAX_STEP,0,299,3910,5610,1,50,132,0,0,0,0
309,0,1,1,ACCEPT,29.7648,3.4103,133,1,18,0.0827,79.85,293.92,100.37,31.61,86.50,176.00,67.00,44.00,0.0000,118.11,1,-8,2.1405,MAX_STEP,0,277,3808,5991,1,50,133,0,0,0,0
310,0,1,1,ACCEPT,32.5396,3.0870,142,0,9,0.0211,79.85,298.35,100.37,31.61,88.00,176.50,66.00,43.00,0.0000,122.12,1,-10,2.5343,MAX_STEP,0,293,3899,6319,1,50,142,0,0,0,0
311,0,1,1,ACCEPT,30.8853,3.0682,135,0,17,0.1037,79.85,306.72,100.37,31.61,90.50,178.50,61.00,43.00,0.0000,128.66,1,-10,2.2156,MAX_STEP,0,289,3834,6207,1,50,135,0,0,0,0
312,0,1,1,ACCEPT,33.2564,3.5854,147,1,14,0.0136,81.42,313.61,100.37,31.61,93.00,180.00,58.00,44.00,0.0000,134.11,1,-10,2.4970,MAX_STEP,0,283,3936,6414,1,50,147,0,0,0,0
313,0,1,1,ACCEPT,29.8128,3.1778,143,1,7,0.0350,82.99,317.05,100.37,31.61,95.50,180.50,57.00,43.00,0.0000,137.13,1,-8,1.9362,MAX_STEP,0,298,4031,6101,1,50,143,0,0,0,0
314,0,1,1,ACCEPT,12.3139,1.5128,59,0,17,0.2542,82.99,325.42,100.37,31.61,100.00,182.00,58.00,44.00,0.0000,144.43,1,-10,1.9905,MAX_STEP,0,273,3961,3542,1,50,59,0,0,0,0
315,0,1,1,ACCEPT,8.7054,1.1500,23,1,15,0.4348,84.56,332.80,100.37,31.61,104.50,183.50,57.00,43.00,0.0000,150.63,1,-7,1.7874,MAX_STEP,0,156,3922,2544,1,50,23,0,0,0,0
316,0,1,1,ACCEPT,8.0973,1.0667,16,0,13,0.6875,84.56,339.20,100.37,31.61,105.50,185.00,55.00,46.00,0.0000,155.62,1,-8,1.7386,MAX_STEP,0,120,4329,1999,1,50,16,0,0,0,0
317,0,1,1,ACCEPT,7.3668,1.0000,12,0,5,0.7500,84.56,341.66,100.37,31.61,107.50,189.50,49.00,53.00,0.0000,153.88,1,-10,1.5568,MAX_STEP,0,107,4233,1667,1,50,12,0,0,0,0
318,0,1,1,ACCEPT,7.3187,1.0000,10,0,5,0.8000,84.56,344.12,100.37,31.61,108.00,194.00,46.00,60.00,0.0000,151.94,1,-10,2.2627,MAX_STEP,0,88,4526,1713,1,50,10,0,0,0,0
319,0,1,1,ACCEPT,7.6591,1.1000,11,1,13,0.7273,86.13,350.52,100.37,31.61,107.00,197.00,42.00,60.00,0.0000,154.94,1,-7,1.4382,MAX_STEP,0,94,4513,1740,1,50,11,0,0,0,0
320,0,1,1,ACCEPT,6.9718,1.0000,9,0,3,0.7778,86.13,352.00,100.37,31.61,109.00,205.00,38.00,56.00,0.0000,148.77,1,13,1.2846,MAX_STEP,0,77,4204,1744,1,50,9,0,0,0,0
321,0,1,1,ACCEPT,7.1637,1.0000,10,0,3,0.8000,86.13,353.48,100.37,31.61,108.00,209.00,40.00,48.00,0.0000,146.12,1,13,1.6004,MAX_STEP,0,77,4368,1841,1,50,10,0,0,0,0
322,0,1,1,ACCEPT,5.9570,1.0000,10,0,3,0.8000,86.13,354.95,100.37,31.61,105.00,211.50,48.00,53.00,0.0000,144.69,1,-14,1.6450,MAX_STEP,0,114,4483,1906,1,50,10,0,0,0,0
323,0,1,0,NEGATIVE_PEAK,-5.3766,1.0000,-11,-11,0,0.7273,86.13,354.95,100.37,31.61,95.00,210.00,58.00,44.00,0.0000,145.22,0,0,0.0000,NOT_RUN,0,129,4167,0,1,50,11,0,0,0,0
324,0,1,0,NEGATIVE_PEAK,-5.3612,1.1000,-11,-11,0,0.7273,86.13,354.95,100.37,31.61,89.50,210.50,69.00,47.00,0.0000,144.49,0,0,0.0000,NOT_RUN,0,129,4363,0,1,50,11,0,0,0,0
325,0,1,0,NEGATIVE_PEAK,-5.3842,1.1000,-11,-11,0,0.7273,86.13,354.95,100.37,31.61,87.50,207.50,71.00,47.00,0.0000,147.46,0,0,0.0000,NOT_RUN,0,128,4349,0,1,50,11,0,0,0,0
326,0,1,0,NEGATIVE_PEAK,-5.2532,1.0000,-10,-12,0,0.7000,86.13,354.95,100.37,31.61,87.50,212.00,71.00,50.00,0.0000,142.96,0,0,0.0000,NOT_RUN,0,118,3946,0,1,50,10,0,0,0,0
327,0,1,0,NEGATIVE_PEAK,-5.2999,1.0000,-12,-11,0,0.7500,86.13,354.95,100.37,31.61,85.00,208.50,76.00,39.00,0.0000,146.46,0,0,0.0000,NOT_RUN,0,146,4524,0,1,50,12,0,0,0,0
328,0,1,1,ACCEPT,5.4649,1.0000,11,0,4,0.8182,86.13,356.92,100.37,31.61,85.50,206.00,73.00,32.00,0.0000,150.92,1,-12,1.8141,MAX_STEP,0,138,4740,1903,1,50,11,0,0,0,0
329,0,1,1,ACCEPT,6.1711,1.1000,11,-1,5,0.7273,84.56,359.38,100.37,31.61,85.00,204.50,72.00,39.00,0.0000,154.88,1,-14,1.9243,MAX_STEP,0,112,4749,1875,1,50,11,0,0,0,0
330,0,1,1,ACCEPT,6.0400,1.0000,10,0,3,0.8000,84.56,360.86,100.37,31.61,88.00,204.00,64.00,48.00,0.0000,156.90,1,-14,1.8911,MAX_STEP,0,101,4812,1984,1,50,10,0,0,0,0
331,0,1,1,ACCEPT,5.9905,1.0000,10,0,3,0.8000,84.56,362.34,100.37,31.61,91.00,202.50,54.00,47.00,0.0000,159.97,1,-6,1.8009,MAX_STEP,0,107,5329,1502,1,50,10,0,0,0,0
332,0,1,1,ACCEPT,6.8140,1.1429,8,-1,5,0.7500,82.99,364.80,100.37,31.61,92.00,205.00,36.00,42.00,0.0000,160.05,1,-11,1.9065,MAX_STEP,0,96,5114,1539,1,50,8,0,0,0,0
333,0,1,1,ACCEPT,7.2866,1.1429,8,1,5,0.6250,84.56,367.26,100.37,31.61,94.00,207.50,36.00,41.00,0.0000,160.04,1,-9,1.2633,MAX_STEP,0,88,4904,1627,1,50,8,0,0,0,0
334,0,1,1,ACCEPT,6.7422,1.0000,8,0,4,0.7500,84.56,369.23,100.37,31.61,94.00,208.00,40.00,40.00,0.0000,161.50,1,-8,1.1104,MAX_STEP,0,95,4673,1524,1,50,8,0,0,0,0
335,0,1,1,ACCEPT,6.6728,1.1667,7,0,4,0.7143,84.56,371.20,100.37,31.61,90.50,206.50,49.00,33.00,0.0000,164.80,1,-7,1.0788,MAX_STEP,0,79,4518,1520,1,50,7,0,0,0,0
336,0,1,1,ACCEPT,6.5515,1.0000,7,0,3,0.7143,84.56,372.67,100.37,31.61,83.50,204.50,65.00,25.00,0.0000,168.18,1,-9,1.0393,MAX_STEP,0,77,4958,1468,1,50,7,0,0,0,0
337,0,1,1,ACCEPT,6.5084,1.0000,7,0,3,0.7143,84.56,374.15,100.37,31.61,83.00,204.00,66.00,20.00,0.0000,170.16,1,-10,1.2695,MAX_STEP,0,73,4995,1515,1,50,7,0,0,0,0
338,0,1,1,ACCEPT,6.4867,1.0000,7,0,2,0.8571,84.56,375.13,100.37,31.61,78.50,203.50,71.00,15.00,0.0000,171.74,1,-10,1.8620,MAX_STEP,0,71,4685,1453,1,50,7,0,0,0,0
339,0,1,1,ACCEPT,6.4825,1.0000,7,0,3,0.8571,84.56,376.61,100.37,31.61,74.00,201.00,72.00,22.00,0.0000,175.93,1,-10,2.0693,MAX_STEP,0,73,4590,1551,1,50,7,0,0,0,0
340,0,1,1,ACCEPT,6.6056,1.0000,7,0,3,0.7143,84.56,378.09,100.37,31.61,73.00,200.00,66.00,24.00,0.0000,178.46,1,-9,1.7880,MAX_STEP,0,72,4589,1447,1,50,7,0,0,0,0
341,0,1,1,ACCEPT,6.8063,1.1667,7,1,3,0.5714,86.13,379.56,100.37,31.61,68.50,200.50,59.00,35.00,0.0000,179.93,1,-9,1.6824,MAX_STEP,0,72,4588,1404,1,50,7,0,0,0,0
342,0,1,1,ACCEPT,6.8534,1.0000,7,2,3,0.5714,89.27,381.04,100.37,31.61,65.00,201.00,50.00,46.00,0.0000,181.67,1,-10,2.0919,MAX_STEP,0,70,4625,1336,1,50,7,0,0,0,0
343,0,1,1,ACCEPT,7.3435,1.1667,7,1,5,0.5714,90.84,383.50,100.37,31.61,65.00,202.00,42.00,52.00,0.0000,183.33,1,-10,1.7681,MAX_STEP,0,64,4626,1247,1,50,7,0,0,0,0
344,0,1,1,ACCEPT,6.9196,1.2000,6,0,3,0.6667,90.84,384.98,100.37,31.61,61.50,202.00,29.00,56.00,0.0000,185.31,1,-10,2.0277,MAX_STEP,0,60,4387,1133,1,50,6,0,0,0,0
345,0,1,1,ACCEPT,6.1100,1.0000,5,0,3,0.6000,90.84,386.45,100.37,31.61,53.50,201.50,17.00,57.00,0.0000,188.69,1,-4,2.0090,MAX_STEP,0,61,4399,1112,1,50,5,0,0,0,0
346,0,1,1,ACCEPT,6.4398,1.2500,5,1,3,0.6000,92.41,387.93,100.37,31.61,53.00,199.50,16.00,53.00,0.0000,192.51,1,-11,1.7245,MAX_STEP,0,60,4520,1012,1,50,5,0,0,0,0
347,0,1,1,ACCEPT,5.5918,1.0000,4,0,3,0.5000,92.41,389.41,100.37,31.61,49.50,197.50,29.00,55.00,0.0000,196.65,1,-4,2.2695,MAX_STEP,0,53,4484,970,1,50,4,0,0,0,0
348,0,1,1,ACCEPT,5.8090,1.0000,4,1,2,0.5000,93.98,390.39,100.37,31.61,46.00,195.50,42.00,49.00,0.0000,200.71,1,-3,1.7650,MAX_STEP,0,49,4345,875,1,50,4,0,0,0,0
349,0,1,1,ACCEPT,6.2504,1.3333,4,1,3,0.5000,95.55,391.87,100.37,31.61,45.50,193.50,47.00,43.00,0.0000,204.58,1,-11,1.8073,MAX_STEP,0,45,4373,824,1,50,4,0,0,0,0
350,0,1,1,ACCEPT,6.8256,1.3333,4,1,5,0.5000,97.12,394.33,100.37,31.61,45.50,191.00,57.00,34.00,0.0000,209.78,1,-11,1.9005,MAX_STEP,0,38,3988,834,1,50,4,0,0,0,0
351,0,1,1,ACCEPT,6.8266,1.3333,4,1,5,0.5000,98.70,396.79,100.37,31.61,45.00,186.50,60.00,25.00,0.0000,217.04,1,-11,1.9748,MAX_STEP,0,39,3965,794,1,50,4,0,0,0,0
352,0,1,1,ACCEPT,5.3377,1.0000,3,0,1,0.6667,98.70,397.28,100.37,31.61,45.00,185.50,60.00,23.00,0.0000,218.48,1,-10,1.7717,MAX_STEP,0,37,4113,749,1,50,4,0,0,0,0
353,0,1,1,ACCEPT,5.6069,1.0000,3,0,2,0.6667,98.70,398.27,100.37,31.61,46.00,184.00,60.00,16.00,0.0000,220.65,1,-4,1.4021,MAX_STEP,0,36,3881,719,1,50,4,0,0,0,0
354,0,1,1,ACCEPT,5.4882,1.0000,3,0,2,0.6667,98.70,399.25,100.37,31.61,48.00,183.50,56.00,19.00,0.0000,221.63,1,-4,1.8681,MAX_STEP,0,38,4008,684,1,50,4,0,0,0,0
355,0,1,1,ACCEPT,5.6396,1.0000,3,0,1,0.6667,98.70,399.74,100.37,31.61,48.50,182.50,51.00,21.00,0.0000,222.97,1,-4,1.9853,MAX_STEP,0,37,3785,669,1,50,4,0,0,0,0
356,0,1,1,ACCEPT,5.5520,1.0000,3,0,1,0.6667,98.70,400.23,100.37,31.61,53.50,176.50,41.00,25.00,0.0000,228.25,1,-4,1.9689,MAX_STEP,0,36,3599,687,1,50,4,0,0,0,0
357,0,1,1,ACCEPT,5.6131,1.0000,3,0,1,0.6667,98.70,400.73,100.37,31.61,61.00,172.00,22.00,32.00,0.0000,231.81,1,-4,1.8789,MAX_STEP,0,36,3901,648,1,50,4,0,0,0,0
358,0,1,1,ACCEPT,5.7551,1.0000,3,0,2,0.6667,98.70,401.71,100.37,31.61,60.50,174.00,23.00,30.00,0.0000,230.89,1,-4,1.8797,MAX_STEP,0,33,3969,635,1,50,4,0,0,0,0
359,0,1,1,ACCEPT,6.0093,1.5000,3,1,3,0.3333,100.27,403.19,100.37,31.61,65.00,176.00,14.00,28.00,0.0000,229.91,1,-5,1.8023,MAX_STEP,0,29,3961,615,1,50,3,0,0,0,0
360,0,1,0,LOW_PSR,4.4557,1.0000,2,0,1,0.5000,100.27,403.19,100.37,31.61,73.50,179.00,33.00,30.00,0.0000,225.78,0,0,0.0000,NOT_RUN,0,28,4066,0,1,50,2,0,0,0,0
361,0,1,0,LOW_PSR,4.4620,1.0000,2,0,1,0.5000,100.27,403.19,100.37,31.61,78.00,178.50,38.00,33.00,0.0000,225.79,0,0,0.0000,NOT_RUN,0,26,4014,0,1,50,2,0,0,0,0
362,0,1,1,ACCEPT,6.0872,1.5000,3,1,3,0.3333,101.84,404.66,100.37,31.61,82.50,177.50,49.00,23.00,0.0000,227.99,1,-7,1.8398,MAX_STEP,0,28,4142,589,1,50,3,0,0,0,0
363,0,1,0,LOW_PSR,4.4378,1.0000,2,0,1,0.5000,101.84,404.66,100.37,31.61,85.00,184.00,60.00,28.00,0.0000,221.31,0,0,0.0000,NOT_RUN,0,28,4435,0,1,50,3,0,0,0,0
364,0,1,0,LOW_PSR,4.4974,1.0000,2,0,1,0.5000,101.84,404.66,100.37,31.61,87.50,184.00,65.00,30.00,0.0000,221.13,0,0,0.0000,NOT_RUN,0,28,3955,0,1,50,3,0,0,0,0
365,0,1,0,LOW_PSR,4.5173,1.0000,2,0,1,0.5000,101.84,404.66,100.37,31.61,94.50,179.50,63.00,31.00,0.0000,225.28,0,0,0.0000,NOT_RUN,0,28,3840,0,1,50,3,0,0,0,0
366,0,1,1,ACCEPT,6.1212,1.5000,3,2,3,0.3333,104.98,406.14,100.37,31.61,97.50,177.50,59.00,31.00,0.0000,228.76,1,-10,2.3227,MAX_STEP,0,28,3990,573,1,50,3,0,0,0,0
367,0,1,0,LOW_PSR,4.6453,1.0000,2,0,1,0.5000,104.98,406.14,100.37,31.61,97.50,174.00,59.00,26.00,0.0000,232.26,0,0,0.0000,NOT_RUN,0,25,4185,0,1,50,2,0,0,0,0
368,0,1,0,LOW_PSR,4.6900,1.0000,2,0,1,0.5000,104.98,406.14,100.37,31.61,98.00,175.50,54.00,27.00,0.0000,230.75,0,0,0.0000,NOT_RUN,0,27,4397,0,1,50,2,0,0,0,0
369,0,1,0,LOW_PSR,4.7059,1.0000,2,0,1,0.5000,104.98,406.14,100.37,31.61,94.50,177.00,53.00,30.00,0.0000,229.38,0,0,0.0000,NOT_RUN,0,25,4480,0,1,50,2,0,0,0,0
370,0,1,0,LOW_PSR,4.7538,1.0000,2,0,1,0.5000,104.98,406.14,100.37,31.61,92.50,177.00,49.00,34.00,0.0000,229.48,0,0,0.0000,NOT_RUN,0,23,4597,0,1,50,2,0,0,0,0
371,0,1,0,LOW_PSR,4.6682,1.0000,2,0,1,0.5000,104.98,406.14,100.37,31.61,90.50,178.00,35.00,40.00,0.0000,228.60,0,0,0.0000,NOT_RUN,0,23,4720,0,1,50,2,0,0,0,0
372,0,1,0,LOW_PSR,4.6482,1.0000,2,0,1,0.5000,104.98,406.14,100.37,31.61,85.50,180.00,27.00,42.00,0.0000,226.98,0,0,0.0000,NOT_RUN,0,25,4721,0,1,50,2,0,0,0,0
373,0,1,0,LOW_PSR,4.6996,1.0000,2,0,1,0.5000,104.98,406.14,100.37,31.61,83.00,180.50,22.00,43.00,0.0000,226.71,0,0,0.0000,NOT_RUN,0,23,4623,0,1,50,2,0,0,0,0
374,0,1,0,LOW_PSR,4.7184,1.0000,2,0,2,0.5000,104.98,406.14,100.37,31.61,79.00,178.00,26.00,36.00,0.0000,229.61,0,0,0.0000,NOT_RUN,0,25,4295,0,1,50,2,0,0,0,0
375,0,1,0,LOW_PSR,4.6301,1.0000,2,0,2,0.5000,104.98,406.14,100.37,31.61,74.00,175.50,42.00,31.00,0.0000,232.71,0,0,0.0000,NOT_RUN,0,26,4225,0,1,50,2,0,0,0,0
376,0,1,0,LOW_PSR,4.7177,1.0000,2,0,2,0.5000,104.98,406.14,100.37,31.61,73.00,175.50,48.00,31.00,0.0000,232.85,0,0,0.0000,NOT_RUN,0,26,4078,0,1,50,2,0,0,0,0
377,0,1,0,LOW_PSR,4.6737,1.0000,2,0,2,0.5000,104.98,406.14,100.37,31.61,71.50,170.00,57.00,24.00,0.0000,238.50,0,0,0.0000,NOT_RUN,0,28,4371,0,1,50,2,0,0,0,0
378,0,1,0,LOW_PSR,4.6549,1.0000,2,0,2,0.5000,104.98,406.14,100.37,31.61,71.50,166.00,59.00,18.00,0.0000,242.46,0,0,0.0000,NOT_RUN,0,28,4287,0,1,50,2,0,0,0,0
379,0,1,0,LOW_PSR,4.6774,1.0000,2,0,2,0.5000,104.98,406.14,100.37,31.61,73.50,163.00,55.00,22.00,0.0000,245.17,0,0,0.0000,NOT_RUN,0,28,4148,0,1,50,2,0,0,0,0
380,0,1,0,LOW_PSR,4.7202,1.0000,2,0,2,0.5000,104.98,406.14,100.37,31.61,77.00,161.00,50.00,24.00,0.0000,246.73,0,0,0.0000,NOT_RUN,0,28,3964,0,1,50,2,0,0,0,0
381,0,1,0,LOW_PSR,4.6050,1.0000,2,0,2,0.5000,104.98,406.14,100.37,31.61,80.00,158.00,42.00,32.00,0.0000,249.39,0,0,0.0000,NOT_RUN,0,28,4222,0,1,50,2,0,0,0,0
382,0,1,0,LOW_PSR,4.6122,1.0000,2,0,2,0.5000,104.98,406.14,100.37,31.61,82.00,157.50,38.00,35.00,0.0000,249.70,0,0,0.0000,NOT_RUN,0,28,4213,0,1,50,2,0,0,0,0
383,0,1,0,LOW_PSR,4.6967,1.0000,2,0,2,0.5000,104.98,406.14,100.37,31.61,87.50,157.00,23.00,38.00,0.0000,249.75,0,0,0.0000,NOT_RUN,0,28,4247,0,1,50,2,0,0,0,0
384,0,1,0,LOW_PSR,4.6942,1.0000,2,0,2,0.5000,104.98,406.14,100.37,31.61,92.50,159.00,27.00,46.00,0.0000,247.46,0,0,0.0000,NOT_RUN,0,28,4220,0,1,50,2,0,0,0,0
385,0,1,0,LOW_PSR,4.6973,1.0000,2,0,2,0.5000,104.98,406.14,100.37,31.61,97.00,160.50,32.00,47.00,0.0000,245.77,0,0,0.0000,NOT_RUN,0,27,4383,0,1,50,2,0,0,0,0
386,0,1,0,LOW_PSR,4.7319,1.0000,2,0,2,0.5000,104.98,406.14,100.37,31.61,99.50,161.50,33.00,47.00,0.0000,244.70,0,0,0.0000,NOT_RUN,0,27,4199,0,1,50,2,0,0,0,0
387,0,1,0,LOW_PSR,4.6919,1.0000,2,0,2,0.5000,104.98,406.14,100.37,31.61,99.00,159.00,34.00,44.00,0.0000,247.21,0,0,0.0000,NOT_RUN,0,27,4297,0,1,50,2,0,0,0,0
388,0,1,0,LOW_PSR,4.6990,1.0000,2,0,3,0.5000,104.98,406.14,100.37,31.61,98.00,158.50,34.00,41.00,0.0000,247.74,0,0,0.0000,NOT_RUN,0,27,4430,0,1,50,2,0,0,0,0
389,0,1,0,LOW_PSR,4.6518,1.0000,2,0,3,0.5000,104.98,406.14,100.37,31.61,96.00,158.00,32.00,36.00,0.0000,248.30,0,0,0.0000,NOT_RUN,0,27,4611,0,1,50,2,0,0,0,0
390,0,1,0,NEGATIVE_PEAK,-2.4577,1.0000,-2,6,-2,0.0000,104.98,406.14,100.37,31.61,95.00,158.00,36.00,34.00,0.0000,248.34,0,0,0.0000,NOT_RUN,0,27,4649,0,1,50,2,0,0,0,0
391,0,1,0,NEGATIVE_PEAK,-2.4516,1.0000,-2,6,-4,0.5000,104.98,406.14,100.37,31.61,94.50,157.50,35.00,33.00,0.0000,248.86,0,0,0.0000,NOT_RUN,0,27,4629,0,1,50,2,0,0,0,0
392,0,1,0,NEGATIVE_PEAK,-2.4015,1.0000,-2,5,-3,0.0000,104.98,406.14,100.37,31.61,93.50,158.50,35.00,29.00,0.0000,247.91,0,0,0.0000,NOT_RUN,0,27,4843,0,1,50,2,0,0,0,0
393,0,1,0,NEGATIVE_PEAK,-2.4655,1.0000,-2,5,-2,0.0000,104.98,406.14,100.37,31.61,93.00,158.50,36.00,29.00,0.0000,247.93,0,0,0.0000,NOT_RUN,0,26,4692,0,1,50,2,0,0,0,0
394,0,1,0,NEGATIVE_PEAK,-2.4740,1.0000,-2,5,-4,0.0000,104.98,406.14,100.37,31.61,91.00,159.00,38.00,28.00,0.0000,247.54,0,0,0.0000,NOT_RUN,0,26,4790,0,1,50,2,0,0,0,0
395,0,1,0,NEGATIVE_PEAK,-2.5225,1.0000,-2,4,-2,0.0000,104.98,406.14,100.37,31.61,91.50,160.00,37.00,26.00,0.0000,246.51,0,0,0.0000,NOT_RUN,0,24,4600,0,1,50,2,0,0,0,0
396,0,1,0,NEGATIVE_PEAK,-2.4415,1.0000,-2,4,-2,0.0000,104.98,406.14,100.37,31.61,92.00,160.50,36.00,23.00,0.0000,245.98,0,0,0.0000,NOT_RUN,0,27,4635,0,1,50,2,0,0,0,0
397,0,1,0,NEGATIVE_PEAK,-2.4378,1.0000,-2,4,-2,0.0000,104.98,406.14,100.37,31.61,92.00,161.50,38.00,21.00,0.0000,244.98,0,0,0.0000,NOT_RUN,0,27,4696,0,1,50,2,0,0,0,0
398,0,1,0,NEGATIVE_PEAK,-2.4456,1.0000,-2,5,-2,0.0000,104.98,406.14,100.37,31.61,93.00,162.00,38.00,20.00,0.0000,244.43,0,0,0.0000,NOT_RUN,0,26,4620,0,1,50,2,0,0,0,0
399,0,1,0,NEGATIVE_PEAK,-2.4927,1.0000,-2,6,-4,0.0000,104.98,406.14,100.37,31.61,93.00,163.00,38.00,22.00,0.0000,243.44,0,0,0.0000,NOT_RUN,0,26,4758,0,1,50,2,0,0,0,0
400,0,1,0,NEGATIVE_PEAK,-2.4849,1.0000,-2,6,-2,0.5000,104.98,406.14,100.37,31.61,93.50,162.50,37.00,21.00,0.0000,243.91,0,0,0.0000,NOT_RUN,0,26,4732,0,1,50,2,0,0,0,0
401,0,1,0,NEGATIVE_PEAK,-2.4761,1.0000,-2,7,-2,0.5000,104.98,406.14,100.37,31.61,94.00,162.50,38.00,21.00,0.0000,243.89,0,0,0.0000,NOT_RUN,0,25,4423,0,1,50,2,0,0,0,0
402,0,1,0,LOW_PSR,4.7142,1.0000,2,0,3,0.5000,104.98,406.14,100.37,31.61,95.00,162.00,38.00,22.00,0.0000,244.34,0,0,0.0000,NOT_RUN,0,26,4510,0,1,50,2,0,0,0,0
403,0,1,0,LOW_PSR,4.6970,1.0000,2,0,3,0.5000,104.98,406.14,100.37,31.61,95.00,162.50,38.00,23.00,0.0000,243.84,0,0,0.0000,NOT_RUN,0,26,4384,0,1,50,2,0,0,0,0
404,0,1,0,LOW_PSR,4.6653,1.0000,2,0,2,0.5000,104.98,406.14,100.37,31.61,95.50,162.50,37.00,23.00,0.0000,243.82,0,0,0.0000,NOT_RUN,0,26,4406,0,1,50,2,0,0,0,0
405,0,1,0,LOW_PSR,4.6664,1.0000,2,0,2,0.5000,104.98,406.14,100.37,31.61,96.00,163.00,38.00,22.00,0.0000,243.31,0,0,0.0000,NOT_RUN,0,26,4376,0,1,50,2,0,0,0,0
406,0,1,0,LOW_PSR,4.6074,1.0000,2,0,2,0.5000,104.98,406.14,100.37,31.61,95.50,163.50,39.00,21.00,0.0000,242.83,0,0,0.0000,NOT_RUN,0,26,4406,0,1,50,2,0,0,0,0
407,0,1,0,LOW_PSR,4.5863,1.0000,2,0,1,0.5000,104.98,406.14,100.37,31.61,96.00,162.00,38.00,20.00,0.0000,244.31,0,0,0.0000,NOT_RUN,0,26,4398,0,1,50,2,0,0,0,0
408,0,1,0,LOW_PSR,4.5545,1.0000,2,0,1,0.5000,104.98,406.14,100.37,31.61,96.00,163.00,38.00,18.00,0.0000,243.31,0,0,0.0000,NOT_RUN,0,26,4483,0,1,50,2,0,0,0,0
409,0,1,0,LOW_PSR,4.5276,1.0000,2,0,1,0.5000,104.98,406.14,100.37,31.61,95.50,163.00,39.00,18.00,0.0000,243.33,0,0,0.0000,NOT_RUN,0,26,4409,0,1,50,2,0,0,0,0
410,0,1,0,LOW_PSR,4.5560,1.0000,2,0,1,0.5000,104.98,406.14,100.37,31.61,95.00,163.50,40.00,17.00,0.0000,242.85,0,0,0.0000,NOT_RUN,0,26,4321,0,1,50,2,0,0,0,0
411,0,1,0,LOW_PSR,4.6003,1.0000,2,0,1,0.5000,104.98,406.14,100.37,31.61,94.50,162.50,41.00,17.00,0.0000,243.87,0,0,0.0000,NOT_RUN,0,26,4335,0,1,50,2,0,0,0,0
412,0,1,0,LOW_PSR,4.5668,1.0000,2,0,1,0.5000,104.98,406.14,100.37,31.61,93.50,162.50,43.00,17.00,0.0000,243.91,0,0,0.0000,NOT_RUN,0,26,4403,0,1,50,2,0,0,0,0
413,0,1,0,LOW_PSR,4.6127,1.0000,2,0,2,0.5000,104.98,406.14,100.37,31.61,93.50,162.50,45.00,17.00,0.0000,243.91,0,0,0.0000,NOT_RUN,0,26,4335,0,1,50,2,0,0,0,0
414,0,1,0,LOW_PSR,4.6490,1.0000,2,0,2,0.5000,104.98,406.14,100.37,31.61,92.50,164.00,45.00,20.00,0.0000,242.46,0,0,0.0000,NOT_RUN,0,25,4271,0,1,50,2,0,0,0,0
415,0,1,0,LOW_PSR,4.6803,1.0000,2,0,2,0.5000,104.98,406.14,100.37,31.61,91.50,165.00,47.00,22.00,0.0000,241.52,0,0,0.0000,NOT_RUN,0,25,4195,0,1,50,2,0,0,0,0
416,0,1,0,LOW_PSR,4.6979,1.0000,2,0,2,0.5000,104.98,406.14,100.37,31.61,90.50,165.50,49.00,27.00,0.0000,241.08,0,0,0.0000,NOT_RUN,0,26,4257,0,1,50,2,0,0,0,0
417,0,1,0,LOW_PSR,4.7479,1.0000,2,0,2,0.5000,104.98,406.14,100.37,31.61,90.00,165.50,50.00,33.00,0.0000,241.11,0,0,0.0000,NOT_RUN,0,27,4358,0,1,50,2,0,0,0,0
418,0,1,0,LOW_PSR,4.5381,1.0000,2,0,1,0.5000,104.98,406.14,100.37,31.61,89.00,166.00,50.00,36.00,0.0000,240.67,0,0,0.0000,NOT_RUN,0,28,4548,0,1,50,2,0,0,0,0
419,0,1,0,LOW_PSR,4.6024,1.0000,2,0,2,0.5000,104.98,406.14,100.37,31.61,89.00,164.00,52.00,40.00,0.0000,242.67,0,0,0.0000,NOT_RUN,0,27,4495,0,1,50,2,0,0,0,0
420,0,1,0,LOW_PSR,4.6396,1.0000,2,0,2,0.5000,104.98,406.14,100.37,31.61,88.50,166.00,55.00,46.00,0.0000,240.71,0,0,0.0000,NOT_RUN,0,27,4363,0,1,50,2,0,0,0,0
421,0,1,0,LOW_PSR,4.6034,1.0000,2,0,1,0.5000,104.98,406.14,100.37,31.61,88.50,166.00,53.00,48.00,0.0000,240.71,0,0,0.0000,NOT_RUN,0,29,4490,0,1,50,2,0,0,0,0
422,0,1,0,LOW_PSR,4.5725,1.0000,2,0,1,0.5000,104.98,406.14,100.37,31.61,88.50,165.50,53.00,49.00,0.0000,241.20,0,0,0.0000,NOT_RUN,0,28,4688,0,1,50,2,0,0,0,0
423,0,1,0,LOW_PSR,4.5504,1.0000,2,0,1,0.5000,104.98,406.14,100.37,31.61,89.00,166.00,56.00,50.00,0.0000,240.67,0,0,0.0000,NOT_RUN,0,29,4662,0,1,50,2,0,0,0,0
424,0,1,0,LOW_PSR,4.5288,1.0000,2,0,1,0.5000,104.98,406.14,100.37,31.61,88.50,167.00,55.00,52.00,0.0000,239.71,0,0,0.0000,NOT_RUN,0,28,4611,0,1,50,2,0,0,0,0
425,0,1,0,LOW_PSR,4.6052,1.0000,2,0,1,0.5000,104.98,406.14,100.37,31.61,89.00,167.50,56.00,49.00,0.0000,239.17,0,0,0.0000,NOT_RUN,0,29,4412,0,1,50,2,0,0,0,0
426,0,1,0,LOW_PSR,4.6790,1.0000,2,0,2,0.5000,104.98,406.14,100.37,31.61,90.00,169.00,58.00,48.00,0.0000,237.61,0,0,0.0000,NOT_RUN,0,29,4248,0,1,50,2,0,0,0,0
427,0,1,0,LOW_PSR,4.6780,1.0000,2,0,2,0.5000,104.98,406.14,100.37,31.61,90.00,170.00,58.00,48.00,0.0000,236.62,0,0,0.0000,NOT_RUN,0,28,4318,0,1,50,2,0,0,0,0
428,0,1,0,LOW_PSR,4.7364,1.0000,2,0,2,0.5000,104.98,406.14,100.37,31.61,89.50,169.00,57.00,48.00,0.0000,237.65,0,0,0.0000,NOT_RUN,0,28,4282,0,1,50,2,0,0,0,0
429,0,1,0,LOW_PSR,4.6885,1.0000,2,0,1,0.5000,104.98,406.14,100.37,31.61,91.00,170.00,58.00,44.00,0.0000,236.55,0,0,0.0000,NOT_RUN,0,29,4319,0,1,50,2,0,0,0,0
430,0,1,0,LOW_PSR,4.6897,1.0000,2,0,2,0.5000,104.98,406.14,100.37,31.61,90.50,168.00,57.00,44.00,0.0000,238.58,0,0,0.0000,NOT_RUN,0,28,4277,0,1,50,2,0,0,0,0
431,0,1,0,LOW_PSR,4.8504,1.0000,2,0,3,0.5000,104.98,406.14,100.37,31.61,90.00,164.50,58.00,47.00,0.0000,242.10,0,0,0.0000,NOT_RUN,0,25,4139,0,1,50,2,0,0,0,0
432,0,1,0,LOW_PSR,4.7449,1.0000,2,0,3,0.5000,104.98,406.14,100.37,31.61,91.00,163.50,60.00,45.00,0.0000,243.04,0,0,0.0000,NOT_RUN,0,26,4078,0,1,50,2,0,0,0,0
433,0,1,0,LOW_PSR,4.7287,1.0000,2,0,3,0.5000,104.98,406.14,100.37,31.61,92.00,160.00,58.00,48.00,0.0000,246.48,0,0,0.0000,NOT_RUN,0,26,4256,0,1,50,2,0,0,0,0
434,0,1,0,LOW_PSR,4.7170,1.0000,2,0,3,0.5000,104.98,406.14,100.37,31.61,92.50,157.00,61.00,50.00,0.0000,249.45,0,0,0.0000,NOT_RUN,0,25,4136,0,1,50,2,0,0,0,0
435,0,1,0,LOW_PSR,4.8085,1.0000,2,1,2,0.5000,104.98,406.14,100.37,31.61,94.50,155.50,59.00,47.00,0.0000,250.86,0,0,0.0000,NOT_RUN,0,24,4198,0,1,50,2,0,0,0,0
436,0,1,0,LOW_PSR,4.7030,1.0000,2,1,2,0.5000,104.98,406.14,100.37,31.61,94.00,155.00,58.00,46.00,0.0000,251.38,0,0,0.0000,NOT_RUN,0,25,4295,0,1,50,2,0,0,0,0
437,0,1,0,LOW_PSR,4.8411,1.0000,2,1,3,0.5000,104.98,406.14,100.37,31.61,95.00,156.00,58.00,44.00,0.0000,250.34,0,0,0.0000,NOT_RUN,0,25,4294,0,1,50,2,0,0,0,0
438,0,1,0,LOW_PSR,4.8120,1.0000,2,1,3,0.0000,104.98,406.14,100.37,31.61,95.50,157.50,59.00,39.00,0.0000,248.82,0,0,0.0000,NOT_RUN,0,25,4095,0,1,50,2,0,0,0,0
439,0,1,0,LOW_PSR,4.8844,1.0000,2,2,3,0.0000,104.98,406.14,100.37,31.61,96.00,157.50,60.00,37.00,0.0000,248.80,0,0,0.0000,NOT_RUN,0,25,4068,0,1,50,2,0,0,0,0
440,0,1,0,LOW_PSR,4.8385,1.0000,2,3,2,0.0000,104.98,406.14,100.37,31.61,96.00,157.50,60.00,37.00,0.0000,248.80,0,0,0.0000,NOT_RUN,0,24,4110,0,1,50,2,0,0,0,0
441,0,1,0,LOW_PSR,4.8912,1.0000,2,3,3,0.0000,104.98,406.14,100.37,31.61,97.00,157.50,62.00,37.00,0.0000,248.77,0,0,0.0000,NOT_RUN,0,23,3996,0,1,50,2,0,0,0,0
442,0,1,0,LOW_PSR,4.8627,1.0000,2,3,3,0.0000,104.98,406.14,100.37,31.61,98.00,157.50,60.00,39.00,0.0000,248.74,0,0,0.0000,NOT_RUN,0,22,3884,0,1,50,2,0,0,0,0
443,0,1,0,LOW_PSR,4.8438,1.0000,2,3,3,0.0000,104.98,406.14,100.37,31.61,99.00,156.00,62.00,40.00,0.0000,250.21,0,0,0.0000,NOT_RUN,0,23,3872,0,1,50,2,0,0,0,0
444,0,1,0,LOW_PSR,4.8171,1.0000,2,3,3,0.0000,104.98,406.14,100.37,31.61,99.50,154.50,61.00,43.00,0.0000,251.70,0,0,0.0000,NOT_RUN,0,23,3880,0,1,50,2,0,0,0,0
445,0,1,0,LOW_PSR,4.9005,1.0000,2,4,3,0.0000,104.98,406.14,100.37,31.61,99.50,153.00,61.00,46.00,0.0000,253.20,0,0,0.0000,NOT_RUN,0,23,3807,0,1,50,2,0,0,0,0
446,0,1,0,LOW_PSR,4.8335,1.0000,2,4,3,0.0000,104.98,406.14,100.37,31.61,98.50,152.00,63.00,48.00,0.0000,254.22,0,0,0.0000,NOT_RUN,0,25,3864,0,1,50,2,0,0,0,0
447,0,1,0,LOW_PSR,4.8242,1.0000,2,4,3,0.0000,104.98,406.14,100.37,31.61,98.00,151.50,64.00,51.00,0.0000,254.74,0,0,0.0000,NOT_RUN,0,26,3655,0,1,50,2,0,0,0,0
448,0,1,0,LOW_PSR,4.8120,1.0000,2,5,2,0.0000,104.98,406.14,100.37,31.61,98.50,151.00,65.00,52.00,0.0000,255.22,0,0,0.0000,NOT_RUN,0,26,3662,0,1,50,2,0,0,0,0
449,0,1,0,LOW_PSR,4.7776,1.0000,2,5,3,0.0000,104.98,406.14,100.37,31.61,99.00,151.00,66.00,50.00,0.0000,255.21,0,0,0.0000,NOT_RUN,0,26,3726,0,1,50,2,0,0,0,0
450,0,1,0,LOW_PSR,4.7255,1.0000,2,5,2,0.0000,104.98,406.14,100.37,31.61,97.00,151.00,68.00,48.00,0.0000,255.27,0,0,0.0000,NOT_RUN,0,27,3589,0,1,50,2,0,0,0,0
451,0,1,0,LOW_PSR,4.6950,1.0000,2,5,2,0.0000,104.98,406.14,100.37,31.61,97.00,151.00,70.00,48.00,0.0000,255.27,0,0,0.0000,NOT_RUN,0,27,3570,0,1,50,2,0,0,0,0
452,0,1,0,LOW_PSR,4.7290,1.0000,2,5,2,0.5000,104.98,406.14,100.37,31.61,96.00,152.00,72.00,46.00,0.0000,254.30,0,0,0.0000,NOT_RUN,0,27,3406,0,1,50,2,0,0,0,0
453,0,1,0,LOW_PSR,4.7138,1.0000,2,5,3,0.0000,104.98,406.14,100.37,31.61,96.50,152.00,73.00,44.00,0.0000,254.28,0,0,0.0000,NOT_RUN,0,27,3350,0,1,50,2,0,0,0,0
454,0,1,0,LOW_PSR,4.8013,1.0000,2,5,3,0.5000,104.98,406.14,100.37,31.61,96.00,153.50,74.00,43.00,0.0000,252.80,0,0,0.0000,NOT_RUN,0,27,3342,0,1,50,2,0,0,0,0
455,0,1,0,LOW_PSR,4.7715,1.0000,2,5,2,0.5000,104.98,406.14,100.37,31.61,97.00,154.50,74.00,41.00,0.0000,251.77,0,0,0.0000,NOT_RUN,0,25,3260,0,1,50,2,0,0,0,0
456,0,1,0,LOW_PSR,4.6409,1.0000,2,5,3,0.5000,104.98,406.14,100.37,31.61,97.50,154.50,75.00,43.00,0.0000,251.75,0,0,0.0000,NOT_RUN,0,27,3324,0,1,50,2,0,0,0,0
457,0,1,0,LOW_PSR,4.6164,1.0000,2,5,2,0.5000,104.98,406.14,100.37,31.61,97.50,154.50,75.00,43.00,0.0000,251.75,0,0,0.0000,NOT_RUN,0,27,3276,0,1,50,2,0,0,0,0
458,0,1,0,NEGATIVE_PEAK,-4.2595,1.5000,-3,-22,-2,0.3333,104.98,406.14,100.37,31.61,100.50,155.00,71.00,42.00,0.0000,251.18,0,0,0.0000,NOT_RUN,0,26,3061,0,1,50,3,0,0,0,0
459,0,1,0,NEGATIVE_PEAK,-4.3238,1.5000,-3,-22,-2,0.3333,104.98,406.14,100.37,31.61,102.50,155.50,65.00,43.00,0.0000,250.65,0,0,0.0000,NOT_RUN,0,23,3585,0,1,50,3,0,0,0,0
460,0,1,0,NEGATIVE_PEAK,-2.5155,1.0000,-2,0,-2,0.5000,104.98,406.14,100.37,31.61,104.00,155.50,62.00,43.00,0.0000,250.64,0,0,0.0000,NOT_RUN,0,22,3233,0,1,50,2,0,0,0,0
461,0,1,0,NEGATIVE_PEAK,-2.5015,1.0000,-2,0,-5,0.5000,104.98,406.14,100.37,31.61,104.00,156.50,64.00,41.00,0.0000,249.64,0,0,0.0000,NOT_RUN,0,22,3378,0,1,50,2,0,0,0,0
462,0,1,0,LOW_PSR,4.7689,1.0000,2,6,3,0.5000,104.98,406.14,100.37,31.61,103.50,157.00,63.00,40.00,0.0000,249.15,0,0,0.0000,NOT_RUN,0,23,3463,0,1,50,2,0,0,0,0
463,0,1,0,LOW_PSR,4.8027,1.0000,2,7,2,0.5000,104.98,406.14,100.37,31.61,103.00,157.50,64.00,41.00,0.0000,248.65,0,0,0.0000,NOT_RUN,0,23,3624,0,1,50,2,0,0,0,0
464,0,1,0,LOW_PSR,4.6737,1.0000,2,6,3,0.5000,104.98,406.14,100.37,31.61,102.00,158.00,66.00,42.00,0.0000,248.16,0,0,0.0000,NOT_RUN,0,26,4009,0,1,50,2,0,0,0,0
465,0,1,0,LOW_PSR,4.7538,1.0000,2,5,3,0.5000,104.98,406.14,100.37,31.61,100.50,156.50,65.00,43.00,0.0000,249.68,0,0,0.0000,NOT_RUN,0,26,3957,0,1,50,2,0,0,0,0
466,0,1,0,LOW_PSR,4.7527,1.0000,2,5,2,0.5000,104.98,406.14,100.37,31.61,100.00,156.00,66.00,42.00,0.0000,250.19,0,0,0.0000,NOT_RUN,0,25,4177,0,1,50,2,0,0,0,0
467,0,1,0,LOW_PSR,4.8553,1.0000,2,5,2,0.0000,104.98,406.14,100.37,31.61,99.50,157.50,65.00,43.00,0.0000,248.70,0,0,0.0000,NOT_RUN,0,22,4398,0,1,50,2,0,0,0,0
468,0,1,0,NEGATIVE_PEAK,-2.6197,1.0000,-2,19,-3,0.5000,104.98,406.14,100.37,31.61,100.00,159.00,66.00,50.00,0.0000,247.19,0,0,0.0000,NOT_RUN,0,18,4012,0,1,50,2,0,0,0,0
469,0,1,0,NEGATIVE_PEAK,-2.6292,1.0000,-2,0,-4,0.5000,104.98,406.14,100.37,31.61,99.00,159.00,68.00,50.00,0.0000,247.21,0,0,0.0000,NOT_RUN,0,23,4074,0,1,50,2,0,0,0,0
470,0,1,0,NEGATIVE_PEAK,-4.1987,1.0000,-3,-7,-5,0.3333,104.98,406.14,100.37,31.61,98.00,159.50,70.00,51.00,0.0000,246.74,0,0,0.0000,NOT_RUN,0,22,3480,0,1,50,3,0,0,0,0
471,0,1,0,NEGATIVE_PEAK,-4.1166,1.0000,-3,-8,-2,0.3333,104.98,406.14,100.37,31.61,98.00,159.50,70.00,51.00,0.0000,246.74,0,0,0.0000,NOT_RUN,0,22,3970,0,1,50,3,0,0,0,0
472,0,1,0,NEGATIVE_PEAK,-3.9863,1.0000,-3,-9,-5,0.3333,104.98,406.14,100.37,31.61,97.50,160.50,71.00,51.00,0.0000,245.75,0,0,0.0000,NOT_RUN,0,29,4170,0,1,50,3,0,0,0,0
473,0,1,0,NEGATIVE_PEAK,-3.9824,1.0000,-3,-8,-4,0.6667,104.98,406.14,100.37,31.61,98.00,158.00,72.00,48.00,0.0000,248.24,0,0,0.0000,NOT_RUN,0,28,3937,0,1,50,3,0,0,0,0
474,0,1,0,NEGATIVE_PEAK,-3.9090,1.0000,-3,-8,-2,0.6667,104.98,406.14,100.37,31.61,96.50,158.00,75.00,48.00,0.0000,248.29,0,0,0.0000,NOT_RUN,0,29,3775,0,1,50,3,0,0,0,0
475,0,1,0,NEGATIVE_PEAK,-3.8492,1.0000,-3,-8,-5,0.6667,104.98,406.14,100.37,31.61,95.50,159.50,77.00,49.00,0.0000,246.82,0,0,0.0000,NOT_RUN,0,30,3770,0,1,50,3,0,0,0,0
476,0,1,0,NEGATIVE_PEAK,-4.0103,1.0000,-3,-8,-3,0.6667,104.98,406.14,100.37,31.61,95.00,158.50,78.00,47.00,0.0000,247.84,0,0,0.0000,NOT_RUN,0,29,3365,0,1,50,3,0,0,0,0
477,0,1,0,NEGATIVE_PEAK,-4.0710,1.0000,-3,-9,-2,0.6667,104.98,406.14,100.37,31.61,94.00,158.50,82.00,45.00,0.0000,247.88,0,0,0.0000,NOT_RUN,0,26,2958,0,1,50,3,0,0,0,0
478,0,1,0,NEGATIVE_PEAK,-5.5537,1.3333,-4,-5,-2,0.5000,104.98,406.14,100.37,31.61,94.50,156.50,83.00,45.00,0.0000,249.86,0,0,0.0000,NOT_RUN,0,28,2781,0,1,50,4,0,0,0,0
479,0,1,0,NEGATIVE_PEAK,-5.4870,1.3333,-4,-5,-2,0.5000,104.98,406.14,100.37,31.61,94.00,156.50,86.00,43.00,0.0000,249.88,0,0,0.0000,NOT_RUN,0,30,3015,0,1,50,4,0,0,0,0
480,0,1,0,NEGATIVE_PEAK,-5.3477,1.3333,-4,-5,-3,0.5000,104.98,406.14,100.37,31.61,94.50,155.50,85.00,41.00,0.0000,250.86,0,0,0.0000,NOT_RUN,0,34,3076,0,1,50,4,0,0,0,0
481,0,1,0,NEGATIVE_PEAK,-5.3076,1.3333,-4,-5,-3,0.5000,104.98,406.14,100.37,31.61,95.00,154.50,84.00,41.00,0.0000,251.84,0,0,0.0000,NOT_RUN,0,32,3065,0,1,50,4,0,0,0,0
482,0,1,0,NEGATIVE_PEAK,-5.4213,1.3333,-4,-4,-2,0.5000,104.98,406.14,100.37,31.61,95.00,155.00,84.00,42.00,0.0000,251.34,0,0,0.0000,NOT_RUN,0,30,3050,0,1,50,4,0,0,0,0
483,0,1,0,NEGATIVE_PEAK,-5.4078,1.3333,-4,-4,-2,0.5000,104.98,406.14,100.37,31.61,95.00,154.00,84.00,44.00,0.0000,252.34,0,0,0.0000,NOT_RUN,0,30,2930,0,1,50,4,0,0,0,0
484,0,1,0,NEGATIVE_PEAK,-5.3578,1.3333,-4,-5,-3,0.5000,104.98,406.14,100.37,31.61,94.50,154.00,87.00,46.00,0.0000,252.36,0,0,0.0000,NOT_RUN,0,30,3003,0,1,50,4,0,0,0,0
485,0,1,0,NEGATIVE_PEAK,-5.5093,1.3333,-4,-3,-3,0.5000,104.98,406.14,100.37,31.61,95.00,153.50,88.00,47.00,0.0000,252.84,0,0,0.0000,NOT_RUN,0,27,2865,0,1,50,4,0,0,0,0
486,0,1,0,NEGATIVE_PEAK,-3.8679,1.0000,-3,0,7,0.6667,104.98,406.14,100.37,31.61,95.50,153.50,87.00,47.00,0.0000,252.82,0,0,0.0000,NOT_RUN,0,27,2848,0,1,50,3,0,0,0,0
487,0,1,0,NEGATIVE_PEAK,-5.5529,1.3333,-4,-3,-2,0.7500,104.98,406.14,100.37,31.61,97.00,153.50,86.00,47.00,0.0000,252.77,0,0,0.0000,NOT_RUN,0,27,2783,0,1,50,4,0,0,0,0
488,0,1,0,NEGATIVE_PEAK,-5.5005,1.3333,-4,-3,-3,0.7500,104.98,406.14,100.37,31.61,97.00,153.00,86.00,46.00,0.0000,253.27,0,0,0.0000,NOT_RUN,0,27,2819,0,1,50,4,0,0,0,0
489,0,1,0,NEGATIVE_PEAK,-5.5681,1.3333,-4,-3,-2,0.5000,104.98,406.14,100.37,31.61,97.50,154.50,85.00,47.00,0.0000,251.75,0,0,0.0000,NOT_RUN,0,26,3008,0,1,50,4,0,0,0,0
490,0,1,0,NEGATIVE_PEAK,-5.5629,1.3333,-4,-3,-2,0.5000,104.98,406.14,100.37,31.61,95.50,154.00,87.00,48.00,0.0000,252.32,0,0,0.0000,NOT_RUN,0,26,2962,0,1,50,4,0,0,0,0
491,0,1,0,NEGATIVE_PEAK,-5.4402,1.3333,-4,-3,-3,0.5000,104.98,406.14,100.37,31.61,96.00,154.50,84.00,47.00,0.0000,251.80,0,0,0.0000,NOT_RUN,0,27,3010,0,1,50,4,0,0,0,0
492,0,1,0,NEGATIVE_PEAK,-5.3856,1.3333,-4,-4,-2,0.5000,104.98,406.14,100.37,31.61,96.00,155.50,84.00,47.00,0.0000,250.80,0,0,0.0000,NOT_RUN,0,29,3032,0,1,50,4,0,0,0,0
493,0,1,0,NEGATIVE_PEAK,-5.4986,1.3333,-4,-4,-2,0.5000,104.98,406.14,100.37,31.61,95.00,155.50,86.00,49.00,0.0000,250.84,0,0,0.0000,NOT_RUN,0,27,2808,0,1,50,4,0,0,0,0
494,0,1,0,NEGATIVE_PEAK,-5.5393,1.3333,-4,-3,-2,0.5000,104.98,406.14,100.37,31.61,95.00,157.00,86.00,48.00,0.0000,249.34,0,0,0.0000,NOT_RUN,0,25,2859,0,1,50,4,0,0,0,0
495,0,1,0,NEGATIVE_PEAK,-5.5536,1.3333,-4,-4,-2,0.5000,104.98,406.14,100.37,31.61,95.00,157.50,84.00,49.00,0.0000,248.84,0,0,0.0000,NOT_RUN,0,25,2779,0,1,50,4,0,0,0,0
496,0,1,0,NEGATIVE_PEAK,-5.5799,1.3333,-4,-3,-3,0.5000,104.98,406.14,100.37,31.61,95.50,157.00,83.00,48.00,0.0000,249.32,0,0,0.0000,NOT_RUN,0,25,2914,0,1,50,4,0,0,0,0
497,0,1,0,NEGATIVE_PEAK,-5.5188,1.3333,-4,-4,-2,0.5000,104.98,406.14,100.37,31.61,96.00,158.50,84.00,51.00,0.0000,247.80,0,0,0.0000,NOT_RUN,0,25,2907,0,1,50,4,0,0,0,0
498,0,1,0,NEGATIVE_PEAK,-5.5497,1.3333,-4,-4,-2,0.5000,104.98,406.14,100.37,31.61,96.50,158.50,81.00,53.00,0.0000,247.79,0,0,0.0000,NOT_RUN,0,25,2851,0,1,50,4,0,0,0,0
499,0,1,0,NEGATIVE_PEAK,-5.5239,1.3333,-4,-5,-3,0.5000,104.98,406.14,100.37,31.61,96.00,158.00,82.00,58.00,0.0000,248.30,0,0,0.0000,NOT_RUN,0,27,2987,0,1,50,4,0,0,0,0
500,0,1,0,NEGATIVE_PEAK,-5.5089,1.3333,-4,-5,-3,0.5000,104.98,406.14,100.37,31.61,97.00,158.00,78.00,60.00,0.0000,248.27,0,0,0.0000,NOT_RUN,0,27,2887,0,1,50,4,0,0,0,0
501,0,1,0,NEGATIVE_PEAK,-5.5454,1.3333,-4,-5,-3,0.5000,104.98,406.14,100.37,31.61,99.00,158.00,76.00,62.00,0.0000,248.21,0,0,0.0000,NOT_RUN,0,26,2915,0,1,50,4,0,0,0,0
502,0,1,0,NEGATIVE_PEAK,-5.5439,1.3333,-4,-5,-3,0.5000,104.98,406.14,100.37,31.61,99.00,157.50,74.00,63.00,0.0000,248.71,0,0,0.0000,NOT_RUN,0,26,2953,0,1,50,4,0,0,0,0
503,0,1,0,NEGATIVE_PEAK,-5.5219,1.3333,-4,-6,-2,0.5000,104.98,406.14,100.37,31.61,98.50,158.50,73.00,65.00,0.0000,247.73,0,0,0.0000,NOT_RUN,0,27,2919,0,1,50,4,0,0,0,0
504,0,1,0,NEGATIVE_PEAK,-5.5268,1.3333,-4,-5,-2,0.5000,104.98,406.14,100.37,31.61,98.50,158.00,75.00,68.00,0.0000,248.23,0,0,0.0000,NOT_RUN,0,26,2897,0,1,50,4,0,0,0,0
505,0,1,0,NEGATIVE_PEAK,-5.5482,1.3333,-4,-4,-2,0.5000,104.98,406.14,100.37,31.61,99.00,159.00,74.00,66.00,0.0000,247.21,0,0,0.0000,NOT_RUN,0,26,2831,0,1,50,4,0,0,0,0
506,0,1,0,NEGATIVE_PEAK,-3.8995,1.0000,-3,0,-2,0.6667,104.98,406.14,100.37,31.61,99.00,158.00,74.00,64.00,0.0000,248.21,0,0,0.0000,NOT_RUN,0,25,2874,0,1,50,3,0,0,0,0
507,0,1,0,NEGATIVE_PEAK,-5.5650,1.3333,-4,-3,-3,0.5000,104.98,406.14,100.37,31.61,99.50,156.50,75.00,63.00,0.0000,249.70,0,0,0.0000,NOT_RUN,0,26,2946,0,1,50,4,0,0,0,0
508,0,1,0,NEGATIVE_PEAK,-5.5366,1.3333,-4,-3,-3,0.5000,104.98,406.14,100.37,31.61,100.00,157.00,74.00,60.00,0.0000,249.19,0,0,0.0000,NOT_RUN,0,25,2832,0,1,50,4,0,0,0,0
509,0,1,0,NEGATIVE_PEAK,-5.6128,1.3333,-4,-4,-2,0.5000,104.98,406.14,100.37,31.61,100.50,157.00,75.00,56.00,0.0000,249.18,0,0,0.0000,NOT_RUN,0,25,2632,0,1,50,4,0,0,0,0
510,0,1,0,NEGATIVE_PEAK,-3.9380,1.0000,-3,0,-5,0.6667,104.98,406.14,100.37,31.61,101.00,156.50,74.00,51.00,0.0000,249.67,0,0,0.0000,NOT_RUN,0,26,2691,0,1,50,3,0,0,0,0
511,0,1,0,NEGATIVE_PEAK,-3.9717,1.0000,-3,0,-5,0.6667,104.98,406.14,100.37,31.61,101.00,156.00,74.00,50.00,0.0000,250.17,0,0,0.0000,NOT_RUN,0,24,2725,0,1,50,3,0,0,0,0
512,0,1,0,NEGATIVE_PEAK,-5.5499,1.3333,-4,-2,-2,0.7500,104.98,406.14,100.37,31.61,101.00,155.00,74.00,46.00,0.0000,251.17,0,0,0.0000,NOT_RUN,0,25,2526,0,1,50,4,0,0,0,0
513,0,1,0,NEGATIVE_PEAK,-5.5906,1.3333,-4,-3,-3,0.7500,104.98,406.14,100.37,31.61,102.00,155.00,74.00,40.00,0.0000,251.16,0,0,0.0000,NOT_RUN,0,25,2484,0,1,50,4,0,0,0,0
514,0,1,0,NEGATIVE_PEAK,-5.5905,1.3333,-4,-2,-2,0.7500,104.98,406.14,100.37,31.61,101.50,154.50,73.00,39.00,0.0000,251.66,0,0,0.0000,NOT_RUN,0,25,2376,0,1,50,4,0,0,0,0
515,0,1,0,NEGATIVE_PEAK,-5.6386,1.3333,-4,-3,-3,0.7500,104.98,406.14,100.37,31.61,102.00,153.50,74.00,35.00,0.0000,252.66,0,0,0.0000,NOT_RUN,0,26,2625,0,1,50,4,0,0,0,0
516,0,1,0,NEGATIVE_PEAK,-5.6178,1.3333,-4,-2,-3,0.7500,104.98,406.14,100.37,31.61,102.00,154.50,74.00,33.00,0.0000,251.66,0,0,0.0000,NOT_RUN,0,25,2466,0,1,50,4,0,0,0,0
0,0,0,0,ZERO_RESPONSE,0.0000,0.0000,0,0,0,0.0000,90.00,139.00,98.00,92.00,90.00,139.00,98.00,92.00,1.0000,0.00,1,0,0.0000,NOT_RUN,0,0,1614,19990,2,100,0,0,0,0,0
1,0,1,1,ACCEPT,18.7740,1.7632,700,0,-1,0.9757,90.00,137.56,98.00,92.00,88.00,137.50,100.00,85.00,0.8893,2.00,1,0,2.9917,ACCEPT,0,2728,1683,24515,2,100,700,0,0,0,0
2,0,1,1,ACCEPT,13.6507,1.3235,716,0,1,0.9916,90.00,139.00,98.00,92.00,88.50,136.50,101.00,81.00,0.8573,2.92,1,0,2.9481,ACCEPT,0,3403,1638,25425,2,100,716,0,0,0,0
3,0,1,1,ACCEPT,14.9972,1.8824,832,0,1,0.9976,90.00,140.44,98.00,92.00,88.00,139.00,104.00,68.00,0.7071,2.46,1,0,2.6395,ACCEPT,0,3420,1632,24688,2,100,832,0,0,0,0
4,0,1,1,ACCEPT,14.1928,2.1388,971,1,-1,0.9804,91.53,139.00,98.00,92.00,91.50,136.00,109.00,68.00,0.6825,3.00,1,0,2.6661,ACCEPT,0,3399,1731,29375,2,100,971,0,0,0,0
5,0,1,1,ACCEPT,15.1983,2.1364,1081,0,-1,0.9880,91.53,137.56,98.00,92.00,93.50,135.50,113.00,65.00,0.6376,2.85,1,0,2.6938,ACCEPT,0,3885,1891,28545,2,100,1081,0,0,0,0
6,0,1,1,ACCEPT,12.6343,1.8538,1040,0,-1,0.9923,91.53,136.12,98.00,92.00,95.00,139.00,114.00,58.00,0.5716,4.51,1,0,2.6058,ACCEPT,0,4444,1893,27296,2,100,1040,0,0,0,0
7,0,1,1,ACCEPT,9.4831,1.3739,904,0,1,0.9889,91.53,137.56,98.00,92.00,97.50,143.50,113.00,55.00,0.5477,8.42,1,0,2.3955,ACCEPT,0,4897,1777,23056,2,100,904,0,0,0,0
8,0,1,1,ACCEPT,8.2753,1.3890,782,0,-2,0.9591,91.53,134.69,98.00,92.00,99.00,142.50,112.00,59.00,0.5830,10.81,1,0,2.5825,ACCEPT,0,4592,1886,22544,2,100,782,0,0,0,0
9,0,1,1,ACCEPT,8.4858,1.2954,820,-1,0,0.9890,90.00,134.69,101.92,95.68,98.00,139.00,108.00,66.00,0.6106,9.09,1,1,2.6915,ACCEPT,0,5356,1813,24928,2,100,820,0,0,0,0
10,0,1,1,ACCEPT,8.2845,1.1782,820,-1,1,0.9415,88.41,136.18,101.92,95.68,94.00,139.50,106.00,81.00,0.7683,6.50,1,0,2.6607,ACCEPT,0,5675,1710,26480,2,100,820,0,0,0,0
11,0,1,1,ACCEPT,10.0776,1.3462,1015,0,2,0.9606,88.41,139.16,101.92,95.68,92.00,142.50,104.00,81.00,0.7948,4.90,1,0,2.7402,ACCEPT,0,5690,1717,29563,2,100,1015,0,0,0,0
12,0,1,1,ACCEPT,9.7573,1.7172,1111,0,1,0.9829,88.41,140.66,98.00,92.00,92.50,144.50,113.00,71.00,0.6902,5.62,1,-1,2.6226,ACCEPT,0,6467,1808,30502,2,100,1111,0,0,0,0
13,0,1,1,ACCEPT,11.7405,1.5011,1411,-1,3,0.7895,86.88,144.97,98.00,92.00,94.00,149.50,118.00,57.00,0.5500,8.44,1,0,2.7875,ACCEPT,0,6902,1874,31709,2,100,1411,0,0,0,0
14,0,1,1,ACCEPT,12.3051,1.2719,1408,-1,3,0.9311,85.34,149.28,98.00,92.00,94.50,152.00,119.00,52.00,0.5042,9.55,1,0,2.8215,ACCEPT,0,6601,1992,27432,2,100,1408,0,0,0,0
15,0,1,1,ACCEPT,8.9386,1.2529,986,-1,-5,0.8144,83.81,142.09,98.00,92.00,96.00,151.50,120.00,51.00,0.4841,15.40,1,0,2.6412,ACCEPT,0,5652,2005,27861,2,100,986,0,0,0,0
16,0,1,1,ACCEPT,8.5084,1.4063,983,-2,-9,0.5198,80.75,129.16,98.00,92.00,97.00,143.50,118.00,61.00,0.5271,21.68,1,0,2.3258,ACCEPT,0,5496,1873,27966,2,100,983,0,0,0,0
17,0,1,1,ACCEPT,9.3998,1.4478,1138,0,-3,0.8172,80.75,124.84,101.92,95.68,96.50,141.50,117.00,63.00,0.5222,22.92,1,1,2.5564,ACCEPT,0,5605,1819,26639,2,100,1138,0,0,0,0
18,0,1,1,ACCEPT,7.4093,1.1383,856,0,-9,0.5362,80.75,111.41,101.92,95.68,95.00,141.50,116.00,65.00,0.3798,33.29,1,0,2.3704,ACCEPT,0,5240,1764,23092,2,100,856,0,0,0,0
19,0,1,1,ACCEPT,9.8614,1.1969,1088,0,-10,0.0882,80.75,96.49,101.92,95.68,96.50,143.00,121.00,64.00,0.2230,49.10,1,0,2.1794,ACCEPT,0,5888,2011,22150,2,100,1088,0,0,0,0
20,0,1,1,ACCEPT,11.3454,1.5396,1224,0,-4,0.8137,80.75,90.52,101.92,95.68,99.00,146.50,126.00,73.00,0.1672,58.88,1,0,2.3202,ACCEPT,0,5981,2139,23293,2,100,1224,0,0,0,0
21,0,1,1,ACCEPT,12.6830,1.5323,1281,0,-9,0.2670,80.75,77.09,101.92,95.68,102.50,159.00,129.00,82.00,0.0330,84.74,1,0,2.4136,ACCEPT,0,5814,2317,21305,2,100,1281,0,0,0,0
22,0,1,1,ACCEPT,15.5009,1.5011,1312,1,-7,0.3720,82.34,66.65,101.92,95.68,105.00,168.00,126.00,68.00,0.0000,103.85,1,0,2.4621,ACCEPT,0,5437,2633,19976,2,100,1312,0,0,0,0
23,0,1,1,ACCEPT,17.7562,1.7082,1399,0,-5,0.6490,82.34,59.19,101.92,95.68,106.50,165.50,125.00,71.00,0.0000,109.02,1,0,2.5573,ACCEPT,0,5426,2821,19947,2,100,1399,0,0,0,0
24,0,1,1,ACCEPT,18.3862,1.7139,1438,0,-7,0.3651,82.34,48.74,101.92,95.68,101.00,159.00,130.00,76.00,0.0000,111.83,1,0,2.6083,ACCEPT,0,5416,2771,20429,2,100,1438,0,0,0,0
25,0,1,1,ACCEPT,19.2540,1.7770,1434,0,-8,0.2517,82.34,36.80,101.92,95.68,93.00,157.50,122.00,77.00,0.0000,121.16,1,0,2.6177,ACCEPT,0,5081,2684,19867,2,100,1434,0,0,0,0
26,0,1,1,ACCEPT,20.5159,1.8192,1419,0,-4,0.6970,82.34,30.84,101.92,95.68,90.50,159.50,119.00,79.00,0.0000,128.92,1,0,2.5636,ACCEPT,0,4910,2678,19656,2,100,1419,0,0,0,0
27,0,1,1,ACCEPT,19.8821,1.6795,1352,-1,-8,0.2049,80.75,18.90,101.92,95.68,92.50,166.00,115.00,82.00,0.0000,147.57,1,0,2.6031,ACCEPT,0,4791,2798,17632,2,100,1352,0,0,0,0
28,0,1,1,ACCEPT,13.8656,1.6128,958,-1,-10,0.1200,79.16,3.98,101.92,95.68,96.00,172.50,108.00,85.00,0.0000,169.36,1,0,2.8416,ACCEPT,0,4042,3066,14435,2,100,958,0,0,0,0
29,0,1,1,ACCEPT,11.9397,1.2748,733,0,-6,0.4420,79.16,-4.98,101.92,95.68,97.50,175.00,107.00,86.00,0.0000,180.91,1,0,2.7653,ACCEPT,0,3568,2829,12525,2,100,733,0,0,0,0
30,0,1,1,ACCEPT,8.1472,1.0622,444,0,-9,0.9054,79.16,-18.41,101.92,95.68,100.50,176.50,107.00,81.00,0.0000,196.07,1,0,2.3939,ACCEPT,0,3625,3310,5543,2,100,444,0,0,0,0
31,0,1,1,ACCEPT,7.3740,1.0444,188,-1,-9,0.8936,77.56,-31.84,98.00,92.00,108.50,177.00,107.00,82.00,0.0000,211.12,1,-1,2.4022,ACCEPT,0,1741,2816,3672,2,100,188,0,0,0,0
32,0,1,1,ACCEPT,7.3594,1.0388,107,0,-7,0.9252,77.56,-41.90,98.00,92.00,110.00,177.00,104.00,84.00,0.0000,221.29,1,0,2.5520,ACCEPT,0,1009,2796,2824,2,100,107,0,0,0,0
33,0,1,1,ACCEPT,7.4154,1.0375,83,-1,-8,0.9036,76.03,-53.40,98.00,92.00,118.00,178.00,108.00,84.00,0.0000,235.17,1,0,2.2493,ACCEPT,0,763,2633,2799,2,100,83,0,0,0,0
34,0,1,1,ACCEPT,7.4394,1.0390,80,0,-9,0.9125,76.03,-66.34,98.00,92.00,123.50,176.50,109.00,79.00,0.0000,247.43,1,0,2.4314,ACCEPT,0,725,2810,2441,2,100,80,0,0,0,0
35,0,1,1,ACCEPT,7.3703,1.0270,76,0,-9,0.9342,76.03,-79.27,98.00,92.00,125.00,175.50,106.00,75.00,0.0000,259.44,1,0,2.5542,ACCEPT,0,675,3302,2006,2,100,76,0,0,0,0
36,0,1,1,ACCEPT,7.0227,1.0182,56,0,-10,0.9464,76.03,-93.65,98.00,92.00,125.00,175.50,106.00,75.00,0.0000,273.57,1,0,2.9058,ACCEPT,0,526,3338,2022,2,100,56,0,0,0,0
37,0,1,1,ACCEPT,7.0316,1.0204,50,0,-10,0.9400,76.03,-108.02,94.23,88.46,124.00,174.00,108.00,98.00,0.0000,286.07,1,-1,2.4946,ACCEPT,0,457,3636,1977,2,100,50,0,0,0,0
38,0,1,1,ACCEPT,5.5691,1.0000,37,0,-13,0.9459,76.03,-126.00,90.61,85.06,122.00,172.50,108.00,111.00,0.0000,302.02,1,-1,2.8790,ACCEPT,0,544,3555,1927,2,100,37,0,0,0,0
39,0,1,1,ACCEPT,6.4223,1.0263,39,-1,-10,0.8462,74.62,-139.28,90.61,85.06,111.50,171.00,87.00,132.00,0.0000,312.47,1,0,2.7120,ACCEPT,0,465,3017,2040,2,100,39,0,0,0,0
40,0,1,1,ACCEPT,5.8735,1.0000,30,-2,-11,0.7667,71.79,-153.89,90.61,85.06,92.00,169.00,44.00,146.00,0.0000,323.52,1,0,3.0532,ACCEPT,0,398,2546,2087,2,100,30,0,0,0,0
41,0,1,1,ACCEPT,5.4442,1.0417,25,0,-9,0.9200,71.79,-165.84,90.61,85.06,87.50,166.50,33.00,149.00,0.0000,332.71,1,0,3.1509,ACCEPT,0,376,2562,2139,2,100,25,0,0,0,0
42,0,1,1,ACCEPT,5.8332,1.0370,28,-1,-8,0.8214,70.38,-176.47,90.61,85.06,73.50,167.50,53.00,149.00,0.0000,343.98,1,0,3.1793,ACCEPT,0,392,2588,2076,2,100,28,0,0,0,0
43,0,1,1,ACCEPT,5.6660,1.0417,25,-1,-10,0.8800,68.96,-189.75,90.61,85.06,64.00,172.50,82.00,135.00,0.0000,362.28,1,0,3.0740,ACCEPT,0,364,2470,2170,2,100,25,0,0,0,0
44,0,1,1,ACCEPT,5.9426,1.0769,28,0,-9,0.8929,68.96,-201.70,90.61,85.06,62.50,176.50,93.00,121.00,0.0000,378.26,1,0,3.1551,ACCEPT,0,388,2464,2188,2,100,28,0,0,0,0
45,0,1,1,ACCEPT,6.0974,1.0333,31,0,-9,0.9032,68.96,-213.66,90.61,85.06,60.00,185.50,118.00,91.00,0.0000,399.26,1,0,3.1368,ACCEPT,0,403,2493,2114,2,100,31,0,0,0,0
46,0,1,1,ACCEPT,6.1178,1.0345,30,0,-10,0.9000,68.96,-226.94,94.23,88.46,66.50,184.00,131.00,82.00,0.0000,410.94,1,1,3.0547,ACCEPT,0,391,2494,2068,2,100,30,0,0,0,0
47,0,1,1,ACCEPT,6.5121,1.0303,34,1,-10,0.8824,70.43,-240.77,94.23,88.46,69.00,182.00,134.00,78.00,0.0000,422.77,1,0,3.1987,ACCEPT,0,416,2425,2054,2,100,34,0,0,0,0
48,0,1,1,ACCEPT,6.1349,1.0323,32,1,-10,0.8125,71.90,-254.59,94.23,88.46,78.00,182.00,132.00,74.00,0.0000,436.64,1,0,3.0846,ACCEPT,0,425,2393,2194,2,100,32,0,0,0,0
49,0,1,1,ACCEPT,6.4340,1.0286,36,1,-9,0.8056,73.37,-267.04,98.00,92.00,94.00,192.00,106.00,86.00,0.0000,459.50,1,1,3.0272,ACCEPT,0,436,2088,2222,2,100,36,0,0,0,0
50,0,1,1,ACCEPT,6.3574,1.0294,35,1,-10,0.8857,74.90,-281.41,98.00,92.00,107.00,196.50,76.00,91.00,0.0000,478.99,1,0,3.1269,ACCEPT,0,448,2001,2213,2,100,35,0,0,0,0
51,0,1,1,ACCEPT,6.6747,1.0270,38,1,-11,0.8947,76.43,-297.23,98.00,92.00,111.00,196.00,56.00,106.00,0.0000,494.44,1,0,3.1913,ACCEPT,0,453,2252,2169,2,100,38,0,0,0,0
52,0,1,1,ACCEPT,6.7363,1.0000,38,1,-12,0.8421,77.96,-314.48,98.00,92.00,122.50,191.50,53.00,105.00,0.0000,507.93,1,0,3.1878,ACCEPT,0,451,2390,2077,2,100,38,0,0,0,0
53,0,1,1,ACCEPT,6.6629,1.0000,39,0,-13,0.9231,77.96,-333.16,98.00,92.00,132.00,193.50,66.00,109.00,0.0000,529.43,1,0,3.0577,ACCEPT,0,465,2422,2032,2,100,39,0,0,0,0
54,0,1,1,ACCEPT,6.5711,1.0000,37,1,-14,0.8919,79.49,-353.29,98.00,92.00,137.00,183.00,82.00,82.00,0.0000,539.36,1,0,3.1708,ACCEPT,0,455,2276,2306,2,100,37,0,0,0,0
55,0,1,1,ACCEPT,6.8823,1.0000,43,0,-14,0.9070,79.49,-373.41,98.00,92.00,133.50,181.00,89.00,72.00,0.0000,557.04,1,0,3.0773,ACCEPT,0,479,2438,2058,2,100,43,0,0,0,0
56,0,1,1,ACCEPT,7.0523,1.0465,45,0,-10,0.8889,79.49,-387.79,94.23,88.46,132.00,182.50,92.00,65.00,0.0000,572.70,1,-1,3.0623,ACCEPT,0,490,2392,1996,2,100,45,0,0,0,0
57,0,1,1,ACCEPT,6.8083,1.0000,40,0,-14,0.9000,79.49,-407.15,90.61,85.06,131.00,184.50,94.00,47.00,0.0000,593.89,1,-1,3.0616,ACCEPT,0,465,2079,2283,2,100,40,0,0,0,0
58,0,1,1,ACCEPT,7.0580,1.0222,46,-2,-11,0.8043,76.66,-421.76,90.61,85.06,126.00,181.50,104.00,45.00,0.0000,605.27,1,0,3.1932,ACCEPT,0,505,2305,2125,2,100,46,0,0,0,0
59,0,1,1,ACCEPT,7.1086,1.0000,44,-1,-14,0.8636,75.25,-440.35,94.23,88.46,124.50,178.50,107.00,49.00,0.0000,620.81,1,1,3.0474,ACCEPT,0,460,2330,2182,2,100,44,0,0,0,0
60,0,1,1,ACCEPT,7.2363,1.0217,47,-1,-12,0.8511,73.78,-456.95,94.23,88.46,120.00,172.00,116.00,56.00,0.0000,630.64,1,0,3.0964,ACCEPT,0,468,2376,2154,2,100,47,0,0,0,0
61,0,1,1,ACCEPT,7.1476,1.0000,45,-2,-14,0.7778,70.84,-476.30,94.23,88.46,116.00,165.50,106.00,69.00,0.0000,643.39,1,0,3.2422,ACCEPT,0,471,2346,2142,2,100,45,0,0,0,0
62,0,1,1,ACCEPT,7.1673,1.0476,44,-1,-10,0.8636,69.38,-490.13,94.23,88.46,114.00,163.00,96.00,74.00,0.0000,654.66,1,0,3.2473,ACCEPT,0,452,2085,2209,2,100,44,0,0,0,0
63,0,1,1,ACCEPT,7.0289,1.0000,47,-1,-14,0.8511,67.91,-509.49,90.61,85.06,102.00,149.00,78.00,92.00,0.0000,659.37,1,-1,3.0980,ACCEPT,0,507,2277,2171,2,100,47,0,0,0,0
64,0,1,1,ACCEPT,7.1986,1.0213,48,-2,-13,0.7708,65.08,-526.76,90.61,85.06,85.50,139.00,65.00,100.00,0.0000,666.07,1,0,3.1964,ACCEPT,0,516,2558,2102,2,100,48,0,0,0,0
65,0,1,1,ACCEPT,7.0289,1.0000,49,0,-14,0.8980,65.08,-545.35,90.61,85.06,75.50,132.00,53.00,106.00,0.0000,677.43,1,0,3.1192,ACCEPT,0,534,2303,2129,2,100,49,0,0,0,0
66,0,1,1,ACCEPT,6.9097,1.0222,46,-1,-13,0.8478,63.66,-562.62,90.61,85.06,73.50,134.50,51.00,115.00,0.0000,697.19,1,0,3.1741,ACCEPT,0,529,2546,2227,2,100,46,0,0,0,0
67,0,1,1,ACCEPT,6.4416,1.0000,46,0,-15,0.8913,63.66,-582.54,90.61,85.06,65.00,146.00,70.00,98.00,0.0000,728.54,1,0,3.2385,ACCEPT,0,582,2677,2169,2,100,46,0,0,0,0
68,0,1,1,ACCEPT,6.4217,1.0233,44,0,-14,0.8636,63.66,-601.13,90.61,85.06,62.00,146.50,76.00,93.00,0.0000,747.63,1,0,3.2347,ACCEPT,0,545,2788,2085,2,100,44,0,0,0,0
69,0,1,1,ACCEPT,6.5186,1.0238,43,0,-14,0.8605,63.66,-619.73,90.61,85.06,61.50,155.50,83.00,65.00,0.0000,775.23,1,0,3.1596,ACCEPT,0,532,2832,1969,2,100,43,0,0,0,0
70,0,1,1,ACCEPT,6.2154,1.0000,43,0,-15,0.8605,63.66,-639.65,94.23,88.46,59.00,162.00,94.00,48.00,0.0000,801.66,1,1,3.0965,ACCEPT,0,541,2704,1751,2,100,43,0,0,0,0
71,0,1,1,ACCEPT,5.7016,1.0250,41,0,-15,0.8537,63.66,-660.39,94.23,88.46,60.00,166.50,96.00,37.00,0.0000,826.90,1,0,3.3043,ACCEPT,0,524,2433,1841,2,100,41,0,0,0,0
72,0,1,1,ACCEPT,5.4065,1.0000,42,0,-15,0.8571,63.66,-681.13,94.23,88.46,61.00,170.00,94.00,26.00,0.0000,851.14,1,0,3.2146,ACCEPT,0,569,2547,1970,2,100,42,0,0,0,0
73,0,1,1,ACCEPT,6.0332,1.0222,46,-1,-15,0.8043,62.20,-701.88,94.23,88.46,65.50,174.50,81.00,33.00,0.0000,876.38,1,0,3.1286,ACCEPT,0,585,2810,1658,2,100,46,0,0,0,0
74,0,1,1,ACCEPT,6.1261,1.0250,41,0,-14,0.8293,62.20,-721.23,94.23,88.46,67.50,176.50,73.00,33.00,0.0000,897.75,1,0,3.1060,ACCEPT,0,508,2685,1747,2,100,41,0,0,0,0
75,0,1,1,ACCEPT,6.3832,1.0238,43,-2,-14,0.7674,59.26,-740.59,98.00,92.00,67.00,181.50,66.00,49.00,0.0000,922.13,1,1,3.1302,ACCEPT,0,493,2821,1570,2,100,43,0,0,0,0
76,0,1,1,ACCEPT,6.3184,1.0270,38,-2,-14,0.7632,56.20,-760.72,101.92,95.68,70.50,189.00,49.00,56.00,0.0000,949.83,1,1,3.1873,ACCEPT,0,454,2609,1630,2,100,38,0,0,0,0
77,0,1,1,ACCEPT,6.2649,1.0250,41,-2,-14,0.8049,53.01,-781.61,106.00,99.51,75.50,189.50,39.00,59.00,0.0000,971.37,1,1,2.9078,ACCEPT,0,506,2661,1539,2,100,41,0,0,0,0
78,0,1,1,ACCEPT,6.4547,1.0000,42,-2,-16,0.7619,49.70,-806.48,110.24,103.49,80.50,189.50,21.00,63.00,0.0000,996.46,1,1,3.0181,ACCEPT,0,456,2835,1345,2,100,42,0,0,0,0
79,0,1,1,ACCEPT,6.5692,1.0690,31,-2,-14,0.7097,46.26,-829.12,114.65,107.63,88.50,189.00,33.00,60.00,0.0000,1019.00,1,1,3.0958,ACCEPT,0,360,2825,1459,2,100,31,0,0,0,0
80,0,1,1,ACCEPT,6.5583,1.0526,40,-1,-14,0.8000,44.47,-852.64,114.65,107.63,90.50,187.50,43.00,55.00,0.0000,1041.16,1,0,2.9458,ACCEPT,0,455,3271,1174,2,100,40,0,0,0,0
81,0,1,1,ACCEPT,6.3032,1.0645,33,-1,-14,0.7879,42.68,-876.16,114.65,107.63,97.50,187.00,69.00,54.00,0.0000,1064.57,1,0,3.0857,ACCEPT,0,365,3296,1133,2,100,33,0,0,0,0
82,0,1,1,ACCEPT,6.3903,1.0000,28,-2,-16,0.7500,39.10,-903.03,119.23,111.93,102.00,188.00,84.00,44.00,0.0000,1092.84,1,1,2.4268,ACCEPT,0,293,3415,1280,2,100,28,0,0,0,0
83,0,1,1,ACCEPT,6.5846,1.0571,37,0,-14,0.8108,39.10,-927.53,119.23,111.93,103.00,186.00,88.00,38.00,0.0000,1115.36,1,0,2.7072,ACCEPT,0,350,3619,1086,2,100,37,0,0,0,0
84,0,1,1,ACCEPT,6.7015,1.0323,32,-1,-16,0.7812,37.24,-955.53,119.23,111.93,104.00,181.50,88.00,39.00,0.0000,1138.99,1,0,2.7564,ACCEPT,0,308,3698,964,2,100,32,0,0,0,0
85,0,1,1,ACCEPT,6.2889,1.0476,22,-1,-16,0.7727,35.38,-983.53,119.23,111.93,108.00,183.50,72.00,47.00,0.0000,1169.29,1,0,2.7581,ACCEPT,0,256,4819,895,2,100,22,0,0,0,0
86,0,1,1,ACCEPT,6.5083,1.0357,29,0,-16,0.8276,35.38,-1011.53,119.23,111.93,107.00,183.50,68.00,49.00,0.0000,1197.18,1,0,2.9106,ACCEPT,0,318,4570,907,2,100,29,0,0,0,0
87,0,1,1,ACCEPT,7.0705,1.0714,30,-1,-14,0.7667,33.52,-1036.03,119.23,111.93,106.00,185.00,66.00,46.00,0.0000,1223.18,1,0,2.9642,ACCEPT,0,288,3299,927,2,100,30,0,0,0,0
88,0,1,1,ACCEPT,7.2020,1.0800,27,-1,-14,0.7407,31.66,-1060.53,119.23,111.93,105.50,183.50,67.00,43.00,0.0000,1246.22,1,0,2.9219,ACCEPT,0,276,4022,732,2,100,27,0,0,0,0
89,0,1,1,ACCEPT,6.5503,1.0526,20,0,-16,0.8000,31.66,-1088.53,119.23,111.93,104.00,183.00,66.00,42.00,0.0000,1273.59,1,0,3.0602,ACCEPT,0,248,2897,835,2,100,20,0,0,0,0
90,0,1,1,ACCEPT,6.8185,1.0000,19,-2,-16,0.7368,27.95,-1116.53,124.00,116.41,102.00,181.00,66.00,40.00,0.0000,1299.64,1,1,2.5555,ACCEPT,0,224,3109,746,2,100,19,0,0,0,0
91,0,1,1,ACCEPT,6.8009,1.0625,17,-1,-16,0.7647,26.01,-1145.66,128.96,121.07,100.50,179.00,63.00,38.00,0.0000,1326.75,1,1,2.8211,ACCEPT,0,199,2878,754,2,100,17,0,0,0,0
92,0,1,1,ACCEPT,6.8366,1.0000,17,0,-17,0.7647,26.01,-1177.80,128.96,121.07,100.00,179.50,64.00,43.00,0.0000,1359.31,1,0,2.8900,ACCEPT,0,186,2923,667,2,100,17,0,0,0,0
93,0,1,1,ACCEPT,7.0156,1.0000,17,0,-17,0.7647,26.01,-1209.94,128.96,121.07,98.50,179.00,65.00,44.00,0.0000,1390.83,1,0,2.8393,ACCEPT,0,166,3324,576,2,100,17,0,0,0,0
94,0,1,1,ACCEPT,7.0377,1.0714,15,-1,-16,0.7333,23.99,-1240.19,128.96,121.07,97.50,180.00,65.00,48.00,0.0000,1422.09,1,0,2.9682,ACCEPT,0,155,3223,549,2,100,15,0,0,0,0
95,0,1,1,ACCEPT,7.0016,1.0833,13,0,-16,0.7692,23.99,-1270.44,128.96,121.07,96.50,183.00,63.00,50.00,0.0000,1455.24,1,0,2.9991,ACCEPT,0,138,2936,580,2,100,13,0,0,0,0
96,0,1,1,ACCEPT,7.0706,1.0833,13,0,-16,0.6923,23.99,-1300.69,128.96,121.07,96.00,184.00,64.00,50.00,0.0000,1486.43,1,0,3.0448,ACCEPT,0,133,2898,601,2,100,13,0,0,0,0
97,0,1,1,ACCEPT,7.1458,1.0833,13,-1,-16,0.6923,21.98,-1330.94,134.12,125.91,97.00,185.50,64.00,47.00,0.0000,1518.29,1,1,2.9133,ACCEPT,0,132,2972,587,2,100,13,0,0,0,0
98,0,1,1,ACCEPT,6.7346,1.0000,12,0,-19,0.7500,21.98,-1368.34,134.12,125.91,97.00,185.00,62.00,46.00,0.0000,1555.15,1,0,2.9769,ACCEPT,0,124,2942,519,2,100,12,0,0,0,0
99,0,1,1,ACCEPT,7.0302,1.1000,11,0,-16,0.7273,21.98,-1399.84,134.12,125.91,96.50,187.00,61.00,40.00,0.0000,1588.59,1,0,3.0938,ACCEPT,0,106,2978,518,2,100,11,0,0,0,0
100,0,1,1,ACCEPT,6.7764,1.0000,10,0,-21,0.8000,21.98,-1441.19,134.12,125.91,96.50,187.00,61.00,40.00,0.0000,1629.89,1,0,3.0852,ACCEPT,0,96,3080,486,2,100,10,0,0,0,0
101,0,1,1,ACCEPT,7.2247,1.1000,11,0,-16,0.7273,21.98,-1472.69,134.12,125.91,96.00,188.00,62.00,40.00,0.0000,1662.34,1,0,3.1311,ACCEPT,0,97,3092,478,2,100,11,0,0,0,0
102,0,1,1,ACCEPT,7.0873,1.1111,10,0,-16,0.7000,21.98,-1504.19,134.12,125.91,96.00,187.00,62.00,44.00,0.0000,1692.81,1,0,3.1600,ACCEPT,0,95,3369,557,2,100,10,0,0,0,0
103,0,1,1,ACCEPT,7.2622,1.1000,11,0,-16,0.7273,21.98,-1535.69,134.12,125.91,97.00,185.50,60.00,47.00,0.0000,1722.82,1,0,2.8249,ACCEPT,0,101,2956,532,2,100,11,0,0,0,0
104,0,1,1,ACCEPT,7.3405,1.1250,9,0,-16,0.6667,21.98,-1567.19,134.12,125.91,97.00,184.50,60.00,45.00,0.0000,1753.29,1,0,2.7071,ACCEPT,0,86,2968,594,2,100,9,0,0,0,0
105,0,1,1,ACCEPT,6.9759,1.1111,10,1,-16,0.7000,24.07,-1598.69,134.12,125.91,97.00,181.50,60.00,47.00,0.0000,1781.68,1,0,2.9842,ACCEPT,0,89,2839,514,2,100,10,0,0,0,0
106,0,1,1,ACCEPT,6.4582,1.0000,8,0,-19,0.6250,24.07,-1636.09,134.12,125.91,97.00,183.50,60.00,55.00,0.0000,1821.05,1,0,3.0341,ACCEPT,0,74,2859,531,2,100,8,0,0,0,0
107,0,1,1,ACCEPT,6.5467,1.0000,9,0,-19,0.6667,24.07,-1673.50,134.12,125.91,97.00,185.00,60.00,58.00,0.0000,1859.93,1,0,3.0389,ACCEPT,0,85,3551,473,2,100,9,0,0,0,0
108,0,1,1,ACCEPT,6.1490,1.1667,7,0,-16,0.5714,24.07,-1705.00,128.96,121.07,97.00,185.50,60.00,65.00,0.0000,1891.91,1,-1,3.0546,ACCEPT,0,80,2561,513,2,100,7,0,0,0,0
109,0,1,1,ACCEPT,6.5456,1.1667,7,1,-16,0.5714,26.09,-1735.25,128.96,121.07,96.50,186.00,61.00,66.00,0.0000,1922.54,1,0,2.9851,ACCEPT,0,71,3678,566,2,100,7,0,0,0,0
110,0,1,1,ACCEPT,6.4705,1.1429,8,0,-16,0.6250,26.09,-1765.50,128.96,121.07,96.00,186.50,60.00,67.00,0.0000,1953.25,1,0,3.0634,ACCEPT,0,82,3484,603,2,100,8,0,0,0,0
111,0,1,1,ACCEPT,6.0470,1.0000,7,0,-21,0.5714,26.09,-1805.20,128.96,121.07,96.00,187.50,62.00,69.00,0.0000,1993.93,1,0,3.1330,ACCEPT,0,77,3382,619,2,100,7,0,0,0,0
112,0,1,1,ACCEPT,6.5786,1.1429,8,0,-17,0.6250,26.09,-1837.34,128.96,121.07,95.50,190.00,63.00,70.00,0.0000,2028.53,1,0,3.1565,ACCEPT,0,81,3771,609,2,100,8,0,0,0,0
113,0,1,1,ACCEPT,6.4890,1.0000,8,0,-19,0.6250,26.09,-1873.27,128.96,121.07,94.50,190.50,63.00,71.00,0.0000,2064.90,1,0,3.1901,ACCEPT,0,79,3672,620,2,100,8,0,0,0,0
114,0,1,1,ACCEPT,6.3835,1.0000,7,0,-21,0.5714,26.09,-1912.97,128.96,121.07,92.50,191.00,65.00,68.00,0.0000,2105.02,1,0,3.2068,ACCEPT,0,72,3358,652,2,100,7,0,0,0,0
115,0,1,1,ACCEPT,7.0761,1.1429,8,0,-18,0.6250,26.09,-1947.00,128.96,121.07,92.00,192.00,68.00,66.00,0.0000,2140.02,1,0,3.2330,ACCEPT,0,75,3625,666,2,100,8,0,0,0,0
116,0,1,1,ACCEPT,7.3365,1.1429,8,1,-16,0.5000,28.10,-1977.25,134.12,125.91,91.00,193.00,70.00,64.00,0.0000,2171.16,1,1,2.2861,ACCEPT,0,71,4093,573,2,100,8,0,0,0,0
117,0,1,1,ACCEPT,6.2301,1.0000,6,0,-21,0.5000,28.10,-2018.59,134.12,125.91,89.00,192.50,74.00,65.00,0.0000,2211.93,1,0,2.6975,ACCEPT,0,62,4412,499,2,100,6,0,0,0,0
118,0,1,1,ACCEPT,6.0830,1.0000,5,0,-23,0.6000,28.10,-2063.88,134.12,125.91,89.00,194.00,76.00,64.00,0.0000,2258.70,1,0,2.9999,ACCEPT,0,53,4482,505,2,100,5,0,0,0,0
119,0,1,1,ACCEPT,7.0055,1.1667,7,-1,-18,0.5714,26.01,-2099.31,128.96,121.07,88.50,195.00,77.00,64.00,0.0000,2295.16,1,-1,2.8776,ACCEPT,0,63,4198,514,2,100,7,0,0,0,0
120,0,1,1,ACCEPT,6.5503,1.2500,5,1,-19,0.4000,28.02,-2135.23,128.96,121.07,88.00,197.00,78.00,60.00,0.0000,2333.01,1,0,3.1823,ACCEPT,0,54,3079,632,2,100,5,0,0,0,0
121,0,1,1,ACCEPT,6.6440,1.2500,5,1,-18,0.4000,30.04,-2169.27,128.96,121.07,88.00,198.00,80.00,60.00,0.0000,2367.98,1,2,1.8451,LOW_CONF,0,54,3130,612,2,100,5,0,0,0,0
122,0,1,1,ACCEPT,5.7182,1.0000,4,0,-23,0.5000,30.04,-2212.75,139.48,130.94,88.00,198.50,80.00,57.00,0.0000,2411.95,1,2,2.1772,ACCEPT,0,49,2930,585,2,100,4,0,0,0,0
123,0,1,1,ACCEPT,5.8440,1.0000,4,-3,-23,0.5000,23.50,-2259.83,150.87,141.63,89.00,201.00,82.00,56.00,0.0000,2461.70,1,2,2.5794,ACCEPT,0,47,3053,633,2,100,4,0,0,0,0
124,0,1,1,ACCEPT,5.6473,1.0000,4,0,-23,0.5000,23.50,-2310.68,150.87,141.63,90.00,202.00,84.00,52.00,0.0000,2513.56,1,0,2.8548,ACCEPT,0,48,2951,610,2,100,4,0,0,0,0
125,0,1,1,ACCEPT,5.7217,1.0000,4,0,-23,0.5000,23.50,-2361.53,150.87,141.63,91.50,202.50,83.00,49.00,0.0000,2564.93,1,0,2.6858,ACCEPT,0,44,3410,589,2,100,4,0,0,0,0
126,0,1,1,ACCEPT,5.8216,1.0000,4,0,-23,0.5000,23.50,-2412.38,150.87,141.63,92.50,203.00,83.00,46.00,0.0000,2616.29,1,0,2.5306,ACCEPT,0,42,3695,591,2,100,4,0,0,0,0
127,0,1,1,ACCEPT,6.0386,1.3333,4,1,-23,0.5000,25.86,-2463.23,150.87,141.63,94.50,203.00,83.00,42.00,0.0000,2667.12,1,0,2.6385,ACCEPT,0,40,3201,642,2,100,4,0,0,0,0
128,0,1,1,ACCEPT,6.0052,1.0000,4,1,-23,0.5000,28.22,-2514.09,150.87,141.63,94.50,203.00,85.00,42.00,0.0000,2717.89,1,0,2.5299,ACCEPT,0,38,4423,571,2,100,4,0,0,0,0
129,0,1,1,ACCEPT,5.3386,1.0000,3,0,-23,0.3333,28.22,-2564.94,150.87,141.63,95.50,203.00,83.00,38.00,0.0000,2768.76,1,0,2.8965,ACCEPT,0,35,3953,713,2,100,3,0,0,0,0
130,0,1,0,LOW_PSR,4.8198,1.0000,3,0,-35,0.3333,28.22,-2564.94,150.87,141.63,94.50,203.00,83.00,38.00,0.0000,2768.73,0,0,0.0000,NOT_RUN,0,39,2723,0,2,100,3,0,0,0,0
131,0,1,1,ACCEPT,5.5509,1.0000,4,0,-31,0.5000,28.22,-2633.48,150.87,141.63,94.00,203.00,84.00,36.00,0.0000,2837.24,1,0,3.0027,ACCEPT,0,43,2925,720,2,100,4,0,0,0,0
132,0,1,1,ACCEPT,6.6333,1.2500,5,0,-22,0.4000,28.22,-2682.12,150.87,141.63,93.50,202.50,83.00,35.00,0.0000,2885.36,1,0,3.0464,ACCEPT,0,47,3034,673,2,100,5,0,0,0,0
133,0,1,1,ACCEPT,5.9366,1.0000,4,0,-24,0.5000,28.22,-2735.18,150.87,141.63,93.00,203.00,86.00,34.00,0.0000,2938.89,1,0,2.8759,ACCEPT,0,43,3084,591,2,100,4,0,0,0,0
134,0,1,1,ACCEPT,5.0488,1.0000,3,0,-33,0.3333,28.22,-2808.14,150.87,141.63,92.50,203.00,85.00,34.00,0.0000,3011.83,1,0,2.7785,ACCEPT,0,32,3156,518,2,100,3,0,0,0,0
135,0,1,1,ACCEPT,5.5404,1.0000,3,0,-22,0.3333,28.22,-2856.78,150.87,141.63,92.50,203.00,87.00,34.00,0.0000,3060.46,1,0,2.7326,ACCEPT,0,29,2680,627,2,100,3,0,0,0,0
136,0,1,1,ACCEPT,6.4274,1.3333,4,1,-22,0.2500,30.58,-2905.42,150.87,141.63,93.50,204.00,85.00,32.00,0.0000,3110.06,1,0,2.3393,ACCEPT,0,33,3101,605,2,100,4,0,0,0,0
137,0,1,1,ACCEPT,5.2776,1.0000,3,0,-25,0.3333,30.58,-2960.70,150.87,141.63,93.50,204.50,87.00,31.00,0.0000,3165.82,1,0,2.5062,ACCEPT,0,30,3007,666,2,100,3,0,0,0,0
138,0,1,1,ACCEPT,5.2305,1.0000,3,0,-34,0.3333,30.58,-3035.87,150.87,141.63,95.00,205.00,86.00,30.00,0.0000,3241.51,1,0,2.5635,ACCEPT,0,32,3003,631,2,100,3,0,0,0,0
139,0,1,1,ACCEPT,5.3055,1.0000,3,0,-35,0.3333,30.58,-3113.25,150.87,141.63,95.00,205.00,84.00,30.00,0.0000,3318.88,1,0,2.5715,ACCEPT,0,30,3304,548,2,100,3,0,0,0,0
140,0,1,1,ACCEPT,5.3755,1.0000,3,0,-35,0.3333,30.58,-3190.63,150.87,141.63,95.50,204.50,85.00,31.00,0.0000,3395.75,1,0,2.6713,ACCEPT,0,29,3553,517,2,100,3,0,0,0,0
141,0,1,1,ACCEPT,5.4126,1.0000,3,0,-36,0.0000,30.58,-3270.23,150.87,141.63,95.50,205.00,85.00,32.00,0.0000,3475.83,1,0,2.6996,ACCEPT,0,28,3039,570,2,100,3,0,0,0,0
142,0,1,1,ACCEPT,6.7188,1.3333,4,1,-22,0.2500,32.94,-3318.87,150.87,141.63,96.00,205.00,84.00,32.00,0.0000,3524.43,1,0,1.7244,LOW_CONF,0,30,3313,565,2,100,4,0,0,0,0
143,0,1,1,ACCEPT,6.7989,1.3333,4,-1,-22,0.2500,30.58,-3367.51,150.87,141.63,95.00,205.50,86.00,33.00,0.0000,3573.59,1,0,2.8141,ACCEPT,0,32,3625,621,2,100,4,0,0,0,0
144,0,1,1,ACCEPT,6.0468,1.0000,4,0,-34,0.2500,30.58,-3442.68,150.87,141.63,95.50,205.50,85.00,31.00,0.0000,3648.76,1,0,2.8694,ACCEPT,0,43,3587,617,2,100,4,0,0,0,0
145,0,1,1,ACCEPT,5.1551,1.0000,3,0,-37,0.0000,30.58,-3524.48,150.87,141.63,95.50,206.00,85.00,32.00,0.0000,3731.05,1,0,2.8550,ACCEPT,0,43,3409,787,2,100,3,0,0,0,0
146,0,1,0,LOW_PSR,4.9520,1.0000,3,0,-39,0.3333,30.58,-3524.48,150.87,141.63,95.00,206.00,86.00,34.00,0.0000,3731.04,0,0,0.0000,NOT_RUN,0,49,3336,0,2,100,3,0,0,0,0
147,0,1,0,LOW_PSR,4.9902,1.0000,3,0,-38,0.3333,30.58,-3524.48,150.87,141.63,96.00,206.50,84.00,31.00,0.0000,3731.56,0,0,0.0000,NOT_RUN,0,50,3327,0,2,100,3,0,0,0,0
148,0,1,1,ACCEPT,5.0019,1.0000,3,0,-38,0.3333,30.58,-3608.50,150.87,141.63,96.00,206.00,84.00,32.00,0.0000,3815.06,1,0,2.7881,ACCEPT,0,49,3359,754,2,100,3,0,0,0,0
149,0,1,1,ACCEPT,5.5903,1.0000,3,0,-36,0.0000,30.58,-3688.09,150.87,141.63,96.00,206.00,84.00,32.00,0.0000,3894.64,1,0,2.8203,ACCEPT,0,43,3468,770,2,100,3,0,0,0,0
150,0,1,1,ACCEPT,5.7899,1.0000,3,0,-24,0.0000,30.58,-3741.16,150.87,141.63,96.50,206.50,85.00,33.00,0.0000,3948.21,1,0,2.8729,ACCEPT,0,40,3373,803,2,100,3,0,0,0,0
151,0,1,1,ACCEPT,5.6436,1.0000,3,0,-36,0.0000,30.58,-3820.75,150.87,141.63,96.00,206.50,84.00,33.00,0.0000,4027.78,1,0,2.8784,ACCEPT,0,41,3429,843,2,100,3,0,0,0,0
152,0,1,1,ACCEPT,5.8332,1.0000,3,0,-24,0.0000,30.58,-3873.81,150.87,141.63,96.00,206.50,84.00,33.00,0.0000,4080.84,1,0,2.8691,ACCEPT,0,38,3273,890,2,100,3,0,0,0,0
153,0,1,1,ACCEPT,5.9178,1.0000,3,1,-34,0.0000,32.94,-3948.98,156.90,147.29,95.50,207.00,85.00,34.00,0.0000,4156.46,1,1,2.3958,ACCEPT,0,37,3077,936,2,100,3,0,0,0,0
154,0,1,1,ACCEPT,5.4147,1.0000,3,0,-39,0.0000,32.94,-4038.87,163.18,153.19,96.50,206.00,83.00,36.00,0.0000,4245.34,1,1,2.3310,ACCEPT,0,34,3583,570,2,100,3,0,0,0,0
155,0,1,0,LOW_PSR,4.8279,1.0000,2,0,-38,0.0000,32.94,-4038.87,163.18,153.19,96.50,205.50,83.00,37.00,0.0000,4244.84,0,0,0.0000,NOT_RUN,0,21,3399,0,2,100,2,0,0,0,0
156,0,1,0,LOW_PSR,4.7607,1.0000,2,0,-38,0.0000,32.94,-4038.87,163.18,153.19,98.00,203.00,80.00,38.00,0.0000,4242.37,0,0,0.0000,NOT_RUN,0,18,3485,0,2,100,2,0,0,0,0
157,0,1,0,LOW_PSR,4.8424,1.0000,2,0,-38,0.0000,32.94,-4038.87,163.18,153.19,98.50,201.50,77.00,41.00,0.0000,4240.87,0,0,0.0000,NOT_RUN,0,22,3685,0,2,100,2,0,0,0,0
158,0,1,0,NEGATIVE_PEAK,-2.5954,1.0000,-2,8,-2,0.0000,32.94,-4038.87,163.18,153.19,100.50,201.50,75.00,39.00,0.0000,4240.91,0,0,0.0000,NOT_RUN,0,20,3519,0,2,100,2,0,0,0,0
159,0,1,0,LOW_PSR,4.8632,1.0000,2,0,-22,0.5000,32.94,-4038.87,163.18,153.19,100.50,201.50,75.00,39.00,0.0000,4240.91,0,0,0.0000,NOT_RUN,0,19,3090,0,2,100,2,0,0,0,0
160,0,1,0,LOW_PSR,4.6964,1.0000,2,0,-24,0.5000,32.94,-4038.87,163.18,153.19,100.50,198.50,75.00,41.00,0.0000,4237.91,0,0,0.0000,NOT_RUN,0,20,3052,0,2,100,2,0,0,0,0
161,0,1,0,LOW_PSR,4.6521,1.0000,2,0,-24,0.0000,32.94,-4038.87,163.18,153.19,100.00,197.00,74.00,40.00,0.0000,4236.40,0,0,0.0000,NOT_RUN,0,20,3060,0,2,100,2,0,0,0,0
162,0,1,0,LOW_PSR,4.6992,1.0000,2,0,-24,0.0000,32.94,-4038.87,163.18,153.19,99.50,194.50,75.00,39.00,0.0000,4233.89,0,0,0.0000,NOT_RUN,0,20,3117,0,2,100,2,0,0,0,0
163,0,1,0,LOW_PSR,4.6846,1.0000,2,0,-24,0.0000,32.94,-4038.87,163.18,153.19,100.00,194.00,74.00,38.00,0.0000,4233.40,0,0,0.0000,NOT_RUN,0,20,3079,0,2,100,2,0,0,0,0
164,0,1,0,LOW_PSR,4.6950,1.0000,2,0,-24,0.0000,32.94,-4038.87,163.18,153.19,100.00,194.00,76.00,36.00,0.0000,4233.40,0,0,0.0000,NOT_RUN,0,20,3353,0,2,100,2,0,0,0,0
165,0,1,0,LOW_PSR,4.7932,1.0000,2,0,-36,0.0000,32.94,-4038.87,163.18,153.19,100.00,195.00,74.00,34.00,0.0000,4234.40,0,0,0.0000,NOT_RUN,0,20,3562,0,2,100,2,0,0,0,0
166,0,1,0,NEGATIVE_PEAK,-2.6013,1.0000,-2,10,-2,0.0000,32.94,-4038.87,163.18,153.19,99.50,195.00,75.00,32.00,0.0000,4234.39,0,0,0.0000,NOT_RUN,0,19,3300,0,2,100,2,0,0,0,0
167,0,1,0,LOW_PSR,4.8590,1.0000,2,0,-24,0.0000,32.94,-4038.87,163.18,153.19,100.00,196.00,74.00,30.00,0.0000,4235.40,0,0,0.0000,NOT_RUN,0,19,3370,0,2,100,2,0,0,0,0
168,0,1,0,LOW_PSR,4.8525,1.0000,2,0,-24,0.0000,32.94,-4038.87,163.18,153.19,100.00,196.00,74.00,28.00,0.0000,4235.40,0,0,0.0000,NOT_RUN,0,19,3956,0,2,100,2,0,0,0,0
169,0,1,0,LOW_PSR,4.8572,1.0000,2,0,-24,0.0000,32.94,-4038.87,163.18,153.19,99.50,197.00,75.00,26.00,0.0000,4236.39,0,0,0.0000,NOT_RUN,0,19,3568,0,2,100,2,0,0,0,0
170,0,1,0,NEGATIVE_PEAK,-2.6334,1.0000,-2,9,-2,0.0000,32.94,-4038.87,163.18,153.19,99.50,197.00,77.00,24.00,0.0000,4236.39,0,0,0.0000,NOT_RUN,0,18,3591,0,2,100,2,0,0,0,0
171,0,1,0,LOW_PSR,4.8858,1.0000,2,0,-24,0.0000,32.94,-4038.87,163.18,153.19,100.00,197.00,76.00,24.00,0.0000,4236.40,0,0,0.0000,NOT_RUN,0,19,3532,0,2,100,2,0,0,0,0
172,0,1,0,LOW_PSR,4.7940,1.0000,2,0,-24,0.0000,32.94,-4038.87,163.18,153.19,100.50,197.00,75.00,24.00,0.0000,4236.41,0,0,0.0000,NOT_RUN,0,19,3304,0,2,100,2,0,0,0,0
173,0,1,0,LOW_PSR,4.7630,1.0000,2,0,-24,0.0000,32.94,-4038.87,163.18,153.19,101.50,198.00,75.00,22.00,0.0000,4237.42,0,0,0.0000,NOT_RUN,0,20,3265,0,2,100,2,0,0,0,0
174,0,1,0,LOW_PSR,4.7732,1.0000,2,0,-24,0.0000,32.94,-4038.87,163.18,153.19,101.50,198.00,75.00,22.00,0.0000,4237.42,0,0,0.0000,NOT_RUN,0,20,3250,0,2,100,2,0,0,0,0
175,0,1,0,LOW_PSR,4.7652,1.0000,2,0,-24,0.0000,32.94,-4038.87,163.18,153.19,102.50,198.50,75.00,21.00,0.0000,4237.94,0,0,0.0000,NOT_RUN,0,19,3145,0,2,100,2,0,0,0,0
176,0,1,0,LOW_PSR,4.8913,1.0000,2,0,-22,0.0000,32.94,-4038.87,163.18,153.19,102.00,198.50,76.00,21.00,0.0000,4237.93,0,0,0.0000,NOT_RUN,0,17,3188,0,2,100,2,0,0,0,0
177,0,1,0,LOW_PSR,4.7772,1.0000,2,0,-24,0.0000,32.94,-4038.87,163.18,153.19,103.00,199.50,74.00,21.00,0.0000,4238.95,0,0,0.0000,NOT_RUN,0,19,3336,0,2,100,2,0,0,0,0
178,0,1,0,LOW_PSR,4.8465,1.0000,2,1,-24,0.0000,32.94,-4038.87,163.18,153.19,104.00,199.00,76.00,20.00,0.0000,4238.46,0,0,0.0000,NOT_RUN,0,19,3113,0,2,100,2,0,0,0,0
179,0,1,0,LOW_PSR,4.9431,1.0000,2,1,-24,0.0000,32.94,-4038.87,163.18,153.19,104.50,199.50,75.00,21.00,0.0000,4238.97,0,0,0.0000,NOT_RUN,0,18,3060,0,2,100,2,0,0,0,0
180,0,1,0,LOW_PSR,4.8692,1.0000,2,1,-24,0.5000,32.94,-4038.87,163.18,153.19,104.50,200.00,75.00,20.00,0.0000,4239.47,0,0,0.0000,NOT_RUN,0,18,3749,0,2,100,2,0,0,0,0
181,0,1,0,LOW_PSR,4.8697,1.0000,2,1,-22,0.0000,32.94,-4038.87,163.18,153.19,105.00,200.00,74.00,20.00,0.0000,4239.48,0,0,0.0000,NOT_RUN,0,18,3408,0,2,100,2,0,0,0,0
182,0,1,0,NEGATIVE_PEAK,-2.6096,1.0000,-2,11,-2,0.0000,32.94,-4038.87,163.18,153.19,105.00,200.00,74.00,20.00,0.0000,4239.48,0,0,0.0000,NOT_RUN,0,18,3524,0,2,100,2,0,0,0,0
183,0,1,0,LOW_PSR,4.8286,1.0000,2,0,-22,0.0000,32.94,-4038.87,163.18,153.19,104.50,200.00,75.00,20.00,0.0000,4239.47,0,0,0.0000,NOT_RUN,0,19,3246,0,2,100,2,0,0,0,0
184,0,1,0,NEGATIVE_PEAK,-2.6720,1.0000,-2,10,-2,0.5000,32.94,-4038.87,163.18,153.19,104.50,199.50,75.00,19.00,0.0000,4238.97,0,0,0.0000,NOT_RUN,0,17,4205,0,2,100,2,0,0,0,0
185,0,1,0,NEGATIVE_PEAK,-2.6664,1.0000,-2,9,-2,0.0000,32.94,-4038.87,163.18,153.19,104.50,200.00,75.00,20.00,0.0000,4239.47,0,0,0.0000,NOT_RUN,0,17,4146,0,2,100,2,0,0,0,0
186,0,1,0,NEGATIVE_PEAK,-2.6348,1.0000,-2,10,-2,0.0000,32.94,-4038.87,163.18,153.19,104.00,201.00,76.00,20.00,0.0000,4240.46,0,0,0.0000,NOT_RUN,0,19,3942,0,2,100,2,0,0,0,0
187,0,1,0,LOW_PSR,4.8708,1.0000,2,1,-22,0.5000,32.94,-4038.87,163.18,153.19,104.50,201.00,75.00,20.00,0.0000,4240.47,0,0,0.0000,NOT_RUN,0,16,4584,0,2,100,2,0,0,0,0
188,0,1,0,NEGATIVE_PEAK,-2.6892,1.0000,-2,11,-2,0.5000,32.94,-4038.87,163.18,153.19,104.50,201.00,75.00,20.00,0.0000,4240.47,0,0,0.0000,NOT_RUN,0,16,4991,0,2,100,2,0,0,0,0
189,0,1,0,NEGATIVE_PEAK,-2.6914,1.0000,-2,10,-2,0.5000,32.94,-4038.87,163.18,153.19,104.50,201.50,75.00,19.00,0.0000,4240.97,0,0,0.0000,NOT_RUN,0,15,4496,0,2,100,2,0,0,0,0
190,0,1,0,NEGATIVE_PEAK,-2.6816,1.0000,-2,10,-2,0.5000,32.94,-4038.87,163.18,153.19,104.50,202.00,75.00,20.00,0.0000,4241.47,0,0,0.0000,NOT_RUN,0,16,4759,0,2,100,2,0,0,0,0
191,0,1,0,LOW_PSR,4.9107,1.0000,2,0,-22,0.0000,32.94,-4038.87,163.18,153.19,104.00,202.50,74.00,19.00,0.0000,4241.96,0,0,0.0000,NOT_RUN,0,16,4354,0,2,100,2,0,0,0,0
192,0,1,0,NEGATIVE_PEAK,-2.7149,1.0000,-2,10,-2,0.5000,32.94,-4038.87,163.18,153.19,103.50,202.00,75.00,20.00,0.0000,4241.45,0,0,0.0000,NOT_RUN,0,16,4856,0,2,100,2,0,0,0,0
193,0,1,0,LOW_PSR,4.8979,1.0000,2,0,-22,0.0000,32.94,-4038.87,163.18,153.19,103.00,203.00,76.00,20.00,0.0000,4242.45,0,0,0.0000,NOT_RUN,0,18,3934,0,2,100,2,0,0,0,0
194,0,1,0,LOW_PSR,4.7588,1.0000,2,0,-24,0.0000,32.94,-4038.87,163.18,153.19,103.00,204.00,74.00,20.00,0.0000,4243.45,0,0,0.0000,NOT_RUN,0,18,3546,0,2,100,2,0,0,0,0
195,0,1,0,LOW_PSR,4.7605,1.0000,2,0,-24,0.0000,32.94,-4038.87,163.18,153.19,103.00,203.50,74.00,21.00,0.0000,4242.95,0,0,0.0000,NOT_RUN,0,20,3501,0,2,100,2,0,0,0,0
196,0,1,0,LOW_PSR,4.6717,1.0000,2,0,-34,0.0000,32.94,-4038.87,163.18,153.19,103.00,204.00,74.00,20.00,0.0000,4243.45,0,0,0.0000,NOT_RUN,0,20,3300,0,2,100,2,0,0,0,0
197,0,1,0,LOW_PSR,4.7176,1.0000,2,0,-24,0.0000,32.94,-4038.87,163.18,153.19,103.00,204.50,74.00,21.00,0.0000,4243.95,0,0,0.0000,NOT_RUN,0,20,3596,0,2,100,2,0,0,0,0
198,0,1,0,LOW_PSR,4.6820,1.0000,2,0,-36,0.0000,32.94,-4038.87,163.18,153.19,102.50,204.00,75.00,22.00,0.0000,4243.44,0,0,0.0000,NOT_RUN,0,19,3109,0,2,100,2,0,0,0,0
199,0,1,0,LOW_PSR,4.7978,1.0000,2,0,-36,0.0000,32.94,-4038.87,163.18,153.19,101.50,204.50,75.00,21.00,0.0000,4243.92,0,0,0.0000,NOT_RUN,0,19,3191,0,2,100,2,0,0,0,0
200,0,1,0,NEGATIVE_PEAK,-2.6013,1.0000,-2,9,-2,0.0000,32.94,-4038.87,163.18,153.19,102.50,204.50,73.00,21.00,0.0000,4243.94,0,0,0.0000,NOT_RUN,0,18,3206,0,2,100,2,0,0,0,0
201,0,1,0,LOW_PSR,4.8783,1.0000,2,1,-22,0.0000,32.94,-4038.87,163.18,153.19,101.50,204.00,73.00,22.00,0.0000,4243.42,0,0,0.0000,NOT_RUN,0,19,3121,0,2,100,2,0,0,0,0
202,0,1,0,LOW_PSR,4.7208,1.0000,2,0,-22,0.5000,32.94,-4038.87,163.18,153.19,101.00,204.50,74.00,21.00,0.0000,4243.91,0,0,0.0000,NOT_RUN,0,19,3264,0,2,100,2,0,0,0,0
203,0,1,0,LOW_PSR,4.7830,1.0000,2,1,-22,0.5000,32.94,-4038.87,163.18,153.19,100.50,204.00,73.00,20.00,0.0000,4243.41,0,0,0.0000,NOT_RUN,0,19,3023,0,2,100,2,0,0,0,0
204,0,1,0,LOW_PSR,4.7566,1.0000,2,0,-24,0.5000,32.94,-4038.87,163.18,153.19,100.00,204.50,72.00,21.00,0.0000,4243.90,0,0,0.0000,NOT_RUN,0,18,3004,0,2,100,2,0,0,0,0
205,0,1,0,LOW_PSR,4.6934,1.0000,2,0,-22,0.5000,32.94,-4038.87,163.18,153.19,100.00,205.00,72.00,20.00,0.0000,4244.40,0,0,0.0000,NOT_RUN,0,20,3008,0,2,100,2,0,0,0,0
206,0,1,0,NEGATIVE_PEAK,-2.6091,1.0000,-2,8,-2,0.5000,32.94,-4038.87,163.18,153.19,100.00,204.50,72.00,21.00,0.0000,4243.90,0,0,0.0000,NOT_RUN,0,20,3062,0,2,100,2,0,0,0,0
207,0,1,0,NEGATIVE_PEAK,-2.6693,1.0000,-2,8,-2,0.5000,32.94,-4038.87,163.18,153.19,99.00,203.50,74.00,19.00,0.0000,4242.88,0,0,0.0000,NOT_RUN,0,18,2753,0,2,100,2,0,0,0,0
208,0,1,0,NEGATIVE_PEAK,-2.7156,1.0000,-2,8,-2,0.5000,32.94,-4038.87,163.18,153.19,100.00,204.00,74.00,18.00,0.0000,4243.40,0,0,0.0000,NOT_RUN,0,17,3143,0,2,100,2,0,0,0,0
209,0,1,0,NEGATIVE_PEAK,-2.7155,1.0000,-2,8,-2,0.5000,32.94,-4038.87,163.18,153.19,100.50,203.00,73.00,20.00,0.0000,4242.41,0,0,0.0000,NOT_RUN,0,17,3057,0,2,100,2,0,0,0,0
210,0,1,0,NEGATIVE_PEAK,-2.6391,1.0000,-2,9,-2,0.0000,32.94,-4038.87,163.18,153.19,100.00,205.50,74.00,23.00,0.0000,4244.90,0,0,0.0000,NOT_RUN,0,19,3014,0,2,100,2,0,0,0,0
211,0,1,1,ACCEPT,5.0087,1.0000,2,1,-24,0.0000,35.48,-4096.24,163.18,153.19,101.00,205.00,74.00,24.00,0.0000,4301.74,1,0,1.8356,LOW_CONF,0,19,3399,499,2,100,2,0,0,0,0
212,0,1,0,NEGATIVE_PEAK,-2.7097,1.0000,-2,10,-2,0.5000,35.48,-4096.24,163.18,153.19,101.50,204.00,73.00,26.00,0.0000,4300.75,0,0,0.0000,NOT_RUN,0,16,3202,0,2,100,2,0,0,0,0
213,0,1,0,NEGATIVE_PEAK,-2.6650,1.0000,-2,10,-2,0.0000,35.48,-4096.24,163.18,153.19,101.00,204.50,74.00,25.00,0.0000,4301.24,0,0,0.0000,NOT_RUN,0,19,3665,0,2,100,2,0,0,0,0
214,0,1,0,NEGATIVE_PEAK,-2.6865,1.0000,-2,9,-2,0.0000,35.48,-4096.24,163.18,153.19,101.00,203.50,74.00,25.00,0.0000,4300.24,0,0,0.0000,NOT_RUN,0,19,3655,0,2,100,2,0,0,0,0
215,0,1,0,NEGATIVE_PEAK,-2.7119,1.0000,-2,10,-2,0.0000,35.48,-4096.24,163.18,153.19,101.50,201.50,73.00,25.00,0.0000,4298.25,0,0,0.0000,NOT_RUN,0,19,3463,0,2,100,2,0,0,0,0
216,0,1,0,NEGATIVE_PEAK,-2.6647,1.0000,-2,9,-2,0.0000,35.48,-4096.24,163.18,153.19,101.50,200.50,75.00,27.00,0.0000,4297.25,0,0,0.0000,NOT_RUN,0,21,3620,0,2,100,2,0,0,0,0
217,0,1,0,NEGATIVE_PEAK,-2.6860,1.0000,-2,10,-2,0.0000,35.48,-4096.24,163.18,153.19,101.50,199.00,73.00,28.00,0.0000,4295.75,0,0,0.0000,NOT_RUN,0,20,3408,0,2,100,2,0,0,0,0
218,0,1,0,NEGATIVE_PEAK,-2.6764,1.0000,-2,9,-2,0.0000,35.48,-4096.24,163.18,153.19,103.00,200.00,72.00,30.00,0.0000,4296.77,0,0,0.0000,NOT_RUN,0,20,3365,0,2,100,2,0,0,0,0
219,0,1,0,NEGATIVE_PEAK,-2.6697,1.0000,-2,10,-2,0.0000,35.48,-4096.24,163.18,153.19,103.50,198.50,71.00,31.00,0.0000,4295.28,0,0,0.0000,NOT_RUN,0,18,3367,0,2,100,2,0,0,0,0
220,0,1,0,NEGATIVE_PEAK,-2.6764,1.0000,-2,10,-2,0.0000,35.48,-4096.24,163.18,153.19,105.00,199.00,68.00,36.00,0.0000,4295.80,0,0,0.0000,NOT_RUN,0,19,3323,0,2,100,2,0,0,0,0
221,0,1,0,NEGATIVE_PEAK,-2.6883,1.0000,-2,10,-2,0.0000,35.48,-4096.24,163.18,153.19,105.50,199.00,65.00,38.00,0.0000,4295.81,0,0,0.0000,NOT_RUN,0,17,3386,0,2,100,2,0,0,0,0
222,0,1,1,ACCEPT,5.0178,1.0000,2,0,-24,0.0000,35.48,-4153.62,150.87,141.63,106.50,198.50,63.00,49.00,0.0000,4352.70,1,-2,2.1244,ACCEPT,0,18,3548,527,2,100,2,0,0,0,0
223,0,1,0,NEGATIVE_PEAK,-2.7471,1.0000,-2,11,-2,0.5000,35.48,-4153.62,150.87,141.63,108.00,196.00,62.00,52.00,0.0000,4350.22,0,0,0.0000,NOT_RUN,0,16,3175,0,2,100,2,0,0,0,0
224,0,1,0,NEGATIVE_PEAK,-2.7503,1.0000,-2,10,-2,0.5000,35.48,-4153.62,150.87,141.63,108.50,196.00,61.00,50.00,0.0000,4350.23,0,0,0.0000,NOT_RUN,0,16,3111,0,2,100,2,0,0,0,0
225,0,1,1,ACCEPT,5.0709,1.0000,2,0,-24,0.0000,35.48,-4206.68,150.87,141.63,108.50,192.00,61.00,52.00,0.0000,4399.29,1,0,2.8674,ACCEPT,0,19,3811,647,2,100,2,0,0,0,0
226,0,1,0,LOW_PSR,4.9139,1.0000,2,0,-24,0.0000,35.48,-4206.68,150.87,141.63,107.00,189.00,62.00,52.00,0.0000,4396.26,0,0,0.0000,NOT_RUN,0,19,3714,0,2,100,2,0,0,0,0
227,0,1,0,LOW_PSR,4.8904,1.0000,2,0,-36,0.0000,35.48,-4206.68,150.87,141.63,106.50,188.50,63.00,51.00,0.0000,4395.75,0,0,0.0000,NOT_RUN,0,17,3777,0,2,100,2,0,0,0,0
228,0,1,0,LOW_PSR,4.5140,1.0000,2,0,-39,0.0000,35.48,-4206.68,150.87,141.63,105.50,189.00,63.00,50.00,0.0000,4396.24,0,0,0.0000,NOT_RUN,0,22,3134,0,2,100,2,0,0,0,0
229,0,1,0,LOW_PSR,4.5531,1.0000,2,0,-38,0.0000,35.48,-4206.68,150.87,141.63,104.50,188.00,61.00,48.00,0.0000,4395.22,0,0,0.0000,NOT_RUN,0,22,4494,0,2,100,2,0,0,0,0
230,0,1,0,NEGATIVE_PEAK,-2.7131,1.0000,-2,11,-2,0.5000,35.48,-4206.68,150.87,141.63,103.50,186.50,59.00,47.00,0.0000,4393.71,0,0,0.0000,NOT_RUN,0,19,4435,0,2,100,2,0,0,0,0
231,0,1,0,LOW_PSR,4.8189,1.0000,2,0,-24,0.5000,35.48,-4206.68,150.87,141.63,104.00,181.00,60.00,42.00,0.0000,4388.21,0,0,0.0000,NOT_RUN,0,20,3937,0,2,100,2,0,0,0,0
232,0,1,0,LOW_PSR,4.8295,1.0000,2,0,-24,0.0000,35.48,-4206.68,150.87,141.63,104.00,176.50,60.00,31.00,0.0000,4383.72,0,0,0.0000,NOT_RUN,0,26,2959,0,2,100,2,0,0,0,0
233,0,1,0,LOW_PSR,4.7601,1.0000,2,0,-38,0.0000,35.48,-4206.68,150.87,141.63,103.50,176.50,61.00,35.00,0.0000,4383.71,0,0,0.0000,NOT_RUN,0,27,2998,0,2,100,2,0,0,0,0
234,0,1,0,LOW_PSR,4.7375,1.0000,2,0,-24,0.0000,35.48,-4206.68,150.87,141.63,104.00,175.50,62.00,43.00,0.0000,4382.72,0,0,0.0000,NOT_RUN,0,25,2770,0,2,100,2,0,0,0,0
235,0,1,0,LOW_PSR,4.6021,1.0000,2,0,-39,0.0000,35.48,-4206.68,150.87,141.63,101.50,174.00,61.00,52.00,0.0000,4381.18,0,0,0.0000,NOT_RUN,0,25,3055,0,2,100,2,0,0,0,0
236,0,1,0,LOW_PSR,4.5325,1.0000,2,0,-38,0.0000,35.48,-4206.68,150.87,141.63,102.00,173.00,64.00,52.00,0.0000,4380.18,0,0,0.0000,NOT_RUN,0,22,2964,0,2,100,2,0,0,0,0
237,0,1,0,LOW_PSR,4.6290,1.0000,2,0,-38,0.0000,35.48,-4206.68,150.87,141.63,99.50,170.50,61.00,55.00,0.0000,4377.65,0,0,0.0000,NOT_RUN,0,20,3094,0,2,100,2,0,0,0,0
238,0,1,0,LOW_PSR,4.5781,1.0000,2,0,-38,0.0000,35.48,-4206.68,150.87,141.63,97.50,170.50,59.00,49.00,0.0000,4377.62,0,0,0.0000,NOT_RUN,0,21,4441,0,2,100,2,0,0,0,0
239,0,1,0,LOW_PSR,4.6662,1.0000,2,0,-24,0.5000,35.48,-4206.68,150.87,141.63,97.00,169.00,60.00,48.00,0.0000,4376.11,0,0,0.0000,NOT_RUN,0,20,4204,0,2,100,2,0,0,0,0
240,0,1,0,LOW_PSR,4.3794,1.0000,2,0,-39,0.0000,35.48,-4206.68,150.87,141.63,97.50,166.50,61.00,37.00,0.0000,4373.62,0,0,0.0000,NOT_RUN,0,23,3160,0,2,100,2,0,0,0,0
241,0,1,0,LOW_PSR,4.8971,1.0000,2,0,-24,0.5000,35.48,-4206.68,150.87,141.63,99.00,163.00,62.00,30.00,0.0000,4370.14,0,0,0.0000,NOT_RUN,0,18,2302,0,2,100,2,0,0,0,0
242,0,1,0,LOW_PSR,4.6224,1.0000,2,0,-38,0.0000,35.48,-4206.68,150.87,141.63,99.50,160.50,63.00,25.00,0.0000,4367.65,0,0,0.0000,NOT_RUN,0,20,2670,0,2,100,2,0,0,0,0
243,0,1,0,LOW_PSR,4.4057,1.0000,2,0,-39,0.0000,35.48,-4206.68,150.87,141.63,100.50,163.00,63.00,26.00,0.0000,4370.16,0,0,0.0000,NOT_RUN,0,23,3152,0,2,100,2,0,0,0,0
244,0,1,1,ACCEPT,6.2027,1.5000,3,1,-24,0.0000,37.84,-4259.74,150.87,141.63,100.50,162.50,65.00,39.00,0.0000,4422.69,1,0,3.0214,ACCEPT,0,24,3607,763,2,100,3,0,0,0,0
245,0,1,0,LOW_PSR,4.6862,1.0000,2,0,-38,0.0000,37.84,-4259.74,150.87,141.63,99.50,163.00,65.00,40.00,0.0000,4423.17,0,0,0.0000,NOT_RUN,0,25,2571,0,2,100,2,0,0,0,0
246,0,1,0,LOW_PSR,4.7158,1.0000,2,0,-38,0.0000,37.84,-4259.74,150.87,141.63,98.00,160.50,68.00,51.00,0.0000,4420.65,0,0,0.0000,NOT_RUN,0,27,2711,0,2,100,2,0,0,0,0
247,0,1,0,LOW_PSR,4.6779,1.0000,2,0,-38,0.0000,37.84,-4259.74,150.87,141.63,95.00,161.50,70.00,57.00,0.0000,4421.61,0,0,0.0000,NOT_RUN,0,24,3233,0,2,100,2,0,0,0,0
248,0,1,0,LOW_PSR,4.6168,1.0000,2,0,-38,0.0000,37.84,-4259.74,150.87,141.63,92.50,163.00,77.00,54.00,0.0000,4423.08,0,0,0.0000,NOT_RUN,0,26,3553,0,2,100,2,0,0,0,0
249,0,1,0,LOW_PSR,4.6065,1.0000,2,0,-36,0.0000,37.84,-4259.74,150.87,141.63,91.00,165.00,80.00,46.00,0.0000,4425.06,0,0,0.0000,NOT_RUN,0,21,3299,0,2,100,2,0,0,0,0
250,0,1,0,LOW_PSR,4.6572,1.0000,2,1,-24,0.5000,37.84,-4259.74,150.87,141.63,86.50,165.00,83.00,42.00,0.0000,4425.01,0,0,0.0000,NOT_RUN,0,21,4533,0,2,100,2,0,0,0,0
251,0,1,0,LOW_PSR,4.5837,1.0000,2,1,-24,0.5000,37.84,-4259.74,150.87,141.63,85.50,166.50,85.00,41.00,0.0000,4426.50,0,0,0.0000,NOT_RUN,0,23,4459,0,2,100,3,0,0,0,0
252,0,1,0,NEGATIVE_PEAK,-2.6760,1.0000,-2,0,-2,0.5000,37.84,-4259.74,150.87,141.63,83.50,169.00,83.00,40.00,0.0000,4428.98,0,0,0.0000,NOT_RUN,0,18,3642,0,2,100,2,0,0,0,0
253,0,1,0,LOW_PSR,4.7841,1.0000,2,4,-24,0.5000,37.84,-4259.74,150.87,141.63,83.00,172.00,86.00,42.00,0.0000,4431.97,0,0,0.0000,NOT_RUN,0,18,2707,0,2,100,2,0,0,0,0
254,0,1,0,LOW_PSR,4.7837,1.0000,2,5,-24,0.5000,37.84,-4259.74,150.87,141.63,83.00,172.50,82.00,41.00,0.0000,4432.47,0,0,0.0000,NOT_RUN,0,16,3145,0,2,100,2,0,0,0,0
255,0,1,0,NEGATIVE_PEAK,-4.4323,1.0000,-3,-6,-30,0.3333,37.84,-4259.74,150.87,141.63,80.00,173.00,82.00,42.00,0.0000,4432.94,0,0,0.0000,NOT_RUN,0,19,3032,0,2,100,3,0,0,0,0
256,0,1,0,LOW_PSR,4.8217,1.0000,2,4,-24,0.5000,37.84,-4259.74,150.87,141.63,80.50,173.00,81.00,42.00,0.0000,4432.95,0,0,0.0000,NOT_RUN,0,16,3014,0,2,100,2,0,0,0,0
257,0,1,0,NEGATIVE_PEAK,-2.6876,1.0000,-2,21,-2,0.5000,37.84,-4259.74,150.87,141.63,82.50,173.50,77.00,41.00,0.0000,4433.47,0,0,0.0000,NOT_RUN,0,15,3484,0,2,100,2,0,0,0,0
258,0,1,0,NEGATIVE_PEAK,-4.2822,1.0000,-3,-7,-30,0.3333,37.84,-4259.74,150.87,141.63,84.50,174.00,73.00,42.00,0.0000,4433.99,0,0,0.0000,NOT_RUN,0,20,3500,0,2,100,3,0,0,0,0
259,0,1,0,LOW_PSR,4.8227,1.0000,2,3,-24,0.5000,37.84,-4259.74,150.87,141.63,86.50,176.00,67.00,44.00,0.0000,4436.01,0,0,0.0000,NOT_RUN,0,16,3870,0,2,100,2,0,0,0,0
260,0,1,0,NEGATIVE_PEAK,-2.8046,1.0000,-2,11,-2,0.5000,37.84,-4259.74,150.87,141.63,88.00,176.50,66.00,43.00,0.0000,4436.53,0,0,0.0000,NOT_RUN,0,17,3342,0,2,100,2,0,0,0,0
261,0,1,0,NEGATIVE_PEAK,-4.3204,1.0000,-3,-5,-31,0.3333,37.84,-4259.74,150.87,141.63,90.50,178.50,61.00,43.00,0.0000,4438.55,0,0,0.0000,NOT_RUN,0,20,2682,0,2,100,3,0,0,0,0
262,0,1,0,NEGATIVE_PEAK,-2.6499,1.0000,-2,0,-2,0.5000,37.84,-4259.74,150.87,141.63,93.00,180.00,58.00,44.00,0.0000,4440.08,0,0,0.0000,NOT_RUN,0,16,2347,0,2,100,2,0,0,0,0
263,0,1,0,NEGATIVE_PEAK,-2.7254,1.0000,-2,0,-2,0.5000,37.84,-4259.74,150.87,141.63,95.50,180.50,57.00,43.00,0.0000,4440.62,0,0,0.0000,NOT_RUN,0,17,2499,0,2,100,3,0,0,0,0
264,0,1,0,NEGATIVE_PEAK,-2.6806,1.0000,-2,0,-2,0.5000,37.84,-4259.74,150.87,141.63,100.00,182.00,58.00,44.00,0.0000,4442.18,0,0,0.0000,NOT_RUN,0,18,2966,0,2,100,2,0,0,0,0
265,0,1,0,NEGATIVE_PEAK,-2.7812,1.0000,-2,0,0,1.0000,37.84,-4259.74,150.87,141.63,104.50,183.50,57.00,43.00,0.0000,4443.74,0,0,0.0000,NOT_RUN,0,17,1914,0,2,100,2,0,0,0,0
266,0,1,0,NEGATIVE_PEAK,-2.7279,1.0000,-2,0,0,1.0000,37.84,-4259.74,150.87,141.63,105.50,185.00,55.00,46.00,0.0000,4445.26,0,0,0.0000,NOT_RUN,0,17,2610,0,2,100,3,0,0,0,0
267,0,1,0,LOW_PSR,4.8315,1.0000,2,7,-24,0.5000,37.84,-4259.74,150.87,141.63,107.50,189.50,49.00,53.00,0.0000,4449.79,0,0,0.0000,NOT_RUN,0,18,2567,0,2,100,3,0,0,0,0
268,0,1,0,LOW_PSR,4.6533,1.0000,2,3,-24,0.5000,37.84,-4259.74,150.87,141.63,108.00,194.00,46.00,60.00,0.0000,4454.29,0,0,0.0000,NOT_RUN,0,21,3806,0,2,100,2,0,0,0,0
269,0,1,0,LOW_PSR,4.4871,1.0000,2,2,-24,0.5000,37.84,-4259.74,150.87,141.63,107.00,197.00,42.00,60.00,0.0000,4457.28,0,0,0.0000,NOT_RUN,0,21,3566,0,2,100,2,0,0,0,0
270,0,1,0,NEGATIVE_PEAK,-2.8249,1.0000,-2,13,-2,0.5000,37.84,-4259.74,150.87,141.63,109.00,205.00,38.00,56.00,0.0000,4465.31,0,0,0.0000,NOT_RUN,0,18,2691,0,2,100,2,0,0,0,0
271,0,1,0,NEGATIVE_PEAK,-2.7311,1.0000,-2,13,-2,0.5000,37.84,-4259.74,150.87,141.63,108.00,209.00,40.00,48.00,0.0000,4469.29,0,0,0.0000,NOT_RUN,0,18,2051,0,2,100,2,0,0,0,0
272,0,1,0,LOW_PSR,4.7368,1.0000,2,3,-24,0.5000,37.84,-4259.74,150.87,141.63,105.00,211.50,48.00,53.00,0.0000,4471.75,0,0,0.0000,NOT_RUN,0,21,3055,0,2,100,2,0,0,0,0
273,0,1,0,LOW_PSR,4.5287,1.0000,2,3,-24,0.5000,37.84,-4259.74,150.87,141.63,95.00,210.00,58.00,44.00,0.0000,4470.11,0,0,0.0000,NOT_RUN,0,24,2683,0,2,100,3,0,0,0,0
274,0,1,0,LOW_PSR,4.6009,1.0000,2,3,-24,0.5000,37.84,-4259.74,150.87,141.63,89.50,210.50,69.00,47.00,0.0000,4470.54,0,0,0.0000,NOT_RUN,0,21,4161,0,2,100,2,0,0,0,0
275,0,1,0,NEGATIVE_PEAK,-2.7413,1.0000,-2,17,-2,0.5000,37.84,-4259.74,150.87,141.63,87.50,207.50,71.00,47.00,0.0000,4467.52,0,0,0.0000,NOT_RUN,0,17,3371,0,2,100,2,0,0,0,0
276,0,1,0,NEGATIVE_PEAK,-2.7300,1.0000,-2,17,-2,0.5000,37.84,-4259.74,150.87,141.63,87.50,212.00,71.00,50.00,0.0000,4472.02,0,0,0.0000,NOT_RUN,0,17,2774,0,2,100,2,0,0,0,0
277,0,1,0,NEGATIVE_PEAK,-2.6766,1.0000,-2,15,-2,0.5000,37.84,-4259.74,150.87,141.63,85.00,208.50,76.00,39.00,0.0000,4468.49,0,0,0.0000,NOT_RUN,0,17,2497,0,2,100,2,0,0,0,0
278,0,1,0,NEGATIVE_PEAK,-2.7234,1.0000,-2,15,-2,0.5000,37.84,-4259.74,150.87,141.63,85.50,206.00,73.00,32.00,0.0000,4466.00,0,0,0.0000,NOT_RUN,0,19,2582,0,2,100,2,0,0,0,0
279,0,1,0,NEGATIVE_PEAK,-2.8076,1.0000,-2,14,-2,0.5000,37.84,-4259.74,150.87,141.63,85.00,204.50,72.00,39.00,0.0000,4464.49,0,0,0.0000,NOT_RUN,0,17,3092,0,2,100,2,0,0,0,0
280,0,1,0,LOW_PSR,4.8790,1.0000,2,2,-24,0.5000,37.84,-4259.74,150.87,141.63,88.00,204.00,64.00,48.00,0.0000,4464.02,0,0,0.0000,NOT_RUN,0,21,2963,0,2,100,2,0,0,0,0
281,0,1,0,NEGATIVE_PEAK,-2.7523,1.0000,-2,13,-2,0.5000,37.84,-4259.74,150.87,141.63,91.00,202.50,54.00,47.00,0.0000,4462.56,0,0,0.0000,NOT_RUN,0,21,2513,0,2,100,2,0,0,0,0
282,0,1,0,LOW_PSR,4.8943,1.0000,2,3,-24,0.5000,37.84,-4259.74,150.87,141.63,92.00,205.00,36.00,42.00,0.0000,4465.07,0,0,0.0000,NOT_RUN,0,21,2352,0,2,100,2,0,0,0,0
283,0,1,0,LOW_PSR,4.9171,1.0000,2,4,-24,0.5000,37.84,-4259.74,150.87,141.63,94.00,207.50,36.00,41.00,0.0000,4467.60,0,0,0.0000,NOT_RUN,0,18,2745,0,2,100,2,0,0,0,0
284,0,1,1,ACCEPT,5.0611,1.0000,2,5,-24,0.5000,49.64,-4312.80,150.87,141.63,94.00,208.00,40.00,40.00,0.0000,4521.02,1,0,1.7370,LOW_CONF,0,19,2967,882,2,100,2,0,0,0,0
285,0,1,0,LOW_PSR,4.3362,1.0000,2,0,-38,0.0000,49.64,-4312.80,150.87,141.63,90.50,206.50,49.00,33.00,0.0000,4519.49,0,0,0.0000,NOT_RUN,0,27,2991,0,2,100,3,0,0,0,0
286,0,1,0,LOW_PSR,4.3633,1.0000,2,0,-38,0.0000,49.64,-4312.80,150.87,141.63,83.50,204.50,65.00,25.00,0.0000,4517.43,0,0,0.0000,NOT_RUN,0,23,3517,0,2,100,3,0,0,0,0
287,0,1,0,LOW_PSR,4.3536,1.0000,2,0,-38,0.0000,49.64,-4312.80,150.87,141.63,83.00,204.00,66.00,20.00,0.0000,4516.93,0,0,0.0000,NOT_RUN,0,24,3433,0,2,100,3,0,0,0,0
288,0,1,0,LOW_PSR,4.6285,1.0000,2,0,-24,0.5000,49.64,-4312.80,150.87,141.63,78.50,203.50,71.00,15.00,0.0000,4516.40,0,0,0.0000,NOT_RUN,0,21,3501,0,2,100,2,0,0,0,0
289,0,1,0,LOW_PSR,4.8220,1.0000,2,0,-24,0.5000,49.64,-4312.80,150.87,141.63,74.00,201.00,72.00,22.00,0.0000,4513.87,0,0,0.0000,NOT_RUN,0,22,3796,0,2,100,2,0,0,0,0
290,0,1,0,LOW_PSR,4.7780,1.0000,2,0,-24,0.5000,49.64,-4312.80,150.87,141.63,73.00,200.00,66.00,24.00,0.0000,4512.87,0,0,0.0000,NOT_RUN,0,22,3705,0,2,100,2,0,0,0,0
291,0,1,0,LOW_PSR,4.6743,1.0000,2,1,-24,0.5000,49.64,-4312.80,150.87,141.63,68.50,200.50,59.00,35.00,0.0000,4513.34,0,0,0.0000,NOT_RUN,0,25,3547,0,2,100,2,0,0,0,0
292,0,1,0,NEGATIVE_PEAK,-2.7462,1.0000,-2,13,-2,0.5000,49.64,-4312.80,150.87,141.63,65.00,201.00,50.00,46.00,0.0000,4513.83,0,0,0.0000,NOT_RUN,0,21,2638,0,2,100,2,0,0,0,0
293,0,1,0,NEGATIVE_PEAK,-2.7003,1.0000,-2,15,-2,0.5000,49.64,-4312.80,150.87,141.63,65.00,202.00,42.00,52.00,0.0000,4514.83,0,0,0.0000,NOT_RUN,0,21,2348,0,2,100,2,0,0,0,0
294,0,1,0,NEGATIVE_PEAK,-2.7187,1.0000,-2,14,-2,0.5000,49.64,-4312.80,150.87,141.63,61.50,202.00,29.00,56.00,0.0000,4514.82,0,0,0.0000,NOT_RUN,0,19,3686,0,2,100,2,0,0,0,0
295,0,1,0,NEGATIVE_PEAK,-2.8064,1.0000,-2,14,-2,0.5000,49.64,-4312.80,150.87,141.63,53.50,201.50,17.00,57.00,0.0000,4514.31,0,0,0.0000,NOT_RUN,0,18,5901,0,2,100,2,0,0,0,0
296,0,1,0,NEGATIVE_PEAK,-2.8080,1.0000,-2,17,-2,0.5000,49.64,-4312.80,150.87,141.63,53.00,199.50,16.00,53.00,0.0000,4512.31,0,0,0.0000,NOT_RUN,0,17,4819,0,2,100,2,0,0,0,0
297,0,1,0,NEGATIVE_PEAK,-2.7590,1.0000,-2,15,-2,0.5000,49.64,-4312.80,150.87,141.63,49.50,197.50,29.00,55.00,0.0000,4510.30,0,0,0.0000,NOT_RUN,0,17,4761,0,2,100,2,0,0,0,0
298,0,1,0,NEGATIVE_PEAK,-2.8088,1.0000,-2,16,-2,0.5000,49.64,-4312.80,150.87,141.63,46.00,195.50,42.00,49.00,0.0000,4508.31,0,0,0.0000,NOT_RUN,0,19,4336,0,2,100,2,0,0,0,0
299,0,1,0,NEGATIVE_PEAK,-2.8106,1.0000,-2,16,-2,0.5000,49.64,-4312.80,150.87,141.63,45.50,193.50,47.00,43.00,0.0000,4506.31,0,0,0.0000,NOT_RUN,0,18,4573,0,2,100,2,0,0,0,0
300,0,1,0,NEGATIVE_PEAK,-2.7874,1.0000,-2,17,-2,0.5000,49.64,-4312.80,150.87,141.63,45.50,191.00,57.00,34.00,0.0000,4503.81,0,0,0.0000,NOT_RUN,0,17,3846,0,2,100,2,0,0,0,0
301,0,1,0,NEGATIVE_PEAK,-2.7318,1.0000,-2,18,-2,0.5000,49.64,-4312.80,150.87,141.63,45.00,186.50,60.00,25.00,0.0000,4499.31,0,0,0.0000,NOT_RUN,0,20,2913,0,2,100,2,0,0,0,0
302,0,1,0,NEGATIVE_PEAK,-2.7913,1.0000,-2,19,-2,0.5000,49.64,-4312.80,150.87,141.63,45.00,185.50,60.00,23.00,0.0000,4498.31,0,0,0.0000,NOT_RUN,0,17,2553,0,2,100,2,0,0,0,0
303,0,1,0,LOW_PSR,4.5057,1.0000,2,3,-24,0.5000,49.64,-4312.80,150.87,141.63,46.00,184.00,60.00,16.00,0.0000,4496.81,0,0,0.0000,NOT_RUN,0,24,1543,0,2,100,2,0,0,0,0
304,0,1,0,LOW_PSR,4.4483,1.0000,2,3,-24,0.5000,49.64,-4312.80,150.87,141.63,48.00,183.50,56.00,19.00,0.0000,4496.30,0,0,0.0000,NOT_RUN,0,24,1929,0,2,100,3,0,0,0,0
305,0,1,0,LOW_PSR,4.5663,1.0000,2,4,-24,0.5000,49.64,-4312.80,150.87,141.63,48.50,182.50,51.00,21.00,0.0000,4495.30,0,0,0.0000,NOT_RUN,0,24,1867,0,2,100,3,0,0,0,0
306,0,1,0,NEGATIVE_PEAK,-4.1268,1.5000,-3,-9,-30,0.3333,49.64,-4312.80,150.87,141.63,53.50,176.50,41.00,25.00,0.0000,4489.31,0,0,0.0000,NOT_RUN,0,24,1866,0,2,100,3,0,0,0,0
307,0,1,0,NEGATIVE_PEAK,-4.1882,1.0000,-3,-7,-31,0.3333,49.64,-4312.80,150.87,141.63,61.00,172.00,22.00,32.00,0.0000,4484.82,0,0,0.0000,NOT_RUN,0,26,2242,0,2,100,3,0,0,0,0
308,0,1,0,NEGATIVE_PEAK,-2.5619,1.0000,-2,0,-2,0.5000,49.64,-4312.80,150.87,141.63,60.50,174.00,23.00,30.00,0.0000,4486.82,0,0,0.0000,NOT_RUN,0,23,2333,0,2,100,2,0,0,0,0
309,0,1,0,NEGATIVE_PEAK,-2.6479,1.0000,-2,0,-2,0.5000,49.64,-4312.80,150.87,141.63,65.00,176.00,14.00,28.00,0.0000,4488.83,0,0,0.0000,NOT_RUN,0,20,2046,0,2,100,2,0,0,0,0
310,0,1,0,NEGATIVE_PEAK,-2.6570,1.0000,-2,19,-3,0.5000,49.64,-4312.80,150.87,141.63,73.50,179.00,33.00,30.00,0.0000,4491.87,0,0,0.0000,NOT_RUN,0,21,1264,0,2,100,3,0,0,0,0
311,0,1,0,NEGATIVE_PEAK,-2.6694,1.0000,-2,0,-2,0.5000,49.64,-4312.80,150.87,141.63,78.00,178.50,38.00,33.00,0.0000,4491.39,0,0,0.0000,NOT_RUN,0,21,2123,0,2,100,3,0,0,0,0
312,0,1,0,NEGATIVE_PEAK,-2.7324,1.0000,-2,18,-2,0.5000,49.64,-4312.80,150.87,141.63,82.50,177.50,49.00,23.00,0.0000,4490.42,0,0,0.0000,NOT_RUN,0,21,1397,0,2,100,3,0,0,0,0
313,0,1,0,NEGATIVE_PEAK,-2.6989,1.0000,-2,19,-3,0.5000,49.64,-4312.80,150.87,141.63,85.00,184.00,60.00,28.00,0.0000,4496.94,0,0,0.0000,NOT_RUN,0,21,1676,0,2,100,2,0,0,0,0
314,0,1,0,NEGATIVE_PEAK,-2.6612,1.0000,-2,0,-2,0.5000,49.64,-4312.80,150.87,141.63,87.50,184.00,65.00,30.00,0.0000,4496.96,0,0,0.0000,NOT_RUN,0,21,2255,0,2,100,2,0,0,0,0
315,0,1,0,NEGATIVE_PEAK,-2.7860,1.0000,-2,0,-2,0.5000,49.64,-4312.80,150.87,141.63,94.50,179.50,63.00,31.00,0.0000,4492.53,0,0,0.0000,NOT_RUN,0,21,2274,0,2,100,2,0,0,0,0
316,0,1,0,NEGATIVE_PEAK,-2.8037,1.0000,-2,18,-2,0.5000,49.64,-4312.80,150.87,141.63,97.50,177.50,59.00,31.00,0.0000,4490.56,0,0,0.0000,NOT_RUN,0,20,2791,0,2,100,2,0,0,0,0
317,0,1,0,NEGATIVE_PEAK,-2.7809,1.0000,-2,0,-2,0.5000,49.64,-4312.80,150.87,141.63,97.50,174.00,59.00,26.00,0.0000,4487.06,0,0,0.0000,NOT_RUN,0,21,3350,0,2,100,2,0,0,0,0
318,0,1,0,NEGATIVE_PEAK,-2.7928,1.0000,-2,0,-2,0.5000,49.64,-4312.80,150.87,141.63,98.00,175.50,54.00,27.00,0.0000,4488.57,0,0,0.0000,NOT_RUN,0,21,3526,0,2,100,2,0,0,0,0
319,0,1,0,NEGATIVE_PEAK,-2.6874,1.0000,-2,0,0,1.0000,49.64,-4312.80,150.87,141.63,94.50,177.00,53.00,30.00,0.0000,4490.03,0,0,0.0000,NOT_RUN,0,21,2980,0,2,100,2,0,0,0,0
320,0,1,0,NEGATIVE_PEAK,-2.6798,1.0000,-2,0,0,1.0000,49.64,-4312.80,150.87,141.63,92.50,177.00,49.00,34.00,0.0000,4490.01,0,0,0.0000,NOT_RUN,0,19,3006,0,2,100,2,0,0,0,0
321,0,1,0,NEGATIVE_PEAK,-2.6548,1.0000,-2,0,0,1.0000,49.64,-4312.80,150.87,141.63,90.50,178.00,35.00,40.00,0.0000,4490.99,0,0,0.0000,NOT_RUN,0,21,2669,0,2,100,2,0,0,0,0
322,0,1,0,NEGATIVE_PEAK,-2.6642,1.0000,-2,0,0,1.0000,49.64,-4312.80,150.87,141.63,85.50,180.00,27.00,42.00,0.0000,4492.95,0,0,0.0000,NOT_RUN,0,20,2155,0,2,100,2,0,0,0,0
323,0,1,0,NEGATIVE_PEAK,-2.7135,1.0000,-2,0,0,1.0000,49.64,-4312.80,150.87,141.63,83.00,180.50,22.00,43.00,0.0000,4493.43,0,0,0.0000,NOT_RUN,0,17,2119,0,2,100,3,0,0,0,0
324,0,1,0,NEGATIVE_PEAK,-2.7553,1.0000,-2,0,0,1.0000,49.64,-4312.80,150.87,141.63,79.00,178.00,26.00,36.00,0.0000,4490.90,0,0,0.0000,NOT_RUN,0,21,2123,0,2,100,3,0,0,0,0
325,0,1,0,NEGATIVE_PEAK,-2.6913,1.0000,-2,0,-2,0.5000,49.64,-4312.80,150.87,141.63,74.00,175.50,42.00,31.00,0.0000,4488.37,0,0,0.0000,NOT_RUN,0,18,1637,0,2,100,3,0,0,0,0
326,0,1,0,NEGATIVE_PEAK,-2.7326,1.0000,-2,0,-2,0.5000,49.64,-4312.80,150.87,141.63,73.00,175.50,48.00,31.00,0.0000,4488.37,0,0,0.0000,NOT_RUN,0,21,2234,0,2,100,2,0,0,0,0
327,0,1,0,NEGATIVE_PEAK,-2.8215,1.0000,-2,0,0,1.0000,49.64,-4312.80,150.87,141.63,71.50,170.00,57.00,24.00,0.0000,4482.86,0,0,0.0000,NOT_RUN,0,21,2023,0,2,100,2,0,0,0,0
328,0,1,0,NEGATIVE_PEAK,-2.7780,1.0000,-2,0,0,1.0000,49.64,-4312.80,150.87,141.63,71.50,166.00,59.00,18.00,0.0000,4478.86,0,0,0.0000,NOT_RUN,0,23,1990,0,2,100,2,0,0,0,0
329,0,1,0,NEGATIVE_PEAK,-2.7588,1.0000,-2,0,-2,0.5000,49.64,-4312.80,150.87,141.63,73.50,163.00,55.00,22.00,0.0000,4475.87,0,0,0.0000,NOT_RUN,0,23,2288,0,2,100,2,0,0,0,0
330,0,1,0,NEGATIVE_PEAK,-2.7586,1.0000,-2,0,0,1.0000,49.64,-4312.80,150.87,141.63,77.00,161.00,50.00,24.00,0.0000,4473.89,0,0,0.0000,NOT_RUN,0,20,3268,0,2,100,2,0,0,0,0
331,0,1,0,NEGATIVE_PEAK,-2.8033,1.0000,-2,0,0,1.0000,49.64,-4312.80,150.87,141.63,80.00,158.00,42.00,32.00,0.0000,4470.91,0,0,0.0000,NOT_RUN,0,20,3567,0,2,100,2,0,0,0,0
332,0,1,0,NEGATIVE_PEAK,-2.8029,1.0000,-2,0,0,1.0000,49.64,-4312.80,150.87,141.63,82.00,157.50,38.00,35.00,0.0000,4470.42,0,0,0.0000,NOT_RUN,0,20,3484,0,2,100,2,0,0,0,0
333,0,1,0,NEGATIVE_PEAK,-2.8283,1.0000,-2,0,0,1.0000,49.64,-4312.80,150.87,141.63,87.50,157.00,23.00,38.00,0.0000,4469.97,0,0,0.0000,NOT_RUN,0,20,3368,0,2,100,2,0,0,0,0
334,0,1,0,NEGATIVE_PEAK,-2.8154,1.0000,-2,0,0,1.0000,49.64,-4312.80,150.87,141.63,92.50,159.00,27.00,46.00,0.0000,4472.01,0,0,0.0000,NOT_RUN,0,20,3751,0,2,100,2,0,0,0,0
335,0,1,0,NEGATIVE_PEAK,-2.8059,1.0000,-2,0,-2,0.5000,49.64,-4312.80,150.87,141.63,97.00,160.50,32.00,47.00,0.0000,4473.56,0,0,0.0000,NOT_RUN,0,20,3746,0,2,100,2,0,0,0,0
336,0,1,0,NEGATIVE_PEAK,-2.8111,1.0000,-2,0,-2,0.5000,49.64,-4312.80,150.87,141.63,99.50,161.50,33.00,47.00,0.0000,4474.58,0,0,0.0000,NOT_RUN,0,20,3403,0,2,100,2,0,0,0,0
337,0,1,0,NEGATIVE_PEAK,-2.7905,1.0000,-2,0,-2,0.5000,49.64,-4312.80,150.87,141.63,99.00,159.00,34.00,44.00,0.0000,4472.08,0,0,0.0000,NOT_RUN,0,21,3231,0,2,100,2,0,0,0,0
338,0,1,0,NEGATIVE_PEAK,-2.7926,1.0000,-2,0,-2,0.5000,49.64,-4312.80,150.87,141.63,98.00,158.50,34.00,41.00,0.0000,4471.57,0,0,0.0000,NOT_RUN,0,21,3434,0,2,100,2,0,0,0,0
339,0,1,0,NEGATIVE_PEAK,-2.7790,1.0000,-2,0,-2,0.5000,49.64,-4312.80,150.87,141.63,96.00,158.00,32.00,36.00,0.0000,4471.05,0,0,0.0000,NOT_RUN,0,19,3411,0,2,100,2,0,0,0,0
340,0,1,0,NEGATIVE_PEAK,-2.7197,1.0000,-2,0,0,1.0000,49.64,-4312.80,150.87,141.63,95.00,158.00,36.00,34.00,0.0000,4471.03,0,0,0.0000,NOT_RUN,0,20,3783,0,2,100,2,0,0,0,0
341,0,1,0,NEGATIVE_PEAK,-2.6408,1.0000,-2,0,0,1.0000,49.64,-4312.80,150.87,141.63,94.50,157.50,35.00,33.00,0.0000,4470.53,0,0,0.0000,NOT_RUN,0,21,4486,0,2,100,3,0,0,0,0
342,0,1,0,NEGATIVE_PEAK,-2.5189,1.0000,-2,0,0,1.0000,49.64,-4312.80,150.87,141.63,93.50,158.50,35.00,29.00,0.0000,4471.52,0,0,0.0000,NOT_RUN,0,22,5023,0,2,100,3,0,0,0,0
343,0,1,0,NEGATIVE_PEAK,-4.1634,1.0000,-3,-7,-31,0.3333,49.64,-4312.80,150.87,141.63,93.00,158.50,36.00,29.00,0.0000,4471.51,0,0,0.0000,NOT_RUN,0,23,2147,0,2,100,3,0,0,0,0
344,0,1,0,NEGATIVE_PEAK,-4.1789,1.5000,-3,-9,-15,0.3333,49.64,-4312.80,150.87,141.63,91.00,159.00,38.00,28.00,0.0000,4472.00,0,0,0.0000,NOT_RUN,0,21,3085,0,2,100,3,0,0,0,0
345,0,1,0,NEGATIVE_PEAK,-2.4185,1.0000,-2,0,-2,0.5000,49.64,-4312.80,150.87,141.63,91.50,160.00,37.00,26.00,0.0000,4473.00,0,0,0.0000,NOT_RUN,0,21,3099,0,2,100,3,0,0,0,0
346,0,1,0,NEGATIVE_PEAK,-2.4224,1.0000,-2,0,-2,0.5000,49.64,-4312.80,150.87,141.63,92.00,160.50,36.00,23.00,0.0000,4473.51,0,0,0.0000,NOT_RUN,0,22,2830,0,2,100,3,0,0,0,0
347,0,1,0,LOW_PSR,4.4793,1.0000,2,3,-24,0.5000,49.64,-4312.80,150.87,141.63,92.00,161.50,38.00,21.00,0.0000,4474.51,0,0,0.0000,NOT_RUN,0,21,2411,0,2,100,3,0,0,0,0
348,0,1,0,NEGATIVE_PEAK,-2.5637,1.0000,-2,0,-2,0.5000,49.64,-4312.80,150.87,141.63,93.00,162.00,38.00,20.00,0.0000,4475.01,0,0,0.0000,NOT_RUN,0,19,1210,0,2,100,3,0,0,0,0
349,0,1,0,NEGATIVE_PEAK,-2.5767,1.0000,-2,0,-2,0.5000,49.64,-4312.80,150.87,141.63,93.00,163.00,38.00,22.00,0.0000,4476.01,0,0,0.0000,NOT_RUN,0,22,1337,0,2,100,2,0,0,0,0
350,0,1,0,LOW_PSR,4.7746,1.0000,2,5,-24,0.5000,49.64,-4312.80,150.87,141.63,93.50,162.50,37.00,21.00,0.0000,4475.52,0,0,0.0000,NOT_RUN,0,20,1587,0,2,100,3,0,0,0,0
351,0,1,0,LOW_PSR,4.7382,1.0000,2,5,-24,0.5000,49.64,-4312.80,150.87,141.63,94.00,162.50,38.00,21.00,0.0000,4475.52,0,0,0.0000,NOT_RUN,0,20,1489,0,2,100,3,0,0,0,0
352,0,1,0,NEGATIVE_PEAK,-2.6779,1.0000,-2,0,-2,0.5000,49.64,-4312.80,150.87,141.63,95.00,162.00,38.00,22.00,0.0000,4475.03,0,0,0.0000,NOT_RUN,0,19,1511,0,2,100,3,0,0,0,0
353,0,1,0,NEGATIVE_PEAK,-2.6688,1.0000,-2,0,-2,0.5000,49.64,-4312.80,150.87,141.63,95.00,162.50,38.00,23.00,0.0000,4475.53,0,0,0.0000,NOT_RUN,0,20,1320,0,2,100,2,0,0,0,0
354,0,1,0,NEGATIVE_PEAK,-2.7013,1.0000,-2,0,-2,0.5000,49.64,-4312.80,150.87,141.63,95.50,162.50,37.00,23.00,0.0000,4475.54,0,0,0.0000,NOT_RUN,0,20,1325,0,2,100,2,0,0,0,0
355,0,1,0,NEGATIVE_PEAK,-2.5823,1.0000,-2,0,-2,0.5000,49.64,-4312.80,150.87,141.63,96.00,163.00,38.00,22.00,0.0000,4476.04,0,0,0.0000,NOT_RUN,0,21,1191,0,2,100,2,0,0,0,0
356,0,1,0,NEGATIVE_PEAK,-2.4233,1.0000,-2,0,-2,0.5000,49.64,-4312.80,150.87,141.63,95.50,163.50,39.00,21.00,0.0000,4476.54,0,0,0.0000,NOT_RUN,0,25,1201,0,2,100,3,0,0,0,0
357,0,1,0,NEGATIVE_PEAK,-2.3711,1.0000,-2,0,-2,0.5000,49.64,-4312.80,150.87,141.63,96.00,162.00,38.00,20.00,0.0000,4475.04,0,0,0.0000,NOT_RUN,0,24,1366,0,2,100,2,0,0,0,0
358,0,1,0,NEGATIVE_PEAK,-2.4694,1.0000,-2,0,-2,0.5000,49.64,-4312.80,150.87,141.63,96.00,163.00,38.00,18.00,0.0000,4476.04,0,0,0.0000,NOT_RUN,0,24,1340,0,2,100,2,0,0,0,0
359,0,1,0,NEGATIVE_PEAK,-2.4395,1.0000,-2,0,-2,0.5000,49.64,-4312.80,150.87,141.63,95.50,163.00,39.00,18.00,0.0000,4476.04,0,0,0.0000,NOT_RUN,0,24,1307,0,2,100,2,0,0,0,0
360,0,1,0,NEGATIVE_PEAK,-2.4447,1.0000,-2,0,-2,0.5000,49.64,-4312.80,150.87,141.63,95.00,163.50,40.00,17.00,0.0000,4476.53,0,0,0.0000,NOT_RUN,0,24,1358,0,2,100,2,0,0,0,0
361,0,1,0,NEGATIVE_PEAK,-2.4571,1.0000,-2,0,-2,0.5000,49.64,-4312.80,150.87,141.63,94.50,162.50,41.00,17.00,0.0000,4475.53,0,0,0.0000,NOT_RUN,0,24,1257,0,2,100,2,0,0,0,0
362,0,1,0,NEGATIVE_PEAK,-2.4278,1.0000,-2,0,-2,0.5000,49.64,-4312.80,150.87,141.63,93.50,162.50,43.00,17.00,0.0000,4475.52,0,0,0.0000,NOT_RUN,0,25,1166,0,2,100,2,0,0,0,0
363,0,1,0,NEGATIVE_PEAK,-2.4630,1.0000,-2,0,-2,0.5000,49.64,-4312.80,150.87,141.63,93.50,162.50,45.00,17.00,0.0000,4475.52,0,0,0.0000,NOT_RUN,0,24,1135,0,2,100,2,0,0,0,0
364,0,1,0,NEGATIVE_PEAK,-2.4077,1.0000,-2,0,-2,0.5000,49.64,-4312.80,150.87,141.63,92.50,164.00,45.00,20.00,0.0000,4477.01,0,0,0.0000,NOT_RUN,0,24,1148,0,2,100,2,0,0,0,0
365,0,1,0,NEGATIVE_PEAK,-2.4512,1.0000,-2,0,-2,0.5000,49.64,-4312.80,150.87,141.63,91.50,165.00,47.00,22.00,0.0000,4478.00,0,0,0.0000,NOT_RUN,0,24,1131,0,2,100,2,0,0,0,0
366,0,1,0,NEGATIVE_PEAK,-2.5034,1.0000,-2,0,-2,0.5000,49.64,-4312.80,150.87,141.63,90.50,165.50,49.00,27.00,0.0000,4478.49,0,0,0.0000,NOT_RUN,0,24,1599,0,2,100,2,0,0,0,0
367,0,1,0,LOW_PSR,4.5952,1.0000,2,5,-24,0.5000,49.64,-4312.80,150.87,141.63,90.00,165.50,50.00,33.00,0.0000,4478.49,0,0,0.0000,NOT_RUN,0,24,1588,0,2,100,3,0,0,0,0
368,0,1,0,LOW_PSR,4.6343,1.0000,2,5,-24,0.5000,49.64,-4312.80,150.87,141.63,89.00,166.00,50.00,36.00,0.0000,4478.98,0,0,0.0000,NOT_RUN,0,25,1701,0,2,100,3,0,0,0,0
369,0,1,0,LOW_PSR,4.5917,1.0000,2,5,-24,0.5000,49.64,-4312.80,150.87,141.63,89.00,164.00,52.00,40.00,0.0000,4476.98,0,0,0.0000,NOT_RUN,0,26,1578,0,2,100,2,0,0,0,0
370,0,1,0,LOW_PSR,4.5242,1.0000,2,5,-24,0.5000,49.64,-4312.80,150.87,141.63,88.50,166.00,55.00,46.00,0.0000,4478.97,0,0,0.0000,NOT_RUN,0,27,1403,0,2,100,2,0,0,0,0
371,0,1,0,LOW_PSR,4.4955,1.0000,2,5,-24,0.5000,49.64,-4312.80,150.87,141.63,88.50,166.00,53.00,48.00,0.0000,4478.97,0,0,0.0000,NOT_RUN,0,25,1179,0,2,100,3,0,0,0,0
372,0,1,0,LOW_PSR,4.5939,1.0000,2,5,-24,0.5000,49.64,-4312.80,150.87,141.63,88.50,165.50,53.00,49.00,0.0000,4478.47,0,0,0.0000,NOT_RUN,0,25,1134,0,2,100,3,0,0,0,0
373,0,1,0,NEGATIVE_PEAK,-2.5080,1.0000,-2,0,0,1.0000,49.64,-4312.80,150.87,141.63,89.00,166.00,56.00,50.00,0.0000,4478.98,0,0,0.0000,NOT_RUN,0,23,1137,0,2,100,3,0,0,0,0
374,0,1,0,NEGATIVE_PEAK,-2.4962,1.0000,-2,0,-2,0.5000,49.64,-4312.80,150.87,141.63,88.50,167.00,55.00,52.00,0.0000,4479.97,0,0,0.0000,NOT_RUN,0,25,1310,0,2,100,3,0,0,0,0
375,0,1,0,NEGATIVE_PEAK,-2.4937,1.0000,-2,0,0,1.0000,49.64,-4312.80,150.87,141.63,89.00,167.50,56.00,49.00,0.0000,4480.48,0,0,0.0000,NOT_RUN,0,23,1247,0,2,100,3,0,0,0,0
376,0,1,0,NEGATIVE_PEAK,-2.4049,1.0000,-2,0,0,1.0000,49.64,-4312.80,150.87,141.63,90.00,169.00,58.00,48.00,0.0000,4481.99,0,0,0.0000,NOT_RUN,0,24,1029,0,2,100,3,0,0,0,0
377,0,1,0,NEGATIVE_PEAK,-2.4423,1.0000,-2,0,0,1.0000,49.64,-4312.80,150.87,141.63,90.00,170.00,58.00,48.00,0.0000,4482.99,0,0,0.0000,NOT_RUN,0,22,1089,0,2,100,3,0,0,0,0
378,0,1,0,NEGATIVE_PEAK,-2.5162,1.0000,-2,0,0,1.0000,49.64,-4312.80,150.87,141.63,89.50,169.00,57.00,48.00,0.0000,4481.98,0,0,0.0000,NOT_RUN,0,20,1077,0,2,100,2,0,0,0,0
379,0,1,0,NEGATIVE_PEAK,-2.5520,1.0000,-2,0,0,1.0000,49.64,-4312.80,150.87,141.63,91.00,170.00,58.00,44.00,0.0000,4483.00,0,0,0.0000,NOT_RUN,0,18,1020,0,2,100,2,0,0,0,0
380,0,1,0,NEGATIVE_PEAK,-2.5282,1.0000,-2,0,0,1.0000,49.64,-4312.80,150.87,141.63,90.50,168.00,57.00,44.00,0.0000,4480.99,0,0,0.0000,NOT_RUN,0,20,1033,0,2,100,3,0,0,0,0
381,0,1,0,NEGATIVE_PEAK,-2.5115,1.0000,-2,0,0,1.0000,49.64,-4312.80,150.87,141.63,90.00,164.50,58.00,47.00,0.0000,4477.49,0,0,0.0000,NOT_RUN,0,18,1064,0,2,100,3,0,0,0,0
382,0,1,0,NEGATIVE_PEAK,-2.5059,1.0000,-2,0,0,1.0000,49.64,-4312.80,150.87,141.63,91.00,163.50,60.00,45.00,0.0000,4476.50,0,0,0.0000,NOT_RUN,0,18,1271,0,2,100,3,0,0,0,0
383,0,1,0,NEGATIVE_PEAK,-2.5026,1.0000,-2,0,0,1.0000,49.64,-4312.80,150.87,141.63,92.00,160.00,58.00,48.00,0.0000,4473.01,0,0,0.0000,NOT_RUN,0,21,1284,0,2,100,2,0,0,0,0
384,0,1,0,NEGATIVE_PEAK,-2.5602,1.0000,-2,0,0,1.0000,49.64,-4312.80,150.87,141.63,92.50,157.00,61.00,50.00,0.0000,4470.01,0,0,0.0000,NOT_RUN,0,20,1081,0,2,100,2,0,0,0,0
385,0,1,0,NEGATIVE_PEAK,-2.5896,1.0000,-2,0,0,1.0000,49.64,-4312.80,150.87,141.63,94.50,155.50,59.00,47.00,0.0000,4468.53,0,0,0.0000,NOT_RUN,0,21,1659,0,2,100,3,0,0,0,0
386,0,1,0,NEGATIVE_PEAK,-2.5825,1.0000,-2,0,0,1.0000,49.64,-4312.80,150.87,141.63,94.00,155.00,58.00,46.00,0.0000,4468.02,0,0,0.0000,NOT_RUN,0,20,1427,0,2,100,3,0,0,0,0
387,0,1,0,NEGATIVE_PEAK,-2.5318,1.0000,-2,0,0,1.0000,49.64,-4312.80,150.87,141.63,95.00,156.00,58.00,44.00,0.0000,4469.03,0,0,0.0000,NOT_RUN,0,19,1420,0,2,100,3,0,0,0,0
388,0,1,0,NEGATIVE_PEAK,-2.5360,1.0000,-2,0,0,1.0000,49.64,-4312.80,150.87,141.63,95.50,157.50,59.00,39.00,0.0000,4470.54,0,0,0.0000,NOT_RUN,0,19,1161,0,2,100,3,0,0,0,0
389,0,1,0,NEGATIVE_PEAK,-2.5760,1.0000,-2,0,0,1.0000,49.64,-4312.80,150.87,141.63,96.00,157.50,60.00,37.00,0.0000,4470.55,0,0,0.0000,NOT_RUN,0,19,1054,0,2,100,3,0,0,0,0
390,0,1,0,NEGATIVE_PEAK,-2.6042,1.0000,-2,0,0,1.0000,49.64,-4312.80,150.87,141.63,96.00,157.50,60.00,37.00,0.0000,4470.55,0,0,0.0000,NOT_RUN,0,18,1203,0,2,100,3,0,0,0,0
391,0,1,0,NEGATIVE_PEAK,-2.6054,1.0000,-2,0,0,1.0000,49.64,-4312.80,150.87,141.63,97.00,157.50,62.00,37.00,0.0000,4470.56,0,0,0.0000,NOT_RUN,0,22,1479,0,2,100,3,0,0,0,0
392,0,1,0,NEGATIVE_PEAK,-2.5990,1.0000,-2,0,0,1.0000,49.64,-4312.80,150.87,141.63,98.00,157.50,60.00,39.00,0.0000,4470.57,0,0,0.0000,NOT_RUN,0,21,1845,0,2,100,3,0,0,0,0
393,0,1,0,NEGATIVE_PEAK,-2.5430,1.0000,-2,0,0,1.0000,49.64,-4312.80,150.87,141.63,99.00,156.00,62.00,40.00,0.0000,4469.08,0,0,0.0000,NOT_RUN,0,20,1574,0,2,100,3,0,0,0,0
394,0,1,0,NEGATIVE_PEAK,-4.3046,1.0000,-3,-2,-30,0.6667,49.64,-4312.80,150.87,141.63,99.50,154.50,61.00,43.00,0.0000,4467.58,0,0,0.0000,NOT_RUN,0,20,2444,0,2,100,3,0,0,0,0
395,0,1,0,NEGATIVE_PEAK,-4.3516,1.0000,-3,-3,-30,0.6667,49.64,-4312.80,150.87,141.63,99.50,153.00,61.00,46.00,0.0000,4466.08,0,0,0.0000,NOT_RUN,0,21,2805,0,2,100,3,0,0,0,0
396,0,1,0,NEGATIVE_PEAK,-2.6011,1.0000,-2,0,0,1.0000,49.64,-4312.80,150.87,141.63,98.50,152.00,63.00,48.00,0.0000,4465.07,0,0,0.0000,NOT_RUN,0,20,3513,0,2,100,3,0,0,0,0
397,0,1,0,NEGATIVE_PEAK,-2.6353,1.0000,-2,0,0,1.0000,49.64,-4312.80,150.87,141.63,98.00,151.50,64.00,51.00,0.0000,4464.57,0,0,0.0000,NOT_RUN,0,22,3326,0,2,100,3,0,0,0,0
398,0,1,0,NEGATIVE_PEAK,-2.6477,1.0000,-2,0,0,1.0000,49.64,-4312.80,150.87,141.63,98.50,151.00,65.00,52.00,0.0000,4464.07,0,0,0.0000,NOT_RUN,0,24,3679,0,2,100,3,0,0,0,0
399,0,1,0,NEGATIVE_PEAK,-2.7033,1.0000,-2,0,0,1.0000,49.64,-4312.80,150.87,141.63,99.00,151.00,66.00,50.00,0.0000,4464.08,0,0,0.0000,NOT_RUN,0,23,3963,0,2,100,2,0,0,0,0
400,0,1,0,NEGATIVE_PEAK,-2.6623,1.0000,-2,0,0,1.0000,49.64,-4312.80,150.87,141.63,97.00,151.00,68.00,48.00,0.0000,4464.06,0,0,0.0000,NOT_RUN,0,21,4863,0,2,100,3,0,0,0,0
401,0,1,0,NEGATIVE_PEAK,-2.6671,1.0000,-2,0,0,1.0000,49.64,-4312.80,150.87,141.63,97.00,151.00,70.00,48.00,0.0000,4464.06,0,0,0.0000,NOT_RUN,0,21,4320,0,2,100,3,0,0,0,0
402,0,1,0,NEGATIVE_PEAK,-2.7017,1.0000,-2,0,0,1.0000,49.64,-4312.80,150.87,141.63,96.00,152.00,72.00,46.00,0.0000,4465.05,0,0,0.0000,NOT_RUN,0,20,4297,0,2,100,3,0,0,0,0
403,0,1,0,NEGATIVE_PEAK,-2.7199,1.0000,-2,0,0,1.0000,49.64,-4312.80,150.87,141.63,96.50,152.00,73.00,44.00,0.0000,4465.05,0,0,0.0000,NOT_RUN,0,21,3674,0,2,100,3,0,0,0,0
404,0,1,0,NEGATIVE_PEAK,-2.7457,1.0000,-2,0,0,1.0000,49.64,-4312.80,150.87,141.63,96.00,153.50,74.00,43.00,0.0000,4466.55,0,0,0.0000,NOT_RUN,0,21,3665,0,2,100,3,0,0,0,0
405,0,1,0,NEGATIVE_PEAK,-2.7822,1.0000,-2,0,0,1.0000,49.64,-4312.80,150.87,141.63,97.00,154.50,74.00,41.00,0.0000,4467.56,0,0,0.0000,NOT_RUN,0,21,3658,0,2,100,3,0,0,0,0
406,0,1,0,NEGATIVE_PEAK,-2.8458,1.0000,-2,0,0,1.0000,49.64,-4312.80,150.87,141.63,97.50,154.50,75.00,43.00,0.0000,4467.56,0,0,0.0000,NOT_RUN,0,21,2448,0,2,100,2,0,0,0,0
407,0,1,0,NEGATIVE_PEAK,-2.8375,1.0000,-2,0,0,1.0000,49.64,-4312.80,150.87,141.63,97.50,154.50,75.00,43.00,0.0000,4467.56,0,0,0.0000,NOT_RUN,0,21,2345,0,2,100,2,0,0,0,0
408,0,1,0,NEGATIVE_PEAK,-2.8104,1.0000,-2,0,0,1.0000,49.64,-4312.80,150.87,141.63,100.50,155.00,71.00,42.00,0.0000,4468.09,0,0,0.0000,NOT_RUN,0,21,3225,0,2,100,2,0,0,0,0
409,0,1,0,NEGATIVE_PEAK,-2.8214,1.0000,-2,0,0,1.0000,49.64,-4312.80,150.87,141.63,102.50,155.50,65.00,43.00,0.0000,4468.62,0,0,0.0000,NOT_RUN,0,21,3551,0,2,100,2,0,0,0,0
410,0,1,0,NEGATIVE_PEAK,-2.8162,1.0000,-2,0,0,1.0000,49.64,-4312.80,150.87,141.63,104.00,155.50,62.00,43.00,0.0000,4468.64,0,0,0.0000,NOT_RUN,0,20,3543,0,2,100,2,0,0,0,0
411,0,1,0,NEGATIVE_PEAK,-2.8599,1.0000,-2,0,0,1.0000,49.64,-4312.80,150.87,141.63,104.00,156.50,64.00,41.00,0.0000,4469.64,0,0,0.0000,NOT_RUN,0,20,3234,0,2,100,3,0,0,0,0
412,0,1,0,NEGATIVE_PEAK,-2.8432,1.0000,-2,0,0,1.0000,49.64,-4312.80,150.87,141.63,103.50,157.00,63.00,40.00,0.0000,4470.13,0,0,0.0000,NOT_RUN,0,20,2850,0,2,100,3,0,0,0,0
413,0,1,0,NEGATIVE_PEAK,-2.8025,1.0000,-2,0,0,1.0000,49.64,-4312.80,150.87,141.63,103.00,157.50,64.00,41.00,0.0000,4470.62,0,0,0.0000,NOT_RUN,0,21,3242,0,2,100,2,0,0,0,0
414,0,1,0,NEGATIVE_PEAK,-2.7375,1.0000,-2,0,0,1.0000,49.64,-4312.80,150.87,141.63,102.00,158.00,66.00,42.00,0.0000,4471.11,0,0,0.0000,NOT_RUN,0,21,3582,0,2,100,3,0,0,0,0
415,0,1,0,NEGATIVE_PEAK,-2.7442,1.0000,-2,0,0,1.0000,49.64,-4312.80,150.87,141.63,100.50,156.50,65.00,43.00,0.0000,4469.59,0,0,0.0000,NOT_RUN,0,22,4224,0,2,100,2,0,0,0,0
416,0,1,0,NEGATIVE_PEAK,-2.6725,1.0000,-2,0,0,1.0000,49.64,-4312.80,150.87,141.63,100.00,156.00,66.00,42.00,0.0000,4469.09,0,0,0.0000,NOT_RUN,0,22,4542,0,2,100,3,0,0,0,0
417,0,1,0,NEGATIVE_PEAK,-2.6813,1.0000,-2,0,0,1.0000,49.64,-4312.80,150.87,141.63,99.50,157.50,65.00,43.00,0.0000,4470.58,0,0,0.0000,NOT_RUN,0,22,4889,0,2,100,3,0,0,0,0
418,0,1,0,NEGATIVE_PEAK,-2.5464,1.0000,-2,0,0,1.0000,49.64,-4312.80,150.87,141.63,100.00,159.00,66.00,50.00,0.0000,4472.09,0,0,0.0000,NOT_RUN,0,23,1898,0,2,100,3,0,0,0,0
419,0,1,0,NEGATIVE_PEAK,-4.3128,1.5000,-3,-2,-30,0.6667,49.64,-4312.80,150.87,141.63,99.00,159.00,68.00,50.00,0.0000,4472.08,0,0,0.0000,NOT_RUN,0,22,1865,0,2,100,3,0,0,0,0
420,0,1,0,NEGATIVE_PEAK,-4.3213,1.5000,-3,-3,-30,0.6667,49.64,-4312.80,150.87,141.63,98.00,159.50,70.00,51.00,0.0000,4472.57,0,0,0.0000,NOT_RUN,0,23,3051,0,2,100,3,0,0,0,0
421,0,1,0,NEGATIVE_PEAK,-4.3482,1.5000,-3,-3,-30,0.6667,49.64,-4312.80,150.87,141.63,98.00,159.50,70.00,51.00,0.0000,4472.57,0,0,0.0000,NOT_RUN,0,23,2852,0,2,100,3,0,0,0,0
422,0,1,0,NEGATIVE_PEAK,-4.2546,1.0000,-3,-5,-30,0.6667,49.64,-4312.80,150.87,141.63,97.50,160.50,71.00,51.00,0.0000,4473.56,0,0,0.0000,NOT_RUN,0,24,2364,0,2,100,3,0,0,0,0
423,0,1,0,NEGATIVE_PEAK,-4.2297,1.0000,-3,-5,-31,0.6667,49.64,-4312.80,150.87,141.63,98.00,158.00,72.00,48.00,0.0000,4471.07,0,0,0.0000,NOT_RUN,0,24,1950,0,2,100,3,0,0,0,0
424,0,1,0,NEGATIVE_PEAK,-4.2331,1.0000,-3,-5,-30,0.6667,49.64,-4312.80,150.87,141.63,96.50,158.00,75.00,48.00,0.0000,4471.05,0,0,0.0000,NOT_RUN,0,25,1582,0,2,100,3,0,0,0,0
425,0,1,0,NEGATIVE_PEAK,-4.2607,1.0000,-3,-5,-30,0.6667,49.64,-4312.80,150.87,141.63,95.50,159.50,77.00,49.00,0.0000,4472.54,0,0,0.0000,NOT_RUN,0,25,1395,0,2,100,3,0,0,0,0
426,0,1,0,NEGATIVE_PEAK,-4.2556,1.0000,-3,-4,-30,0.6667,49.64,-4312.80,150.87,141.63,95.00,158.50,78.00,47.00,0.0000,4471.53,0,0,0.0000,NOT_RUN,0,25,1115,0,2,100,3,0,0,0,0
427,0,1,0,NEGATIVE_PEAK,-4.2365,1.0000,-3,-5,-30,0.6667,49.64,-4312.80,150.87,141.63,94.00,158.50,82.00,45.00,0.0000,4471.52,0,0,0.0000,NOT_RUN,0,26,1351,0,2,100,3,0,0,0,0
428,0,1,0,NEGATIVE_PEAK,-4.2942,1.0000,-3,-5,-30,0.6667,49.64,-4312.80,150.87,141.63,94.50,156.50,83.00,45.00,0.0000,4469.53,0,0,0.0000,NOT_RUN,0,28,1183,0,2,100,3,0,0,0,0
429,0,1,0,NEGATIVE_PEAK,-4.2740,1.5000,-3,-3,-30,0.6667,49.64,-4312.80,150.87,141.63,94.00,156.50,86.00,43.00,0.0000,4469.52,0,0,0.0000,NOT_RUN,0,30,1439,0,2,100,3,0,0,0,0
430,0,1,0,NEGATIVE_PEAK,-2.5394,1.0000,-2,0,0,1.0000,49.64,-4312.80,150.87,141.63,94.50,155.50,85.00,41.00,0.0000,4468.53,0,0,0.0000,NOT_RUN,0,29,2157,0,2,100,3,0,0,0,0
431,0,1,0,NEGATIVE_PEAK,-2.6253,1.0000,-2,0,0,1.0000,49.64,-4312.80,150.87,141.63,95.00,154.50,84.00,41.00,0.0000,4467.53,0,0,0.0000,NOT_RUN,0,26,2409,0,2,100,3,0,0,0,0
432,0,1,0,NEGATIVE_PEAK,-2.8332,1.0000,-2,0,-2,0.5000,49.64,-4312.80,150.87,141.63,95.00,155.00,84.00,42.00,0.0000,4468.03,0,0,0.0000,NOT_RUN,0,20,1886,0,2,100,2,0,0,0,0
433,0,1,0,NEGATIVE_PEAK,-2.7362,1.0000,-2,0,0,1.0000,49.64,-4312.80,150.87,141.63,95.00,154.00,84.00,44.00,0.0000,4467.03,0,0,0.0000,NOT_RUN,0,23,2124,0,2,100,2,0,0,0,0
434,0,1,0,NEGATIVE_PEAK,-2.6984,1.0000,-2,0,0,1.0000,49.64,-4312.80,150.87,141.63,94.50,154.00,87.00,46.00,0.0000,4467.03,0,0,0.0000,NOT_RUN,0,25,2574,0,2,100,2,0,0,0,0
435,0,1,0,NEGATIVE_PEAK,-2.6844,1.0000,-2,0,-2,0.5000,49.64,-4312.80,150.87,141.63,95.00,153.50,88.00,47.00,0.0000,4466.54,0,0,0.0000,NOT_RUN,0,25,2395,0,2,100,2,0,0,0,0
436,0,1,0,NEGATIVE_PEAK,-2.5782,1.0000,-2,0,0,1.0000,49.64,-4312.80,150.87,141.63,95.50,153.50,87.00,47.00,0.0000,4466.54,0,0,0.0000,NOT_RUN,0,28,2621,0,2,100,2,0,0,0,0
437,0,1,0,NEGATIVE_PEAK,-4.3047,1.5000,-3,-9,-2,0.6667,49.64,-4312.80,150.87,141.63,97.00,153.50,86.00,47.00,0.0000,4466.56,0,0,0.0000,NOT_RUN,0,27,2790,0,2,100,3,0,0,0,0
438,0,1,0,NEGATIVE_PEAK,-2.5599,1.0000,-2,0,0,1.0000,49.64,-4312.80,150.87,141.63,97.00,153.00,86.00,46.00,0.0000,4466.06,0,0,0.0000,NOT_RUN,0,25,2894,0,2,100,3,0,0,0,0
439,0,1,0,NEGATIVE_PEAK,-2.5518,1.0000,-2,0,0,1.0000,49.64,-4312.80,150.87,141.63,97.50,154.50,85.00,47.00,0.0000,4467.56,0,0,0.0000,NOT_RUN,0,28,2528,0,2,100,3,0,0,0,0
440,0,1,0,NEGATIVE_PEAK,-2.5587,1.0000,-2,0,0,1.0000,49.64,-4312.80,150.87,141.63,95.50,154.00,87.00,48.00,0.0000,4467.04,0,0,0.0000,NOT_RUN,0,27,2441,0,2,100,3,0,0,0,0
441,0,1,0,NEGATIVE_PEAK,-2.5495,1.0000,-2,0,0,1.0000,49.64,-4312.80,150.87,141.63,96.00,154.50,84.00,47.00,0.0000,4467.55,0,0,0.0000,NOT_RUN,0,28,2257,0,2,100,3,0,0,0,0
442,0,1,0,NEGATIVE_PEAK,-2.6763,1.0000,-2,0,0,1.0000,49.64,-4312.80,150.87,141.63,96.00,155.50,84.00,47.00,0.0000,4468.55,0,0,0.0000,NOT_RUN,0,27,1648,0,2,100,2,0,0,0,0
443,0,1,0,NEGATIVE_PEAK,-2.6446,1.0000,-2,0,0,1.0000,49.64,-4312.80,150.87,141.63,95.00,155.50,86.00,49.00,0.0000,4468.53,0,0,0.0000,NOT_RUN,0,22,1724,0,2,100,2,0,0,0,0
444,0,1,0,NEGATIVE_PEAK,-2.6737,1.0000,-2,0,0,1.0000,49.64,-4312.80,150.87,141.63,95.00,157.00,86.00,48.00,0.0000,4470.03,0,0,0.0000,NOT_RUN,0,21,1605,0,2,100,3,0,0,0,0
445,0,1,0,NEGATIVE_PEAK,-4.4090,1.0000,-3,-3,-30,0.6667,49.64,-4312.80,150.87,141.63,95.00,157.50,84.00,49.00,0.0000,4470.53,0,0,0.0000,NOT_RUN,0,25,1794,0,2,100,3,0,0,0,0
446,0,1,0,NEGATIVE_PEAK,-4.3961,1.5000,-3,-1,-30,0.6667,49.64,-4312.80,150.87,141.63,95.50,157.00,83.00,48.00,0.0000,4470.04,0,0,0.0000,NOT_RUN,0,26,2136,0,2,100,3,0,0,0,0
447,0,1,0,NEGATIVE_PEAK,-4.4565,1.5000,-3,-2,-30,0.6667,49.64,-4312.80,150.87,141.63,96.00,158.50,84.00,51.00,0.0000,4471.55,0,0,0.0000,NOT_RUN,0,25,2070,0,2,100,3,0,0,0,0
448,0,1,0,NEGATIVE_PEAK,-4.3587,1.5000,-3,-3,-30,0.6667,49.64,-4312.80,150.87,141.63,96.50,158.50,81.00,53.00,0.0000,4471.55,0,0,0.0000,NOT_RUN,0,25,1482,0,2,100,3,0,0,0,0
449,0,1,0,NEGATIVE_PEAK,-4.3668,1.0000,-3,-3,-30,0.6667,49.64,-4312.80,150.87,141.63,96.00,158.00,82.00,58.00,0.0000,4471.05,0,0,0.0000,NOT_RUN,0,26,1345,0,2,100,3,0,0,0,0
450,0,1,0,NEGATIVE_PEAK,-4.3395,1.0000,-3,-5,-30,0.6667,49.64,-4312.80,150.87,141.63,97.00,158.00,78.00,60.00,0.0000,4471.06,0,0,0.0000,NOT_RUN,0,26,1360,0,2,100,3,0,0,0,0
451,0,1,0,NEGATIVE_PEAK,-4.3852,1.0000,-3,-5,-30,0.6667,49.64,-4312.80,150.87,141.63,99.00,158.00,76.00,62.00,0.0000,4471.08,0,0,0.0000,NOT_RUN,0,25,1874,0,2,100,3,0,0,0,0
452,0,1,0,NEGATIVE_PEAK,-4.3512,1.0000,-3,-5,-30,0.6667,49.64,-4312.80,150.87,141.63,99.00,157.50,74.00,63.00,0.0000,4470.58,0,0,0.0000,NOT_RUN,0,23,1425,0,2,100,3,0,0,0,0
453,0,1,0,NEGATIVE_PEAK,-4.4356,1.5000,-3,-3,-30,0.6667,49.64,-4312.80,150.87,141.63,98.50,158.50,73.00,65.00,0.0000,4471.57,0,0,0.0000,NOT_RUN,0,24,1617,0,2,100,3,0,0,0,0
454,0,1,0,NEGATIVE_PEAK,-4.4476,1.5000,-3,-3,-30,0.6667,49.64,-4312.80,150.87,141.63,98.50,158.00,75.00,68.00,0.0000,4471.07,0,0,0.0000,NOT_RUN,0,24,1850,0,2,100,3,0,0,0,0
455,0,1,0,NEGATIVE_PEAK,-4.3396,1.0000,-3,-5,-30,0.6667,49.64,-4312.80,150.87,141.63,99.00,159.00,74.00,66.00,0.0000,4472.08,0,0,0.0000,NOT_RUN,0,26,1523,0,2,100,3,0,0,0,0
456,0,1,0,NEGATIVE_PEAK,-4.3491,1.0000,-3,-5,-30,0.6667,49.64,-4312.80,150.87,141.63,99.00,158.00,74.00,64.00,0.0000,4471.08,0,0,0.0000,NOT_RUN,0,26,1820,0,2,100,3,0,0,0,0
457,0,1,0,NEGATIVE_PEAK,-4.3986,1.0000,-3,-5,-31,0.6667,49.64,-4312.80,150.87,141.63,99.50,156.50,75.00,63.00,0.0000,4469.58,0,0,0.0000,NOT_RUN,0,25,1906,0,2,100,3,0,0,0,0
458,0,1,0,NEGATIVE_PEAK,-4.4126,1.5000,-3,-3,-30,0.6667,49.64,-4312.80,150.87,141.63,100.00,157.00,74.00,60.00,0.0000,4470.09,0,0,0.0000,NOT_RUN,0,25,1870,0,2,100,3,0,0,0,0
459,0,1,0,NEGATIVE_PEAK,-4.4549,1.5000,-3,-3,-30,0.6667,49.64,-4312.80,150.87,141.63,100.50,157.00,75.00,56.00,0.0000,4470.09,0,0,0.0000,NOT_RUN,0,24,2121,0,2,100,3,0,0,0,0
460,0,1,0,NEGATIVE_PEAK,-2.6397,1.0000,-2,0,0,1.0000,49.64,-4312.80,150.87,141.63,101.00,156.50,74.00,51.00,0.0000,4469.60,0,0,0.0000,NOT_RUN,0,25,2287,0,2,100,3,0,0,0,0
461,0,1,0,NEGATIVE_PEAK,-2.6352,1.0000,-2,0,0,1.0000,49.64,-4312.80,150.87,141.63,101.00,156.00,74.00,50.00,0.0000,4469.10,0,0,0.0000,NOT_RUN,0,24,2316,0,2,100,3,0,0,0,0
462,0,1,0,NEGATIVE_PEAK,-4.3963,1.0000,-3,-3,-30,0.6667,49.64,-4312.80,150.87,141.63,101.00,155.00,74.00,46.00,0.0000,4468.10,0,0,0.0000,NOT_RUN,0,24,1702,0,2,100,3,0,0,0,0
463,0,1,0,NEGATIVE_PEAK,-4.4116,1.5000,-3,-3,-30,0.6667,49.64,-4312.80,150.87,141.63,102.00,155.00,74.00,40.00,0.0000,4468.11,0,0,0.0000,NOT_RUN,0,22,1870,0,2,100,3,0,0,0,0
464,0,1,0,NEGATIVE_PEAK,-2.6501,1.0000,-2,0,0,1.0000,49.64,-4312.80,150.87,141.63,101.50,154.50,73.00,39.00,0.0000,4467.61,0,0,0.0000,NOT_RUN,0,22,1880,0,2,100,2,0,0,0,0
465,0,1,0,NEGATIVE_PEAK,-4.4708,1.5000,-3,-3,-31,0.6667,49.64,-4312.80,150.87,141.63,102.00,153.50,74.00,35.00,0.0000,4466.61,0,0,0.0000,NOT_RUN,0,22,1637,0,2,100,3,0,0,0,0
466,0,1,0,NEGATIVE_PEAK,-2.6146,1.0000,-2,0,0,1.0000,49.64,-4312.80,150.87,141.63,102.00,154.50,74.00,33.00,0.0000,4467.61,0,0,0.0000,NOT_RUN,0,22,1701,0,2,100,3,0,0,0,0
0,0,0,0,ZERO_RESPONSE,0.0000,0.0000,0,0,0,0.0000,107.00,196.50,76.00,91.00,107.00,196.50,76.00,91.00,1.0000,0.00,1,0,0.0000,NOT_RUN,0,0,3479,21719,3,150,0,0,0,0,0
1,0,1,1,ACCEPT,9.9645,1.4737,364,2,-1,0.8654,109.38,195.08,76.00,91.00,111.00,196.00,56.00,106.00,0.6570,1.87,1,0,3.3808,ACCEPT,0,1696,3416,22322,3,150,364,0,0,0,0
2,0,1,0,NEGATIVE_PEAK,-4.9070,1.1617,-194,16,-18,0.4433,109.38,195.08,76.00,91.00,122.50,191.50,53.00,105.00,0.5989,13.60,0,0,0.0000,NOT_RUN,0,1954,3270,0,3,150,194,0,0,0,0
3,0,1,0,LOW_PSR,4.9541,1.2405,196,2,13,0.2704,109.38,195.08,76.00,91.00,132.00,193.50,66.00,109.00,0.4535,22.68,0,0,0.0000,NOT_RUN,0,1749,3234,0,3,150,196,0,0,0,0
4,0,1,1,ACCEPT,5.3360,1.1354,218,3,10,0.2844,112.94,209.30,76.00,91.00,137.00,183.00,82.00,82.00,0.3201,35.64,1,0,2.6225,ACCEPT,0,1885,3377,27464,3,150,218,0,0,0,0
5,0,1,1,ACCEPT,9.3479,1.5294,468,1,-6,0.5897,114.12,200.77,76.00,91.00,133.50,181.00,89.00,72.00,0.4134,27.68,1,0,3.2347,ACCEPT,0,2619,3683,24089,3,150,468,0,0,0,0
6,0,1,1,ACCEPT,10.3002,1.8866,466,-2,0,0.9313,111.75,200.77,76.00,91.00,132.00,182.50,92.00,65.00,0.4190,27.27,1,0,2.3747,ACCEPT,0,2052,3749,22112,3,150,466,0,0,0,0
7,0,1,1,ACCEPT,7.5864,1.1801,308,-2,3,0.8344,109.38,205.03,76.00,91.00,131.00,184.50,94.00,47.00,0.3565,29.82,1,0,2.6894,ACCEPT,0,1730,3649,22220,3,150,308,0,0,0,0
8,0,1,1,ACCEPT,8.6278,1.5202,339,-1,-1,0.9322,108.19,203.61,73.08,87.50,126.00,181.50,104.00,45.00,0.3926,28.39,1,-1,2.3949,ACCEPT,0,1836,3562,28193,3,150,339,0,0,0,0
9,0,1,1,ACCEPT,9.4484,1.1564,488,-1,-1,0.9570,107.05,202.24,70.27,84.13,124.50,178.50,107.00,49.00,0.3694,29.47,1,-1,2.9619,ACCEPT,0,2422,3421,32767,3,150,488,0,0,0,0
10,0,1,1,ACCEPT,8.4450,1.6030,529,-3,-6,0.2042,103.74,194.37,70.27,84.13,120.00,172.00,116.00,56.00,0.3701,27.65,1,0,2.7387,ACCEPT,0,2780,3313,26427,3,150,529,0,0,0,0
11,0,1,1,ACCEPT,9.1347,1.3168,532,-3,-12,0.4211,100.44,178.62,67.56,80.90,116.00,165.50,106.00,69.00,0.4856,20.35,1,-1,2.0211,ACCEPT,0,3099,3062,19935,3,150,532,0,0,0,0
12,0,1,1,ACCEPT,10.0294,1.2143,476,-1,-5,0.6597,99.38,172.29,67.56,80.90,114.00,163.00,96.00,74.00,0.5728,17.32,1,-1,1.7951,LOW_CONF,0,2578,2525,21075,3,150,476,0,0,0,0
13,0,1,1,ACCEPT,9.9765,1.2296,498,-2,-15,0.3755,97.27,153.30,67.56,80.90,102.00,149.00,78.00,92.00,0.7617,6.39,1,0,2.2386,ACCEPT,0,2588,2306,21157,3,150,498,0,0,0,0
14,0,1,1,ACCEPT,8.1538,1.2355,446,-1,-10,0.5224,96.22,140.65,67.56,80.90,85.50,139.00,65.00,100.00,0.6017,10.84,1,0,1.8194,LOW_CONF,0,2238,2758,20740,3,150,446,0,0,0,0
15,0,1,1,ACCEPT,5.8995,1.0653,424,0,-9,0.7382,96.22,129.26,67.56,80.90,75.50,132.00,53.00,106.00,0.4060,20.90,1,0,2.7156,ACCEPT,0,2930,2905,17842,3,150,424,0,0,0,0
16,0,1,1,ACCEPT,5.8594,1.0165,432,-5,-26,0.6597,90.95,96.35,64.97,77.79,73.50,134.50,51.00,115.00,0.2759,41.95,1,-1,2.8961,ACCEPT,0,4332,2752,12790,3,150,432,0,0,0,0
17,0,1,1,ACCEPT,6.8799,1.0464,361,-1,-21,0.7867,89.93,70.76,62.47,74.80,65.00,146.00,70.00,98.00,0.0416,79.26,1,-1,2.7571,ACCEPT,0,3700,3392,9428,3,150,361,0,0,0,0
18,0,1,1,ACCEPT,7.1402,1.0657,211,-1,-4,0.9526,88.95,66.07,60.06,71.92,62.00,146.50,76.00,93.00,0.0074,84.83,1,-1,2.9244,ACCEPT,0,2029,3863,8810,3,150,211,0,0,0,0
19,0,1,1,ACCEPT,6.9466,1.1176,190,1,6,0.8263,89.89,72.82,57.75,69.15,61.50,155.50,83.00,65.00,0.0000,87.42,1,-1,2.8309,ACCEPT,0,1772,3871,9779,3,150,190,0,0,0,0
20,0,1,1,ACCEPT,7.7435,1.2324,228,0,4,0.8640,89.89,77.13,55.53,66.49,59.00,162.00,94.00,48.00,0.0000,90.31,1,-1,2.8838,ACCEPT,0,1945,3884,9585,3,150,228,0,0,0,0
21,0,1,1,ACCEPT,8.3613,1.2124,234,0,2,0.9530,89.89,79.21,53.40,63.94,60.00,166.50,96.00,37.00,0.0000,92.26,1,-1,3.0670,ACCEPT,0,1924,3867,8685,3,150,234,0,0,0,0
22,0,1,1,ACCEPT,8.9429,1.3064,226,-1,4,0.7965,89.05,83.21,51.34,61.48,61.00,170.00,94.00,26.00,0.0000,91.21,1,-1,2.9186,ACCEPT,0,1752,3864,9301,3,150,226,0,0,0,0
23,0,1,1,ACCEPT,9.7229,1.2871,260,0,3,0.9154,89.05,86.09,49.37,59.11,65.50,174.50,81.00,33.00,0.0000,91.49,1,-1,3.1332,ACCEPT,0,1861,3849,9359,3,150,260,0,0,0,0
24,0,1,1,ACCEPT,10.1035,1.3196,256,-2,-1,0.9258,87.51,85.17,47.47,56.84,67.50,176.50,73.00,33.00,0.0000,93.49,1,-1,3.0585,ACCEPT,0,1843,3862,7919,3,150,256,0,0,0,0
25,0,1,1,ACCEPT,10.6052,1.3720,225,-3,-1,0.8222,85.28,84.28,45.64,54.65,67.00,181.50,66.00,49.00,0.0000,98.92,1,-1,2.9817,ACCEPT,0,1569,3856,7643,3,150,225,0,0,0,0
26,0,1,1,ACCEPT,10.5110,1.3758,216,-2,-1,0.9213,83.86,83.43,43.89,52.55,70.50,189.00,49.00,56.00,0.0000,106.41,1,-1,3.0658,ACCEPT,0,1527,3781,7274,3,150,216,0,0,0,0
27,0,1,1,ACCEPT,10.4202,1.3057,205,-2,-1,0.9171,82.48,82.61,43.89,52.55,75.50,189.50,39.00,59.00,0.0000,107.12,1,0,3.2134,ACCEPT,0,1476,3781,7172,3,150,205,0,0,0,0
28,0,1,1,ACCEPT,10.5063,1.2937,207,-3,-3,0.7971,80.42,80.15,43.89,52.55,80.50,189.50,21.00,63.00,0.0000,109.35,1,0,3.2229,ACCEPT,0,1474,3819,6941,3,150,207,0,0,0,0
29,0,1,1,ACCEPT,11.2095,1.3919,206,-3,-1,0.7233,78.36,79.33,43.89,52.55,88.50,189.00,33.00,60.00,0.0000,110.14,1,0,3.1823,ACCEPT,0,1362,3874,6659,3,150,206,0,0,0,0
30,0,1,1,ACCEPT,12.0470,1.4658,214,-2,-1,0.8738,76.98,78.51,43.89,52.55,90.50,187.50,43.00,55.00,0.0000,109.83,1,0,3.2098,ACCEPT,0,1302,3858,6785,3,150,214,0,0,0,0
31,0,1,1,ACCEPT,11.6926,1.3907,210,-4,-3,0.6190,74.23,76.05,43.89,52.55,97.50,187.00,69.00,54.00,0.0000,113.37,1,0,3.1470,ACCEPT,0,1313,3967,5559,3,150,210,0,0,0,0
32,0,1,1,ACCEPT,12.8686,1.5597,209,-2,-2,0.8421,72.86,74.41,43.89,52.55,102.00,188.00,84.00,44.00,0.0000,117.27,1,0,3.2125,ACCEPT,0,1167,3817,6319,3,150,209,0,0,0,0
33,0,1,1,ACCEPT,13.4601,1.6594,229,-2,-1,0.8952,71.48,73.59,42.20,50.53,103.00,186.00,88.00,38.00,0.0000,116.75,1,-1,3.1536,ACCEPT,0,1210,3869,6644,3,150,229,0,0,0,0
34,0,1,1,ACCEPT,12.5426,1.4755,211,-2,-4,0.7488,70.17,70.43,42.20,50.53,104.00,181.50,88.00,39.00,0.0000,116.11,1,0,3.2117,ACCEPT,0,1230,3789,5687,3,150,211,0,0,0,0
35,0,1,1,ACCEPT,13.1932,1.4921,188,-3,-3,0.7500,68.20,68.06,42.20,50.53,108.00,183.50,72.00,47.00,0.0000,122.10,1,0,3.2286,ACCEPT,0,1037,3848,5530,3,150,188,0,0,0,0
36,0,1,1,ACCEPT,14.5181,1.7155,199,-1,-2,0.9146,67.55,66.48,42.20,50.53,107.00,183.50,68.00,49.00,0.0000,123.49,1,0,3.2614,ACCEPT,0,973,3744,6727,3,150,199,0,0,0,0
37,0,1,1,ACCEPT,14.0605,1.6094,206,-3,-3,0.6699,65.58,64.12,42.20,50.53,106.00,185.00,66.00,46.00,0.0000,127.46,1,0,3.2092,ACCEPT,0,1058,3864,5538,3,150,206,0,0,0,0
38,0,1,1,ACCEPT,14.9088,1.7830,189,-3,-4,0.6296,63.61,60.96,40.58,48.59,105.50,183.50,67.00,43.00,0.0000,129.50,1,-1,3.1978,ACCEPT,0,897,3790,6089,3,150,189,0,0,0,0
39,0,1,1,ACCEPT,14.8588,1.7411,195,-2,-2,0.8410,62.34,59.45,39.02,46.72,104.00,183.00,66.00,42.00,0.0000,130.39,1,-1,3.2631,ACCEPT,0,948,3764,5774,3,150,195,0,0,0,0
40,0,1,1,ACCEPT,13.9362,1.6538,172,0,-3,0.8198,62.34,57.27,39.02,46.72,102.00,181.00,66.00,40.00,0.0000,129.93,1,0,3.0615,ACCEPT,0,885,3680,5911,3,150,172,0,0,0,0
41,0,1,1,ACCEPT,14.5170,1.6500,165,-3,-3,0.7333,60.52,55.09,39.02,46.72,100.50,179.00,63.00,38.00,0.0000,130.21,1,0,3.2240,ACCEPT,0,826,3867,4987,3,150,165,0,0,0,0
42,0,1,1,ACCEPT,15.5011,1.6771,161,-2,-2,0.8571,59.30,53.63,39.02,46.72,100.00,179.50,64.00,43.00,0.0000,132.28,1,0,3.3065,ACCEPT,0,758,3781,4981,3,150,161,0,0,0,0
43,0,1,1,ACCEPT,16.2210,1.8526,176,-1,-2,0.8864,58.69,52.18,39.02,46.72,98.50,179.00,65.00,44.00,0.0000,132.92,1,0,3.2585,ACCEPT,0,757,3713,5182,3,150,176,0,0,0,0
44,0,1,1,ACCEPT,16.8029,1.7850,191,-1,-1,0.9424,58.08,51.45,39.02,46.72,97.50,180.00,65.00,48.00,0.0000,134.46,1,0,3.2535,ACCEPT,0,808,3759,4914,3,150,191,0,0,0,0
45,0,1,1,ACCEPT,17.4604,2.0000,192,0,0,1.0000,58.08,51.45,39.02,46.72,96.50,183.00,63.00,50.00,0.0000,137.04,1,0,3.2248,ACCEPT,0,766,3713,5231,3,150,192,0,0,0,0
46,0,1,1,ACCEPT,18.0039,1.8962,201,-1,-1,0.9602,57.47,50.73,39.02,46.72,96.00,184.00,64.00,50.00,0.0000,138.73,1,0,3.2990,ACCEPT,0,787,3715,4952,3,150,201,0,0,0,0
47,0,1,1,ACCEPT,19.0465,2.0192,210,1,-1,0.9333,58.08,50.00,39.02,46.72,97.00,185.50,64.00,47.00,0.0000,140.98,1,0,3.1894,ACCEPT,0,745,3641,5245,3,150,210,0,0,0,0
48,0,1,1,ACCEPT,19.0157,2.0816,204,-1,0,0.9755,57.47,50.00,39.02,46.72,97.00,185.00,62.00,46.00,0.0000,140.67,1,0,3.2913,ACCEPT,0,748,3753,4600,3,150,204,0,0,0,0
49,0,1,1,ACCEPT,20.0553,2.0303,201,0,0,1.0000,57.47,50.00,39.02,46.72,96.50,187.00,61.00,40.00,0.0000,142.45,1,0,3.2817,ACCEPT,0,675,3675,4826,3,150,201,0,0,0,0
50,0,1,1,ACCEPT,20.4483,2.2021,207,0,-1,0.9710,57.47,49.27,39.02,46.72,96.50,187.00,61.00,40.00,0.0000,143.15,1,0,3.2629,ACCEPT,0,688,3657,4689,3,150,207,0,0,0,0
51,0,1,1,ACCEPT,20.4828,2.0412,198,-1,0,0.9949,56.86,49.27,39.02,46.72,96.00,188.00,62.00,40.00,0.0000,144.14,1,0,3.2845,ACCEPT,0,650,3661,4567,3,150,198,0,0,0,0
52,0,1,1,ACCEPT,20.5764,2.0989,191,-1,-3,0.8063,56.25,47.09,39.02,46.72,96.00,187.00,62.00,44.00,0.0000,145.44,1,0,3.2027,ACCEPT,0,616,3676,4313,3,150,191,0,0,0,0
53,0,1,1,ACCEPT,21.6483,2.3218,202,1,-3,0.6485,56.86,44.91,39.02,46.72,97.00,185.50,60.00,47.00,0.0000,146.20,1,0,3.2736,ACCEPT,0,593,3550,4727,3,150,202,0,0,0,0
54,0,1,1,ACCEPT,21.7418,2.2418,204,0,-2,0.8725,56.86,43.46,39.02,46.72,97.00,184.50,60.00,45.00,0.0000,146.64,1,0,3.2051,ACCEPT,0,613,3699,4171,3,150,204,0,0,0,0
55,0,1,1,ACCEPT,22.8590,2.2527,205,1,-2,0.7902,57.47,42.01,39.02,46.72,97.00,181.50,60.00,47.00,0.0000,144.99,1,0,3.1786,ACCEPT,0,567,3628,4349,3,150,205,0,0,0,0
56,0,1,1,ACCEPT,22.6899,2.2062,214,2,-3,0.6308,58.69,39.83,39.02,46.72,97.00,183.50,60.00,55.00,0.0000,148.69,1,0,3.2720,ACCEPT,0,566,3510,4575,3,150,214,0,0,0,0
57,0,1,1,ACCEPT,22.9761,2.3256,200,-1,-1,0.9550,58.08,39.10,39.02,46.72,97.00,185.00,60.00,58.00,0.0000,151.00,1,0,3.1713,ACCEPT,0,572,3696,3912,3,150,200,0,0,0,0
58,0,1,1,ACCEPT,24.2930,2.1474,204,1,-1,0.9069,58.69,38.38,39.02,46.72,97.00,185.50,60.00,65.00,0.0000,152.03,1,0,3.2404,ACCEPT,0,513,3555,4474,3,150,204,0,0,0,0
59,0,1,1,ACCEPT,23.9169,2.3000,207,0,-1,0.9855,58.69,37.65,39.02,46.72,96.50,186.00,61.00,66.00,0.0000,153.09,1,-1,3.1711,OUT_OF_RANGE,0,549,3626,4142,3,150,207,0,0,0,0
60,0,1,1,ACCEPT,24.4929,2.3929,201,0,-1,0.9453,58.69,36.92,39.02,46.72,96.00,186.50,60.00,67.00,0.0000,154.16,1,-1,3.1688,OUT_OF_RANGE,0,520,3651,3930,3,150,201,0,0,0,0
61,0,1,1,ACCEPT,25.3273,1.9706,201,1,0,0.9900,59.30,36.92,39.02,46.72,96.00,187.50,62.00,69.00,0.0000,154.99,1,0,3.2835,ACCEPT,0,492,3631,4152,3,150,201,0,0,0,0
62,0,1,1,ACCEPT,25.6671,2.0000,208,1,1,0.9952,59.91,37.65,39.02,46.72,95.50,190.00,63.00,70.00,0.0000,156.45,1,0,3.2439,ACCEPT,0,506,3635,4032,3,150,208,0,0,0,0
63,0,1,1,ACCEPT,26.2715,2.4250,194,-1,-1,0.9433,59.30,36.92,39.02,46.72,94.50,190.50,63.00,71.00,0.0000,157.56,1,0,3.3030,ACCEPT,0,485,3722,3565,3,150,194,0,0,0,0
64,0,1,1,ACCEPT,27.5088,2.0211,192,1,1,0.9479,59.91,37.65,39.02,46.72,92.50,191.00,65.00,68.00,0.0000,156.78,1,0,3.2452,ACCEPT,0,436,3592,3866,3,150,192,0,0,0,0
65,0,1,1,ACCEPT,27.3357,2.2892,190,-1,1,0.9579,59.30,38.38,39.02,46.72,92.00,192.00,68.00,66.00,0.0000,157.07,1,0,3.2737,ACCEPT,0,451,3702,3504,3,150,190,0,0,0,0
66,0,1,1,ACCEPT,28.9950,2.2386,197,1,1,0.9391,59.91,39.10,39.02,46.72,91.00,193.00,70.00,64.00,0.0000,157.01,1,0,3.2630,ACCEPT,0,421,3609,3723,3,150,197,0,0,0,0
67,0,1,1,ACCEPT,28.3521,2.0000,190,-1,0,0.9895,59.30,39.10,39.02,46.72,89.00,192.50,74.00,65.00,0.0000,156.25,1,-1,3.1898,OUT_OF_RANGE,0,435,3648,3489,3,150,190,0,0,0,0
68,0,1,1,ACCEPT,29.6634,2.1398,199,2,1,0.9045,60.52,39.83,39.02,46.72,89.00,194.00,76.00,64.00,0.0000,156.78,1,0,3.2836,ACCEPT,0,406,3516,3835,3,150,199,0,0,0,0
69,0,1,1,ACCEPT,28.5400,2.3816,181,-1,0,0.9613,59.91,39.83,39.02,46.72,88.50,195.00,77.00,64.00,0.0000,157.78,1,0,3.1934,ACCEPT,0,424,3677,3176,3,150,181,0,0,0,0
70,0,1,1,ACCEPT,30.9641,2.2561,185,1,1,0.9351,60.52,40.55,39.02,46.72,88.00,197.00,78.00,60.00,0.0000,158.84,1,0,3.2374,ACCEPT,0,372,3475,3635,3,150,185,0,0,0,0
71,0,1,1,ACCEPT,29.9858,2.3291,184,0,0,1.0000,60.52,40.55,39.02,46.72,88.00,198.00,80.00,60.00,0.0000,159.83,1,0,3.2148,ACCEPT,0,405,3520,3388,3,150,184,0,0,0,0
72,0,1,1,ACCEPT,30.8323,2.2692,177,0,0,1.0000,60.52,40.55,39.02,46.72,88.00,198.50,80.00,57.00,0.0000,160.32,1,-1,3.1896,OUT_OF_RANGE,0,370,3541,3452,3,150,177,0,0,0,0
73,0,1,1,ACCEPT,31.6681,2.2235,189,1,1,0.9630,61.12,41.28,39.02,46.72,89.00,201.00,82.00,56.00,0.0000,162.13,1,0,3.2399,ACCEPT,0,381,3490,3480,3,150,189,0,0,0,0
74,0,1,1,ACCEPT,31.3870,2.2500,198,2,1,0.8586,62.34,42.01,39.02,46.72,90.00,202.00,84.00,52.00,0.0000,162.36,1,0,3.3222,ACCEPT,0,379,3416,3698,3,150,198,0,0,0,0
75,0,1,1,ACCEPT,31.4854,2.1196,195,1,0,0.9436,62.95,42.01,39.02,46.72,91.50,202.50,83.00,49.00,0.0000,163.01,1,0,3.2777,ACCEPT,0,394,3484,3741,3,150,195,0,0,0,0
76,0,1,1,ACCEPT,32.3662,2.3580,191,1,0,0.9581,63.56,42.01,39.02,46.72,92.50,203.00,83.00,46.00,0.0000,163.57,1,0,3.2799,ACCEPT,0,379,3423,3747,3,150,191,0,0,0,0
77,0,1,1,ACCEPT,32.8955,2.2927,188,1,1,0.9415,64.17,42.73,39.02,46.72,94.50,203.00,83.00,42.00,0.0000,163.11,1,0,3.1742,ACCEPT,0,361,3428,3607,3,150,188,0,0,0,0
78,0,1,1,ACCEPT,32.3847,2.4000,192,2,-1,0.8438,65.39,42.01,39.02,46.72,94.50,203.00,85.00,42.00,0.0000,163.60,1,0,3.3025,ACCEPT,0,373,3393,3321,3,150,192,0,0,0,0
79,0,1,1,ACCEPT,34.6395,2.1705,191,1,1,0.9162,66.00,42.73,39.02,46.72,95.50,203.00,83.00,38.00,0.0000,162.96,1,0,3.2875,ACCEPT,0,350,3456,3257,3,150,191,0,0,0,0
80,0,1,1,ACCEPT,33.2652,2.1429,180,1,0,0.9833,66.61,42.73,39.02,46.72,94.50,203.00,83.00,38.00,0.0000,162.67,1,0,3.2783,ACCEPT,0,349,3538,3130,3,150,180,0,0,0,0
81,0,1,1,ACCEPT,33.2030,2.2603,165,-1,1,0.9394,66.00,43.46,39.02,46.72,94.00,203.00,84.00,36.00,0.0000,161.98,1,0,3.2336,ACCEPT,0,339,3592,2795,3,150,165,0,0,0,0
82,0,1,1,ACCEPT,34.9433,2.1410,167,1,1,0.9401,66.61,44.19,39.02,46.72,93.50,202.50,83.00,35.00,0.0000,160.58,1,0,3.2559,ACCEPT,0,305,3527,2911,3,150,167,0,0,0,0
83,0,1,1,ACCEPT,35.2810,2.3088,157,-1,1,0.9045,66.00,44.91,39.02,46.72,93.00,203.00,86.00,34.00,0.0000,160.38,1,0,3.2806,ACCEPT,0,302,3677,2623,3,150,157,0,0,0,0
84,0,1,1,ACCEPT,34.1731,1.9259,156,1,0,0.9936,66.61,44.91,39.02,46.72,92.50,203.00,85.00,34.00,0.0000,160.19,1,0,3.2262,ACCEPT,0,289,3513,2972,3,150,156,0,0,0,0
85,0,1,1,ACCEPT,34.4970,2.4091,159,-1,1,0.9434,66.00,45.64,39.02,46.72,92.50,203.00,87.00,34.00,0.0000,159.58,1,0,3.2819,ACCEPT,0,306,3705,2626,3,150,159,0,0,0,0
86,0,1,1,ACCEPT,36.4490,2.4143,169,1,0,0.9527,66.61,45.64,39.02,46.72,93.50,204.00,85.00,32.00,0.0000,160.63,1,0,3.2916,ACCEPT,0,291,3570,2890,3,150,169,0,0,0,0
87,0,1,1,ACCEPT,35.6794,2.2000,165,0,0,1.0000,66.61,45.64,39.02,46.72,93.50,204.50,87.00,31.00,0.0000,161.12,1,0,3.2975,ACCEPT,0,304,3634,2648,3,150,165,0,0,0,0
88,0,1,1,ACCEPT,36.2880,2.2778,164,0,0,1.0000,66.61,45.64,39.02,46.72,95.00,205.00,86.00,30.00,0.0000,161.87,1,0,3.2848,ACCEPT,0,291,3631,2656,3,150,164,0,0,0,0
89,0,1,1,ACCEPT,37.0559,2.3200,174,1,1,0.9655,67.22,46.37,39.02,46.72,95.00,205.00,84.00,30.00,0.0000,161.05,1,0,3.3411,ACCEPT,0,294,3572,2806,3,150,174,0,0,0,0
90,0,1,1,ACCEPT,37.1834,2.3291,184,1,1,0.9511,67.83,47.09,39.02,46.72,95.50,204.50,85.00,31.00,0.0000,159.82,1,0,3.2690,ACCEPT,0,307,3490,2822,3,150,184,0,0,0,0
91,0,1,1,ACCEPT,35.7419,1.9759,164,-1,-1,0.9817,67.22,46.37,39.02,46.72,95.50,205.00,85.00,32.00,0.0000,161.13,1,0,3.2880,ACCEPT,0,295,3588,2566,3,150,164,0,0,0,0
92,0,1,1,ACCEPT,38.1785,2.1899,173,1,1,0.9249,67.83,47.09,39.02,46.72,96.00,205.00,84.00,32.00,0.0000,160.40,1,0,3.2981,ACCEPT,0,275,3452,3112,3,150,173,0,0,0,0
93,0,1,1,ACCEPT,36.0920,2.0122,165,-1,-1,0.9818,67.22,46.37,39.02,46.72,95.00,205.50,86.00,33.00,0.0000,161.54,1,0,3.2729,ACCEPT,0,294,3521,2838,3,150,165,0,0,0,0
94,0,1,1,ACCEPT,38.7009,2.0000,172,1,1,0.8895,67.83,47.09,39.02,46.72,95.50,205.50,85.00,31.00,0.0000,160.81,1,0,3.3118,ACCEPT,0,266,3469,3569,3,150,172,0,0,0,0
95,0,1,1,ACCEPT,37.9506,2.1625,173,1,0,0.9827,68.44,47.09,39.02,46.72,95.50,206.00,85.00,32.00,0.0000,161.19,1,0,3.3133,ACCEPT,0,290,3480,3357,3,150,173,0,0,0,0
96,0,1,1,ACCEPT,38.9864,2.3380,166,1,0,0.9699,69.05,47.09,39.02,46.72,95.00,206.00,86.00,34.00,0.0000,161.01,1,0,3.1687,ACCEPT,0,270,3472,3430,3,150,166,0,0,0,0
97,0,1,1,ACCEPT,38.1408,2.1549,153,-1,0,0.9869,68.44,47.09,39.02,46.72,96.00,206.50,84.00,31.00,0.0000,161.77,1,0,3.3358,ACCEPT,0,264,3571,2942,3,150,153,0,0,0,0
98,0,1,1,ACCEPT,40.3968,2.4242,160,1,0,0.9500,69.05,47.09,39.02,46.72,96.00,206.00,84.00,32.00,0.0000,161.18,1,0,3.2415,ACCEPT,0,248,3443,3312,3,150,160,0,0,0,0
99,0,1,1,ACCEPT,39.4299,2.0933,157,-1,0,0.9936,68.44,47.09,39.02,46.72,96.00,206.00,84.00,32.00,0.0000,161.28,1,0,3.3326,ACCEPT,0,265,3533,2953,3,150,157,0,0,0,0
100,0,1,1,ACCEPT,41.6083,2.4923,162,1,0,0.9568,69.05,47.09,39.02,46.72,96.50,206.50,85.00,33.00,0.0000,161.75,1,0,3.2400,ACCEPT,0,247,3452,3357,3,150,162,0,0,0,0
101,0,1,1,ACCEPT,37.7001,2.2206,151,-1,0,0.9934,68.44,47.09,39.02,46.72,96.00,206.50,84.00,33.00,0.0000,161.77,1,0,3.3321,ACCEPT,0,260,3538,3003,3,150,151,0,0,0,0
102,0,1,1,ACCEPT,40.6475,2.4839,154,1,0,0.9545,69.05,47.09,39.02,46.72,96.00,206.50,84.00,33.00,0.0000,161.67,1,0,3.2282,ACCEPT,0,235,3472,3431,3,150,154,0,0,0,0
103,0,1,1,ACCEPT,39.8427,2.2090,148,-1,0,0.9865,68.44,47.09,39.02,46.72,95.50,207.00,85.00,34.00,0.0000,162.18,1,0,3.3341,ACCEPT,0,244,3573,3069,3,150,148,0,0,0,0
104,0,1,1,ACCEPT,38.7046,2.2000,143,1,-1,0.9720,69.05,46.37,39.02,46.72,96.50,206.00,83.00,36.00,0.0000,161.98,1,0,3.1475,ACCEPT,0,224,3510,3193,3,150,143,0,0,0,0
105,0,1,1,ACCEPT,39.6083,2.4909,137,-1,0,0.9562,68.44,46.37,39.02,46.72,96.50,205.50,83.00,37.00,0.0000,161.59,1,0,3.3246,ACCEPT,0,225,3628,2877,3,150,137,0,0,0,0
106,0,1,1,ACCEPT,40.2738,2.2903,142,1,-1,0.9366,69.05,45.64,39.02,46.72,98.00,203.00,80.00,38.00,0.0000,160.00,1,0,3.1314,ACCEPT,0,218,3505,3112,3,150,142,0,0,0,0
107,0,1,1,ACCEPT,39.3544,2.4545,135,-1,-2,0.8074,68.44,44.19,39.02,46.72,98.50,201.50,77.00,41.00,0.0000,160.16,1,0,3.3323,ACCEPT,0,226,3584,2812,3,150,135,0,0,0,0
108,0,1,1,ACCEPT,42.6933,2.4821,139,1,0,0.9640,69.05,44.19,39.02,46.72,100.50,201.50,75.00,39.00,0.0000,160.43,1,0,3.1861,ACCEPT,0,208,3490,3200,3,150,139,0,0,0,0
109,0,1,1,ACCEPT,41.4708,2.5472,135,-1,-1,0.9111,68.44,43.46,39.02,46.72,100.50,201.50,75.00,39.00,0.0000,161.26,1,0,3.3342,ACCEPT,0,219,3576,2858,3,150,135,0,0,0,0
110,0,1,1,ACCEPT,40.9559,2.3750,133,1,-1,0.9098,69.05,42.73,39.02,46.72,100.50,198.50,75.00,41.00,0.0000,158.91,1,0,3.1368,ACCEPT,0,200,3506,3320,3,150,133,0,0,0,0
111,0,1,1,ACCEPT,39.5438,2.5714,126,-1,-2,0.8492,68.44,41.28,39.02,46.72,100.00,197.00,74.00,40.00,0.0000,158.89,1,0,3.2804,ACCEPT,0,211,3633,3077,3,150,126,0,0,0,0
112,0,1,1,ACCEPT,40.4379,2.1167,127,1,1,0.9843,69.05,42.01,39.02,46.72,99.50,194.50,75.00,39.00,0.0000,155.50,1,0,3.0911,ACCEPT,0,204,3540,3625,3,150,127,0,0,0,0
113,0,1,1,ACCEPT,38.9935,2.3800,119,-1,-2,0.7731,68.44,40.55,39.02,46.72,100.00,194.00,74.00,38.00,0.0000,156.66,1,0,3.2404,ACCEPT,0,202,3683,3181,3,150,119,0,0,0,0
114,0,1,1,ACCEPT,39.9233,2.0526,117,1,-2,0.8803,69.05,39.10,39.02,46.72,100.00,194.00,76.00,36.00,0.0000,157.96,1,0,3.0867,ACCEPT,0,181,3631,3402,3,150,117,0,0,0,0
115,0,1,1,ACCEPT,40.5632,2.4583,118,-1,0,0.9492,68.44,39.10,39.02,46.72,100.00,195.00,74.00,34.00,0.0000,159.06,1,0,3.2722,ACCEPT,0,188,3712,3270,3,150,118,0,0,0,0
116,0,1,1,ACCEPT,41.3049,2.2857,128,1,-1,0.9219,69.05,38.38,39.02,46.72,99.50,195.00,75.00,32.00,0.0000,159.56,1,0,3.1413,ACCEPT,0,212,3596,3832,3,150,128,0,0,0,0
117,0,1,1,ACCEPT,41.8488,2.3208,123,-1,0,0.9675,68.44,38.38,39.02,46.72,100.00,196.00,74.00,30.00,0.0000,160.75,1,0,3.3184,ACCEPT,0,194,3646,3623,3,150,123,0,0,0,0
118,0,1,1,ACCEPT,42.9632,2.4444,132,1,-1,0.8864,69.05,37.65,39.02,46.72,100.00,196.00,74.00,28.00,0.0000,161.35,1,0,3.2237,ACCEPT,0,192,3517,4119,3,150,132,0,0,0,0
119,0,1,1,ACCEPT,39.9466,2.0164,123,-1,-2,0.8618,68.44,36.20,39.02,46.72,99.50,197.00,75.00,26.00,0.0000,163.78,1,0,3.3212,ACCEPT,0,199,3608,3800,3,150,123,0,0,0,0
120,0,1,1,ACCEPT,43.1842,2.1270,134,1,1,0.9254,69.05,36.92,39.02,46.72,99.50,197.00,77.00,24.00,0.0000,162.95,1,0,3.2760,ACCEPT,0,202,3493,4795,3,150,134,0,0,0,0
121,0,1,1,ACCEPT,41.8156,2.2031,141,1,-1,0.9504,69.66,36.20,39.02,46.72,100.00,197.00,76.00,24.00,0.0000,163.64,1,0,3.2531,ACCEPT,0,227,3569,4410,3,150,141,0,0,0,0
122,0,1,1,ACCEPT,42.3855,2.0323,126,-1,0,0.9921,69.05,36.20,39.02,46.72,100.50,197.00,75.00,24.00,0.0000,163.85,1,0,3.1769,ACCEPT,0,194,3626,4089,3,150,126,0,0,0,0
123,0,1,1,ACCEPT,42.8392,2.1746,137,1,0,0.9270,69.66,36.20,39.02,46.72,101.50,198.00,75.00,22.00,0.0000,164.91,1,0,3.3145,ACCEPT,0,212,3546,4277,3,150,137,0,0,0,0
124,0,1,1,ACCEPT,43.3566,2.5000,145,1,1,0.9448,70.27,36.92,39.02,46.72,101.50,198.00,75.00,22.00,0.0000,164.08,1,0,3.3556,ACCEPT,0,219,3535,3755,3,150,145,0,0,0,0
125,0,1,1,ACCEPT,44.2548,2.5088,143,2,-1,0.8811,71.48,36.20,39.02,46.72,102.50,198.50,75.00,21.00,0.0000,165.24,1,0,3.2789,ACCEPT,0,213,3527,3893,3,150,143,0,0,0,0
126,0,1,1,ACCEPT,43.9499,2.5333,152,1,1,0.9408,72.09,36.92,39.02,46.72,102.00,198.50,76.00,21.00,0.0000,164.32,1,0,3.1834,ACCEPT,0,247,3606,3271,3,150,152,0,0,0,0
127,0,1,1,ACCEPT,43.7170,2.1846,142,1,-1,0.9577,72.70,36.20,39.02,46.72,103.00,199.50,74.00,21.00,0.0000,166.09,1,0,3.2288,ACCEPT,0,212,3508,3340,3,150,142,0,0,0,0
128,0,1,1,ACCEPT,43.4514,2.4364,134,0,1,0.9627,72.70,36.92,39.02,46.72,104.00,199.00,76.00,20.00,0.0000,165.07,1,0,3.3197,ACCEPT,0,206,3569,3504,3,150,134,0,0,0,0
129,0,1,1,ACCEPT,44.7265,2.5686,131,0,-1,0.9847,72.70,36.20,39.02,46.72,104.50,199.50,75.00,21.00,0.0000,166.37,1,0,3.3120,ACCEPT,0,198,3556,3323,3,150,131,0,0,0,0
130,0,1,1,ACCEPT,44.5022,2.0938,134,1,1,0.9701,73.31,36.92,39.02,46.72,104.50,200.00,75.00,20.00,0.0000,166.03,1,0,3.3280,ACCEPT,0,194,3552,3143,3,150,134,0,0,0,0
131,0,1,1,ACCEPT,45.3305,2.7727,122,0,-1,0.9672,73.31,36.20,39.02,46.72,105.00,200.00,74.00,20.00,0.0000,166.84,1,0,3.2728,ACCEPT,0,182,3514,2949,3,150,122,0,0,0,0
132,0,1,1,ACCEPT,46.1669,2.6739,123,0,1,0.9512,73.31,36.92,39.02,46.72,105.00,200.00,74.00,20.00,0.0000,166.13,1,0,3.2579,ACCEPT,0,180,3517,3107,3,150,123,0,0,0,0
133,0,1,1,ACCEPT,46.4215,2.7381,115,0,0,1.0000,73.31,36.92,39.02,46.72,104.50,200.00,75.00,20.00,0.0000,166.03,1,0,3.2609,ACCEPT,0,165,3513,3255,3,150,115,0,0,0,0
134,0,1,1,ACCEPT,43.7019,2.6154,102,0,0,1.0000,73.31,36.92,39.02,46.72,104.50,199.50,75.00,19.00,0.0000,165.54,1,0,3.2301,ACCEPT,0,152,3540,3496,3,150,102,0,0,0,0
135,0,1,1,ACCEPT,46.4638,2.6585,109,0,0,1.0000,73.31,36.92,39.02,46.72,104.50,200.00,75.00,20.00,0.0000,166.03,1,0,3.2243,ACCEPT,0,160,3536,3449,3,150,109,0,0,0,0
136,0,1,1,ACCEPT,46.1854,2.6667,104,0,1,0.9712,73.31,37.65,39.02,46.72,104.00,201.00,76.00,20.00,0.0000,166.21,1,0,3.2299,ACCEPT,0,158,3526,3436,3,150,104,0,0,0,0
137,0,1,1,ACCEPT,47.3640,2.7500,99,0,0,1.0000,73.31,37.65,39.02,46.72,104.50,201.00,75.00,20.00,0.0000,166.30,1,0,3.2693,ACCEPT,0,142,3560,3536,3,150,99,0,0,0,0
138,0,1,1,ACCEPT,45.5492,2.4615,96,0,0,1.0000,73.31,37.65,39.02,46.72,104.50,201.00,75.00,20.00,0.0000,166.30,1,0,3.2712,ACCEPT,0,137,3560,3590,3,150,96,0,0,0,0
139,0,1,1,ACCEPT,42.4819,2.5429,89,0,1,0.9775,73.31,38.38,39.02,46.72,104.50,201.50,75.00,19.00,0.0000,166.08,1,0,3.1924,ACCEPT,0,135,3566,3533,3,150,89,0,0,0,0
140,0,1,1,ACCEPT,44.2731,2.1429,90,-1,1,0.9222,72.70,39.10,39.02,46.72,104.50,202.00,75.00,20.00,0.0000,165.97,1,0,3.2807,ACCEPT,0,147,3525,3632,3,150,90,0,0,0,0
141,0,1,1,ACCEPT,45.7748,2.5625,82,-1,0,0.9634,72.09,39.10,39.02,46.72,104.00,202.50,74.00,19.00,0.0000,166.48,1,0,3.3227,ACCEPT,0,119,3561,3939,3,150,82,0,0,0,0
142,0,1,1,ACCEPT,46.4058,2.5278,91,0,1,0.9560,72.09,39.83,39.02,46.72,103.50,202.00,75.00,20.00,0.0000,165.18,1,0,3.2887,ACCEPT,0,136,3583,3903,3,150,91,0,0,0,0
143,0,1,1,ACCEPT,44.6689,2.3243,86,-1,1,0.9535,71.48,40.55,39.02,46.72,103.00,203.00,76.00,20.00,0.0000,165.47,1,0,3.3257,ACCEPT,0,126,3634,3587,3,150,86,0,0,0,0
144,0,1,1,ACCEPT,41.6368,2.1538,84,1,0,0.9762,72.09,40.55,39.02,46.72,103.00,204.00,74.00,20.00,0.0000,166.34,1,0,3.0940,ACCEPT,0,144,3546,3143,3,150,84,0,0,0,0
145,0,1,1,ACCEPT,42.4497,2.2353,76,-1,1,0.8947,71.48,41.28,39.02,46.72,103.00,203.50,74.00,21.00,0.0000,165.25,1,0,3.1666,ACCEPT,0,126,3694,3109,3,150,76,0,0,0,0
146,0,1,1,ACCEPT,43.7848,2.1282,83,-1,1,0.9036,70.88,42.01,39.02,46.72,103.00,204.00,74.00,20.00,0.0000,165.15,1,0,3.2666,ACCEPT,0,130,3640,3236,3,150,83,0,0,0,0
147,0,1,1,ACCEPT,43.5509,2.1316,81,-1,0,0.9753,70.27,42.01,39.02,46.72,103.00,204.50,74.00,21.00,0.0000,165.76,1,0,3.3552,ACCEPT,0,123,3640,3415,3,150,81,0,0,0,0
148,0,1,1,ACCEPT,44.4084,2.5000,90,1,0,0.9667,70.88,42.01,39.02,46.72,102.50,204.00,75.00,22.00,0.0000,165.05,1,0,3.2346,ACCEPT,0,134,3528,3267,3,150,90,0,0,0,0
149,0,1,1,ACCEPT,43.1609,2.4839,77,-1,1,0.9351,70.27,42.73,39.02,46.72,101.50,204.50,75.00,21.00,0.0000,164.75,1,0,3.3469,ACCEPT,0,116,3694,3125,3,150,77,0,0,0,0
150,0,1,1,ACCEPT,41.4073,1.9250,77,1,-1,0.9610,70.88,42.01,39.02,46.72,102.50,204.50,73.00,21.00,0.0000,165.54,1,0,3.1051,ACCEPT,0,115,3605,3385,3,150,77,0,0,0,0
151,0,1,1,ACCEPT,41.6357,2.1875,70,-3,1,0.8143,69.05,42.73,39.02,46.72,101.50,204.00,73.00,22.00,0.0000,164.50,1,0,3.2945,ACCEPT,0,119,3765,3937,3,150,70,0,0,0,0
152,0,1,1,ACCEPT,43.9500,2.1111,95,-1,-1,0.9368,68.44,42.01,39.02,46.72,101.00,204.50,74.00,21.00,0.0000,165.72,1,0,3.3169,ACCEPT,0,134,3574,3964,3,150,95,0,0,0,0
153,0,1,1,ACCEPT,44.8518,2.3721,102,1,1,0.9118,69.05,42.73,39.02,46.72,100.50,204.00,73.00,20.00,0.0000,164.30,1,0,3.2384,ACCEPT,0,155,3456,3668,3,150,102,0,0,0,0
154,0,1,1,ACCEPT,43.1309,2.5143,88,-1,-1,0.9545,68.44,42.01,39.02,46.72,100.00,204.50,72.00,21.00,0.0000,165.53,1,0,3.3310,ACCEPT,0,147,3578,3187,3,150,88,0,0,0,0
155,0,1,1,ACCEPT,44.8132,2.4000,96,1,1,0.9271,69.05,42.73,39.02,46.72,100.00,205.00,72.00,20.00,0.0000,165.19,1,0,3.1734,ACCEPT,0,156,3508,3288,3,150,96,0,0,0,0
156,0,1,1,ACCEPT,42.3797,2.6333,79,-1,0,0.9494,68.44,42.73,39.02,46.72,100.00,204.50,72.00,21.00,0.0000,164.82,1,0,3.3240,ACCEPT,0,128,3627,3122,3,150,79,0,0,0,0
157,0,1,1,ACCEPT,45.0038,2.5405,94,1,1,0.9468,69.05,43.46,39.02,46.72,99.00,203.50,74.00,19.00,0.0000,162.82,1,0,3.2182,ACCEPT,0,138,3573,3226,3,150,94,0,0,0,0
158,0,1,1,ACCEPT,43.7417,2.2632,86,-1,1,0.9186,68.44,44.19,39.02,46.72,100.00,204.00,74.00,18.00,0.0000,162.90,1,0,3.3387,ACCEPT,0,132,3604,3016,3,150,86,0,0,0,0
159,0,1,1,ACCEPT,45.2480,2.6667,88,1,0,0.9432,69.05,44.19,39.02,46.72,100.50,203.00,73.00,20.00,0.0000,161.90,1,0,3.2352,ACCEPT,0,133,3525,3320,3,150,88,0,0,0,0
160,0,1,1,ACCEPT,44.4990,2.5152,83,0,1,0.9518,69.05,44.91,39.02,46.72,100.00,205.50,74.00,23.00,0.0000,163.54,1,0,3.2905,ACCEPT,0,131,3595,3219,3,150,83,0,0,0,0
161,0,1,1,ACCEPT,45.2306,2.3056,83,1,1,0.9639,69.66,45.64,39.02,46.72,101.00,205.00,74.00,24.00,0.0000,162.41,1,0,3.2697,ACCEPT,0,121,3585,3338,3,150,83,0,0,0,0
162,0,1,1,ACCEPT,44.9331,2.3235,79,-1,-1,0.9494,69.05,44.91,39.02,46.72,101.50,204.00,73.00,26.00,0.0000,162.36,1,0,3.2738,ACCEPT,0,117,3599,3431,3,150,79,0,0,0,0
163,0,1,1,ACCEPT,43.4768,2.1087,97,1,1,0.8454,69.66,45.64,39.02,46.72,101.00,204.50,74.00,25.00,0.0000,161.92,1,0,3.3189,ACCEPT,0,154,3486,3979,3,150,97,0,0,0,0
164,0,1,1,ACCEPT,43.3438,2.3750,114,1,1,0.9211,70.27,46.37,39.02,46.72,101.00,203.50,74.00,25.00,0.0000,160.11,1,0,3.3672,ACCEPT,0,170,3549,3504,3,150,114,0,0,0,0
165,0,1,1,ACCEPT,44.4632,2.6098,107,1,1,0.8785,70.88,47.09,39.02,46.72,101.50,201.50,73.00,25.00,0.0000,157.41,1,0,3.2451,ACCEPT,0,160,3528,3623,3,150,107,0,0,0,0
166,0,1,1,ACCEPT,41.5341,2.0426,96,-1,0,0.9792,70.27,47.09,39.02,46.72,101.50,200.50,75.00,27.00,0.0000,156.55,1,0,3.3491,ACCEPT,0,165,3522,3649,3,150,96,0,0,0,0
167,0,1,1,ACCEPT,44.9207,2.2245,109,1,1,0.9174,70.88,47.82,39.02,46.72,101.50,199.00,73.00,28.00,0.0000,154.25,1,0,3.2962,ACCEPT,0,161,3470,4049,3,150,109,0,0,0,0
168,0,1,1,ACCEPT,43.9231,2.6316,100,0,-1,0.9800,70.88,47.09,39.02,46.72,103.00,200.00,72.00,30.00,0.0000,156.24,1,0,3.3243,ACCEPT,0,154,3629,4032,3,150,100,0,0,0,0
169,0,1,1,ACCEPT,43.9640,1.9811,105,1,1,0.9619,71.48,47.82,39.02,46.72,103.50,198.50,71.00,31.00,0.0000,154.04,1,0,3.2490,ACCEPT,0,152,3576,3758,3,150,105,0,0,0,0
170,0,1,1,ACCEPT,43.4804,2.6000,91,0,0,1.0000,71.48,47.82,39.02,46.72,105.00,199.00,68.00,36.00,0.0000,154.85,1,0,3.2070,ACCEPT,0,135,3554,3294,3,150,91,0,0,0,0
171,0,1,1,ACCEPT,42.4760,2.1136,93,1,0,0.9892,72.09,47.82,39.02,46.72,105.50,199.00,65.00,38.00,0.0000,154.83,1,0,3.0975,ACCEPT,0,144,3613,3120,3,150,93,0,0,0,0
172,0,1,1,ACCEPT,43.8922,2.4412,83,-1,1,0.8916,71.48,48.55,39.02,46.72,106.50,198.50,63.00,49.00,0.0000,153.99,1,0,3.2531,ACCEPT,0,126,3706,2870,3,150,83,0,0,0,0
173,0,1,1,ACCEPT,43.4307,2.1163,91,1,0,0.9890,72.09,48.55,39.02,46.72,108.00,196.00,62.00,52.00,0.0000,151.76,1,0,3.0995,ACCEPT,0,141,3524,2774,3,150,91,0,0,0,0
174,0,1,1,ACCEPT,42.9044,2.6786,75,-1,1,0.9333,71.48,49.27,39.02,46.72,108.50,196.00,61.00,50.00,0.0000,151.32,1,0,3.2919,ACCEPT,0,126,3604,2876,3,150,75,0,0,0,0
175,0,1,1,ACCEPT,44.6178,2.3158,88,1,1,0.8636,72.09,50.00,39.02,46.72,108.50,192.00,61.00,52.00,0.0000,146.59,1,0,3.1611,ACCEPT,0,140,3563,2875,3,150,88,0,0,0,0
176,0,1,1,ACCEPT,44.2826,2.4242,80,-1,1,0.8875,71.48,50.73,39.02,46.72,107.00,189.00,62.00,52.00,0.0000,142.76,1,0,3.3450,ACCEPT,0,127,3671,2694,3,150,80,0,0,0,0
177,0,1,1,ACCEPT,46.9281,2.6765,91,1,1,0.9451,72.09,51.45,39.02,46.72,106.50,188.50,63.00,51.00,0.0000,141.30,1,0,3.2044,ACCEPT,0,131,3520,2788,3,150,91,0,0,0,0
178,0,1,1,ACCEPT,42.7811,2.3056,83,0,3,0.7711,72.09,53.63,39.02,46.72,105.50,189.00,63.00,50.00,0.0000,139.43,1,0,3.2377,ACCEPT,0,136,3620,2525,3,150,83,0,0,0,0
179,0,1,1,ACCEPT,45.5758,2.7241,79,0,0,1.0000,72.09,53.63,39.02,46.72,104.50,188.00,61.00,48.00,0.0000,138.22,1,0,3.2711,ACCEPT,0,113,3603,2569,3,150,79,0,0,0,0
180,0,1,1,ACCEPT,43.9627,2.5484,79,0,1,0.8987,72.09,54.36,39.02,46.72,103.50,186.50,59.00,47.00,0.0000,135.82,1,0,3.2692,ACCEPT,0,134,3643,2377,3,150,79,0,0,0,0
181,0,1,1,ACCEPT,42.9181,2.3939,79,0,4,0.4177,72.09,57.27,39.02,46.72,104.00,181.00,60.00,42.00,0.0000,127.78,1,0,3.3148,ACCEPT,0,122,3549,2438,3,150,79,0,0,0,0
182,0,1,1,ACCEPT,42.0198,2.0789,79,1,3,0.5570,72.70,59.45,39.02,46.72,104.00,176.50,60.00,31.00,0.0000,121.17,1,0,3.2215,ACCEPT,0,127,3587,2357,3,150,79,0,0,0,0
183,0,1,1,ACCEPT,43.3727,2.5556,69,-1,3,0.6087,72.09,61.62,39.02,46.72,103.50,176.50,61.00,35.00,0.0000,119.09,1,0,3.3239,ACCEPT,0,111,3690,2326,3,150,69,0,0,0,0
184,0,1,1,ACCEPT,43.2282,2.6333,79,0,3,0.6835,72.09,63.80,39.02,46.72,104.00,175.50,62.00,43.00,0.0000,116.16,1,0,3.2853,ACCEPT,0,119,3559,1957,3,150,79,0,0,0,0
185,0,1,1,ACCEPT,42.4907,2.5333,76,0,5,0.2895,72.09,67.44,39.02,46.72,101.50,174.00,61.00,52.00,0.0000,110.55,1,0,3.2776,ACCEPT,0,120,3659,2128,3,150,76,0,0,0,0
186,0,1,1,ACCEPT,40.9051,1.9722,71,1,3,0.5493,72.70,69.62,39.02,46.72,102.00,173.00,64.00,52.00,0.0000,107.45,1,0,3.1967,ACCEPT,0,107,3571,1891,3,150,71,0,0,0,0
187,0,1,1,ACCEPT,40.7033,2.5385,66,-1,5,0.2576,72.09,73.25,39.02,46.72,99.50,170.50,61.00,55.00,0.0000,101.04,1,0,3.3244,ACCEPT,0,109,3706,1924,3,150,66,0,0,0,0
188,0,1,1,ACCEPT,38.8072,2.3548,73,1,7,0.0274,72.70,78.34,39.02,46.72,97.50,170.50,59.00,49.00,0.0000,95.44,1,0,3.2943,ACCEPT,0,121,3642,1669,3,150,73,0,0,0,0
189,0,1,1,ACCEPT,44.2759,2.1562,69,-1,3,0.6377,72.09,80.52,39.02,46.72,97.00,169.00,60.00,48.00,0.0000,91.92,1,0,3.3056,ACCEPT,0,107,3659,1609,3,150,69,0,0,0,0
190,0,1,1,ACCEPT,42.2956,2.2647,77,1,5,0.2338,72.70,84.15,39.02,46.72,97.50,166.50,61.00,37.00,0.0000,86.00,1,0,3.3112,ACCEPT,0,118,3548,1856,3,150,77,0,0,0,0
191,0,1,1,ACCEPT,37.1560,2.2222,80,1,9,0.0625,73.31,90.69,39.02,46.72,99.00,163.00,62.00,30.00,0.0000,76.74,1,0,3.3707,ACCEPT,0,148,3577,1674,3,150,80,0,0,0,0
192,0,1,1,ACCEPT,41.2975,2.1579,82,1,3,0.6707,73.92,92.87,39.02,46.72,99.50,160.50,63.00,25.00,0.0000,72.31,1,0,3.2796,ACCEPT,0,131,3553,1603,3,150,82,0,0,0,0
193,0,1,1,ACCEPT,34.7696,2.2051,86,1,11,0.0930,74.53,100.86,39.02,46.72,100.50,163.00,63.00,26.00,0.0000,67.35,1,0,3.3220,ACCEPT,0,158,3594,1996,3,150,86,0,0,0,0
194,0,1,1,ACCEPT,37.5042,2.3061,113,1,9,0.0619,75.14,107.40,39.02,46.72,100.50,162.50,65.00,39.00,0.0000,60.66,1,0,3.3204,ACCEPT,0,188,3622,1818,3,150,113,0,0,0,0
195,0,1,1,ACCEPT,44.3570,2.5349,109,1,5,0.2569,75.75,111.03,39.02,46.72,99.50,163.00,65.00,40.00,0.0000,57.14,1,0,3.2994,ACCEPT,0,161,3626,1866,3,150,109,0,0,0,0
196,0,1,1,ACCEPT,40.5308,2.1698,115,1,8,0.0435,76.36,116.84,39.02,46.72,98.00,160.50,68.00,51.00,0.0323,48.73,1,0,3.3269,ACCEPT,0,181,3629,1873,3,150,115,0,0,0,0
197,0,1,1,ACCEPT,18.7300,1.8529,126,2,10,0.0794,77.58,124.11,39.02,46.72,95.00,161.50,70.00,57.00,0.1017,41.25,1,0,3.2841,ACCEPT,0,371,3465,2356,3,150,126,0,0,0,0
198,0,1,1,ACCEPT,16.5474,1.6056,114,0,5,0.2456,77.58,127.74,39.02,46.72,92.50,163.00,77.00,54.00,0.1093,38.29,1,0,3.3269,ACCEPT,0,301,3551,2892,3,150,114,0,0,0,0
199,0,1,1,ACCEPT,22.4261,2.6190,165,1,10,0.0182,78.19,135.01,39.02,46.72,91.00,165.00,80.00,46.00,0.1313,32.61,1,0,3.3129,ACCEPT,0,439,3431,2759,3,150,165,0,0,0,0
200,0,1,1,ACCEPT,15.8681,2.1852,177,2,12,0.0226,79.41,143.73,39.02,46.72,86.50,165.00,83.00,42.00,0.2043,22.42,1,0,3.2861,ACCEPT,0,608,3319,3188,3,150,177,0,0,0,0
201,0,1,1,ACCEPT,10.5081,1.2444,168,2,5,0.4107,80.62,147.36,39.02,46.72,85.50,166.50,85.00,41.00,0.2220,19.75,1,0,3.1145,ACCEPT,0,914,3119,4726,3,150,168,0,0,0,0
202,0,1,1,ACCEPT,11.2650,1.4453,185,0,13,0.1730,80.62,156.80,39.02,46.72,83.50,169.00,83.00,40.00,0.3096,12.53,1,0,3.1521,ACCEPT,0,824,3202,4303,3,150,185,0,0,0,0
203,0,1,1,ACCEPT,9.1150,1.1366,183,2,13,0.3005,81.84,166.25,39.02,46.72,83.00,172.00,86.00,42.00,0.3835,5.87,1,0,3.3926,ACCEPT,0,887,2867,5121,3,150,183,0,0,0,0
204,0,1,0,NEGATIVE_PEAK,-8.8265,1.1596,-247,17,38,0.4656,81.84,166.25,39.02,46.72,83.00,172.50,82.00,41.00,0.3947,6.36,0,0,0.0000,NOT_RUN,0,1332,2767,0,3,150,247,0,0,0,0
205,0,1,0,NEGATIVE_PEAK,-9.3791,1.4710,-228,15,42,0.3246,81.84,166.25,39.02,46.72,80.00,173.00,82.00,42.00,0.3862,7.00,0,0,0.0000,NOT_RUN,0,1250,2643,0,3,150,228,0,0,0,0
206,0,1,0,NEGATIVE_PEAK,-8.3347,1.2418,-190,14,46,0.2842,81.84,166.25,39.02,46.72,80.50,173.00,81.00,42.00,0.3905,6.88,0,0,0.0000,NOT_RUN,0,1065,2490,0,3,150,190,0,0,0,0
207,0,1,0,NEGATIVE_PEAK,-7.9189,1.1931,-173,14,48,0.2890,81.84,166.25,39.02,46.72,82.50,173.50,77.00,41.00,0.4022,7.28,0,0,0.0000,NOT_RUN,0,1017,2464,0,3,150,173,0,0,0,0
208,0,1,0,NEGATIVE_PEAK,-7.0930,1.1680,-146,14,51,0.1918,81.84,166.25,39.02,46.72,84.50,174.00,73.00,42.00,0.4128,8.19,0,0,0.0000,NOT_RUN,0,767,2487,0,3,150,146,0,0,0,0
209,0,1,1,ACCEPT,7.0924,1.0222,138,4,14,0.0797,84.28,176.42,39.02,46.72,86.50,176.00,67.00,44.00,0.5621,2.26,1,-1,2.6962,OUT_OF_RANGE,0,807,2484,6866,3,150,138,0,0,0,0
210,0,1,1,ACCEPT,8.1414,1.0727,236,3,2,0.6102,86.11,177.88,39.02,46.72,88.00,176.50,66.00,43.00,0.5624,2.34,1,0,2.6371,ACCEPT,0,1235,2338,10428,3,150,236,0,0,0,0
211,0,1,1,ACCEPT,8.5096,1.3011,350,3,1,0.7343,87.94,178.60,39.02,46.72,90.50,178.50,61.00,43.00,0.6061,2.56,1,0,3.2717,ACCEPT,0,1809,2636,11717,3,150,350,0,0,0,0
212,0,1,1,ACCEPT,6.1951,1.0112,270,-1,2,0.8593,87.33,180.05,39.02,46.72,93.00,180.00,58.00,44.00,0.6459,5.67,1,0,1.7942,LOW_CONF,0,1999,2849,11501,3,150,270,0,0,0,0
213,0,1,1,ACCEPT,9.6398,1.5983,374,1,1,0.9278,87.94,180.78,39.02,46.72,95.50,180.50,57.00,43.00,0.6463,7.57,1,0,2.6744,ACCEPT,0,2028,2754,13431,3,150,374,0,0,0,0
214,0,1,1,ACCEPT,9.4506,1.2552,359,2,0,0.8886,89.16,180.78,39.02,46.72,100.00,182.00,58.00,44.00,0.6098,10.91,1,0,2.2259,ACCEPT,0,2137,3043,15037,3,150,359,0,0,0,0
215,0,1,1,ACCEPT,8.0127,1.2294,284,5,1,0.6127,92.20,181.51,39.02,46.72,104.50,183.50,57.00,43.00,0.5581,12.46,1,10,1.4299,MAX_STEP,0,1873,3364,17470,3,150,284,0,0,0,0
216,0,1,1,ACCEPT,8.6493,1.6203,303,4,1,0.7525,94.64,182.23,39.02,46.72,105.50,185.00,55.00,46.00,0.5675,11.21,1,4,1.7154,MAX_STEP,0,1915,3728,16116,3,150,303,0,0,0,0
217,0,1,1,ACCEPT,7.0224,1.2606,237,3,3,0.5738,96.47,184.41,39.02,46.72,107.50,189.50,49.00,53.00,0.5016,12.15,1,5,1.9799,MAX_STEP,0,1391,4107,13202,3,150,237,0,0,0,0
218,0,1,1,ACCEPT,7.2069,1.5159,238,-10,-16,0.5462,90.38,172.79,39.02,46.72,108.00,194.00,46.00,60.00,0.2115,27.58,1,0,2.4953,ACCEPT,0,1282,4170,11121,3,150,238,0,0,0,0
219,0,1,1,ACCEPT,15.0591,1.7324,369,1,0,0.9350,90.98,172.79,39.02,46.72,107.00,197.00,42.00,60.00,0.1967,29.03,1,0,2.6836,ACCEPT,0,1463,3890,10337,3,150,369,0,0,0,0
220,0,1,1,ACCEPT,8.1946,1.3099,186,0,3,0.9086,90.98,174.97,39.02,46.72,109.00,205.00,38.00,56.00,0.1244,35.02,1,0,2.8571,ACCEPT,0,1198,4061,8088,3,150,186,0,0,0,0
221,0,1,1,ACCEPT,7.8040,1.3853,151,-1,5,0.6887,90.38,178.60,39.02,46.72,108.00,209.00,40.00,48.00,0.1101,35.14,1,0,2.5237,ACCEPT,0,985,4054,7000,3,150,151,0,0,0,0
222,0,1,1,ACCEPT,8.4976,1.1773,166,1,3,0.7169,90.98,180.78,39.02,46.72,105.00,211.50,48.00,53.00,0.1485,33.77,1,0,2.6841,ACCEPT,0,980,3915,7182,3,150,166,0,0,0,0
223,0,1,1,ACCEPT,7.8977,1.0533,178,-1,21,0.3820,90.38,196.04,39.02,46.72,95.00,210.00,58.00,44.00,0.3889,14.71,1,0,2.4760,ACCEPT,0,1203,3917,6123,3,150,178,0,0,0,0
224,0,1,1,ACCEPT,12.4631,1.7113,332,0,3,0.8313,90.38,198.22,39.02,46.72,89.50,210.50,69.00,47.00,0.3630,12.31,1,0,2.5240,ACCEPT,0,1600,3265,11676,3,150,332,0,0,0,0
225,0,1,1,ACCEPT,17.6457,1.8915,802,0,-1,0.9925,90.38,197.49,39.02,46.72,87.50,207.50,71.00,47.00,0.3863,10.41,1,0,2.5089,ACCEPT,0,2426,3161,13318,3,150,802,0,0,0,0
226,0,1,1,ACCEPT,14.4033,1.7226,770,0,-2,0.9623,90.38,196.04,39.02,46.72,87.50,212.00,71.00,50.00,0.3076,16.22,1,0,2.5858,ACCEPT,0,2835,3037,14762,3,150,770,0,0,0,0
227,0,1,1,ACCEPT,11.4423,1.1314,689,-1,-5,0.8999,89.77,192.41,39.02,46.72,85.00,208.50,76.00,39.00,0.2790,16.78,1,0,2.7665,ACCEPT,0,3126,2989,18029,3,150,689,0,0,0,0
228,0,1,1,ACCEPT,13.1891,1.2473,908,-2,-1,0.8932,88.55,191.68,39.02,46.72,85.50,206.00,73.00,32.00,0.3070,14.64,1,0,2.8679,ACCEPT,0,3730,3088,21064,3,150,908,0,0,0,0
229,0,1,1,ACCEPT,10.6607,1.2308,848,-1,1,0.9564,87.94,192.41,39.02,46.72,85.00,204.50,72.00,39.00,0.3499,12.45,1,0,2.7622,ACCEPT,0,4102,2933,23499,3,150,848,0,0,0,0
230,0,1,1,ACCEPT,11.2491,1.4060,1025,3,3,0.7668,89.77,194.59,39.02,46.72,88.00,204.00,64.00,48.00,0.4336,9.58,1,0,3.2362,ACCEPT,0,4628,2783,22031,3,150,1025,0,0,0,0
231,0,1,1,ACCEPT,15.4723,1.6764,1150,-1,0,0.9591,89.16,194.59,39.02,46.72,91.00,202.50,54.00,47.00,0.5348,8.13,1,0,2.7224,ACCEPT,0,3668,2846,27777,3,150,1150,0,0,0,0
232,0,1,1,ACCEPT,6.4077,1.0395,605,0,1,0.9901,89.16,195.31,40.58,48.59,92.00,205.00,36.00,42.00,0.5681,10.10,1,1,2.6159,ACCEPT,0,4920,3076,26249,3,150,605,0,0,0,0
233,0,1,1,ACCEPT,14.3287,1.8870,1102,-2,-11,0.2223,87.89,186.98,40.58,48.59,94.00,207.50,36.00,41.00,0.2929,21.41,1,0,3.1662,ACCEPT,0,4560,3343,22607,3,150,1102,0,0,0,0
234,0,1,1,ACCEPT,17.0723,1.6710,1275,0,0,1.0000,87.89,186.98,40.58,48.59,94.00,208.00,40.00,40.00,0.2865,21.89,1,0,3.2809,ACCEPT,0,4702,3769,19276,3,150,1275,0,0,0,0
235,0,1,1,ACCEPT,15.8951,1.7193,1121,0,2,0.9206,87.89,188.49,40.58,48.59,90.50,206.50,49.00,33.00,0.3471,18.20,1,0,3.3110,ACCEPT,0,4501,3943,19256,3,150,1121,0,0,0,0
236,0,1,1,ACCEPT,18.8202,1.7065,1372,1,3,0.8557,88.52,190.77,40.58,48.59,83.50,204.50,65.00,25.00,0.3516,14.62,1,0,3.3127,ACCEPT,0,4748,3727,20405,3,150,1372,0,0,0,0
237,0,1,1,ACCEPT,21.6198,2.0390,1517,-1,0,0.9875,87.89,190.77,40.58,48.59,83.00,204.00,66.00,20.00,0.3272,14.11,1,0,3.1524,ACCEPT,0,4713,3559,20460,3,150,1517,0,0,0,0
238,0,1,1,ACCEPT,18.2540,1.8702,1326,2,2,0.7941,89.16,192.28,40.58,48.59,78.50,203.50,71.00,15.00,0.2507,15.47,1,0,3.2939,ACCEPT,0,4821,3511,19178,3,150,1326,0,0,0,0
239,0,1,1,ACCEPT,17.1641,1.7277,1104,2,3,0.7283,90.42,194.55,40.58,48.59,74.00,201.00,72.00,22.00,0.3275,17.64,1,0,3.3660,ACCEPT,0,4364,3696,20301,3,150,1104,0,0,0,0
240,0,1,1,ACCEPT,19.7373,1.9290,1250,1,0,0.9432,91.05,194.55,40.58,48.59,73.00,200.00,66.00,24.00,0.3121,18.86,1,0,3.3959,ACCEPT,0,4398,3747,20149,3,150,1250,0,0,0,0
241,0,1,1,ACCEPT,14.4616,1.3642,1045,3,4,0.7311,92.95,197.59,40.58,48.59,68.50,200.50,59.00,35.00,0.2815,24.63,1,0,3.3731,ACCEPT,0,4334,3865,18861,3,150,1045,0,0,0,0
242,0,1,1,ACCEPT,8.3662,1.0303,578,2,8,0.7318,94.22,203.65,40.58,48.59,65.00,201.00,50.00,46.00,0.2019,29.34,1,0,3.2915,ACCEPT,0,4107,3974,16742,3,150,578,0,0,0,0
243,0,1,1,ACCEPT,7.5995,1.2258,494,3,-9,0.6741,96.12,196.83,40.58,48.59,65.00,202.00,42.00,52.00,0.1242,31.54,1,0,3.4107,ACCEPT,0,3875,4084,16100,3,150,494,0,0,0,0
244,0,1,1,ACCEPT,10.8404,1.2860,634,1,2,0.8864,96.75,198.34,40.58,48.59,61.50,202.00,29.00,56.00,0.0000,35.44,1,0,3.3941,ACCEPT,0,4070,4517,12779,3,150,634,0,0,0,0
245,0,1,1,ACCEPT,12.1482,1.3443,531,2,2,0.8418,98.02,199.86,40.58,48.59,53.50,201.50,17.00,57.00,0.0000,44.55,1,0,3.4165,ACCEPT,0,3042,4443,13033,3,150,531,0,0,0,0
246,0,1,1,ACCEPT,13.0183,1.4395,547,1,0,0.9433,98.65,199.86,40.58,48.59,53.00,199.50,16.00,53.00,0.0000,45.65,1,0,3.3970,ACCEPT,0,2942,4341,12505,3,150,547,0,0,0,0
247,0,1,1,ACCEPT,14.0064,1.5108,562,1,1,0.9128,99.28,200.62,40.58,48.59,49.50,197.50,29.00,55.00,0.0000,49.88,1,0,3.2381,ACCEPT,0,2812,4393,12518,3,150,562,0,0,0,0
248,0,1,1,ACCEPT,15.0148,1.5889,599,3,1,0.6561,101.18,201.38,40.58,48.59,46.00,195.50,42.00,49.00,0.0000,55.49,1,0,3.4338,ACCEPT,0,2779,4231,14052,3,150,599,0,0,0,0
249,0,1,1,ACCEPT,16.1991,1.6675,662,1,1,0.9305,101.81,202.13,40.58,48.59,45.50,193.50,47.00,43.00,0.0000,56.97,1,0,3.3956,ACCEPT,0,2921,4298,12906,3,150,662,0,0,0,0
250,0,1,1,ACCEPT,17.4721,1.7671,645,2,0,0.9225,103.08,202.13,40.58,48.59,45.50,191.00,57.00,34.00,0.0000,58.64,1,0,3.3980,ACCEPT,0,2628,4272,12852,3,150,645,0,0,0,0
251,0,1,1,ACCEPT,18.9823,1.8279,669,2,0,0.8550,104.34,202.13,40.58,48.59,45.00,186.50,60.00,25.00,0.0000,61.37,1,0,3.4353,ACCEPT,0,2520,4157,13974,3,150,669,0,0,0,0
252,0,1,1,ACCEPT,19.4907,1.7964,697,1,0,0.9527,104.98,202.13,40.58,48.59,45.00,185.50,60.00,23.00,0.0000,62.24,1,0,3.4214,ACCEPT,0,2561,4098,13020,3,150,697,0,0,0,0
253,0,1,1,ACCEPT,20.6866,1.9432,684,1,1,0.9415,105.61,202.89,40.58,48.59,46.00,184.00,60.00,16.00,0.0000,62.53,1,0,3.4136,ACCEPT,0,2374,4117,13023,3,150,684,0,0,0,0
254,0,1,1,ACCEPT,21.5969,2.0445,689,0,1,0.9768,105.61,203.65,40.58,48.59,48.00,183.50,56.00,19.00,0.0000,61.03,1,0,3.3337,ACCEPT,0,2317,4225,11690,3,150,689,0,0,0,0
255,0,1,1,ACCEPT,22.2122,2.0542,682,1,0,0.9809,106.24,203.65,40.58,48.59,48.50,182.50,51.00,21.00,0.0000,61.49,1,0,3.4335,ACCEPT,0,2202,4190,11686,3,150,682,0,0,0,0
256,0,1,1,ACCEPT,23.3511,2.1114,701,1,2,0.8787,106.88,205.16,40.58,48.59,53.50,176.50,41.00,25.00,0.0000,60.58,1,0,3.4341,ACCEPT,0,2154,4167,11592,3,150,701,0,0,0,0
257,0,1,1,ACCEPT,24.1063,2.1956,696,0,2,0.8822,106.88,206.68,40.58,48.59,61.00,172.00,22.00,32.00,0.0000,57.51,1,0,3.4291,ACCEPT,0,2112,4193,11268,3,150,696,0,0,0,0
258,0,1,1,ACCEPT,24.3152,2.1156,677,0,0,1.0000,106.88,206.68,40.58,48.59,60.50,174.00,23.00,30.00,0.0000,56.73,1,0,3.4171,ACCEPT,0,1938,4194,10962,3,150,677,0,0,0,0
259,0,1,1,ACCEPT,25.1153,2.1340,685,1,3,0.7956,107.51,208.95,40.58,48.59,65.00,176.00,14.00,28.00,0.0000,53.78,1,0,3.4248,ACCEPT,0,1880,4132,11413,3,150,685,0,0,0,0
260,0,1,1,ACCEPT,25.6880,2.3114,668,0,3,0.7904,107.51,211.23,40.58,48.59,73.50,179.00,33.00,30.00,0.0067,46.85,1,0,3.2642,ACCEPT,0,1836,4107,10949,3,150,668,0,0,0,0
261,0,1,1,ACCEPT,26.6200,2.3110,654,1,2,0.8807,108.14,212.74,40.58,48.59,78.00,178.50,38.00,33.00,0.0189,45.62,1,0,3.3233,ACCEPT,0,1708,4152,11251,3,150,654,0,0,0,0
262,0,1,1,ACCEPT,27.5898,2.3205,724,2,3,0.6851,109.41,215.02,40.58,48.59,82.50,177.50,49.00,23.00,0.0000,46.17,1,0,3.4349,ACCEPT,0,1788,4095,11106,3,150,724,0,0,0,0
263,0,1,1,ACCEPT,27.6678,2.4652,673,2,3,0.6464,110.67,217.29,40.58,48.59,85.00,184.00,60.00,28.00,0.0349,42.04,1,0,3.3438,ACCEPT,0,1647,4017,11174,3,150,673,0,0,0,0
264,0,1,1,ACCEPT,27.7834,2.1615,629,-1,3,0.8172,110.04,219.56,40.58,48.59,87.50,184.00,65.00,30.00,0.0296,42.10,1,0,3.3757,ACCEPT,0,1526,4305,10002,3,150,629,0,0,0,0
265,0,1,1,ACCEPT,28.4510,2.2527,633,1,2,0.8689,110.67,221.08,40.58,48.59,94.50,179.50,63.00,31.00,0.0000,44.61,1,0,3.4200,ACCEPT,0,1495,4107,11169,3,150,633,0,0,0,0
266,0,1,1,ACCEPT,28.7861,2.5840,677,0,3,0.7386,110.67,223.35,40.58,48.59,97.50,177.50,59.00,31.00,0.0000,47.71,1,0,3.3729,ACCEPT,0,1601,4207,9964,3,150,677,0,0,0,0
267,0,1,1,ACCEPT,30.2344,2.5360,634,0,2,0.8470,110.67,224.87,40.58,48.59,97.50,174.00,59.00,26.00,0.0000,52.54,1,0,3.3726,ACCEPT,0,1477,4201,9668,3,150,634,0,0,0,0
268,0,1,1,ACCEPT,29.8318,2.7118,621,0,2,0.8599,110.67,226.38,40.58,48.59,98.00,175.50,54.00,27.00,0.0000,52.44,1,0,3.4064,ACCEPT,0,1446,4225,9615,3,150,621,0,0,0,0
269,0,1,1,ACCEPT,28.7060,2.3243,602,-1,4,0.6711,110.04,229.41,40.58,48.59,94.50,177.00,53.00,30.00,0.0000,54.67,1,0,3.3457,ACCEPT,0,1448,4278,9078,3,150,602,0,0,0,0
270,0,1,1,ACCEPT,30.2650,2.4878,612,1,1,0.9118,110.67,230.17,40.58,48.59,92.50,177.00,49.00,34.00,0.0000,56.19,1,0,3.3922,ACCEPT,0,1422,4183,9201,3,150,612,0,0,0,0
271,0,1,1,ACCEPT,31.7306,2.6192,626,-1,3,0.7636,110.04,232.45,40.58,48.59,90.50,178.00,35.00,40.00,0.0000,57.85,1,0,3.4171,ACCEPT,0,1292,4310,8082,3,150,626,0,0,0,0
272,0,1,1,ACCEPT,31.0819,2.4372,563,-1,3,0.8082,109.41,234.72,40.58,48.59,85.50,180.00,27.00,42.00,0.0000,59.71,1,0,3.4075,ACCEPT,0,1237,4213,8253,3,150,563,0,0,0,0
273,0,1,1,ACCEPT,30.9755,2.4728,591,1,0,0.9949,110.04,234.72,40.58,48.59,83.00,180.50,22.00,43.00,0.0000,60.59,1,0,3.2420,ACCEPT,0,1367,4109,8396,3,150,591,0,0,0,0
274,0,1,1,ACCEPT,31.0683,2.5129,583,-1,2,0.8439,109.41,236.23,40.58,48.59,79.00,178.00,26.00,36.00,0.0000,65.69,1,0,3.3782,ACCEPT,0,1257,4260,7891,3,150,583,0,0,0,0
275,0,1,1,ACCEPT,32.5408,2.7558,598,0,2,0.8913,109.41,237.75,40.58,48.59,74.00,175.50,42.00,31.00,0.0000,71.61,1,0,3.3384,ACCEPT,0,1287,4140,8401,3,150,598,0,0,0,0
276,0,1,1,ACCEPT,32.1770,2.4286,612,0,0,1.0000,109.41,237.75,40.58,48.59,73.00,175.50,48.00,31.00,0.0000,72.11,1,0,3.2801,ACCEPT,0,1346,4088,8278,3,150,612,0,0,0,0
277,0,1,1,ACCEPT,32.2968,2.6520,602,0,1,0.9701,109.41,238.51,40.58,48.59,71.50,170.00,57.00,24.00,0.0000,78.30,1,0,3.3123,ACCEPT,0,1292,4107,7666,3,150,602,0,0,0,0
278,0,1,1,ACCEPT,31.5313,2.5741,556,0,0,1.0000,109.41,238.51,40.58,48.59,71.50,166.00,59.00,18.00,0.0000,81.82,1,0,3.3080,ACCEPT,0,1195,4024,7863,3,150,556,0,0,0,0
279,0,1,1,ACCEPT,31.8826,2.6854,572,0,1,0.9860,109.41,239.27,40.58,48.59,73.50,163.00,55.00,22.00,0.0000,84.30,1,0,3.3342,ACCEPT,0,1286,4065,8102,3,150,572,0,0,0,0
280,0,1,1,ACCEPT,33.6224,2.7707,568,0,1,0.9525,109.41,240.02,40.58,48.59,77.00,161.00,50.00,24.00,0.0000,85.41,1,0,3.3418,ACCEPT,0,1162,4139,6957,3,150,568,0,0,0,0
281,0,1,1,ACCEPT,33.3885,2.6634,538,0,0,1.0000,109.41,240.02,40.58,48.59,80.00,158.00,42.00,32.00,0.0000,87.14,1,0,3.3096,ACCEPT,0,1127,4145,7168,3,150,538,0,0,0,0
282,0,1,1,ACCEPT,33.9784,2.6976,553,0,0,1.0000,109.41,240.02,40.58,48.59,82.00,157.50,38.00,35.00,0.0000,86.96,1,0,3.3106,ACCEPT,0,1146,4149,7104,3,150,553,0,0,0,0
283,0,1,1,ACCEPT,35.0654,2.7588,549,0,1,0.9781,109.41,240.78,40.58,48.59,87.50,157.00,23.00,38.00,0.0000,86.60,1,0,3.3402,ACCEPT,0,1139,4190,6740,3,150,549,0,0,0,0
284,0,1,1,ACCEPT,34.1150,2.6150,523,0,0,1.0000,109.41,240.78,40.58,48.59,92.50,159.00,27.00,46.00,0.0000,83.51,1,0,3.3125,ACCEPT,0,1121,4175,6684,3,150,523,0,0,0,0
285,0,1,1,ACCEPT,34.4795,2.3562,516,-1,0,0.9961,108.77,240.78,40.58,48.59,97.00,160.50,32.00,47.00,0.0000,81.14,1,0,3.3805,ACCEPT,0,1046,4243,6316,3,150,516,0,0,0,0
286,0,1,1,ACCEPT,36.3868,2.6845,502,-1,1,0.9442,108.14,241.54,40.58,48.59,99.50,161.50,33.00,47.00,0.0000,80.50,1,0,3.3814,ACCEPT,0,982,4230,5902,3,150,502,0,0,0,0
287,0,1,1,ACCEPT,35.6701,2.7701,482,0,0,1.0000,108.14,241.54,40.58,48.59,99.00,159.00,34.00,44.00,0.0000,83.04,1,0,3.3938,ACCEPT,0,1017,4126,5957,3,150,482,0,0,0,0
288,0,1,1,ACCEPT,36.5359,2.5236,482,0,1,0.9606,108.14,242.30,40.58,48.59,98.00,158.50,34.00,41.00,0.0000,84.41,1,0,3.3445,ACCEPT,0,934,4122,5820,3,150,482,0,0,0,0
289,0,1,1,ACCEPT,35.8600,2.2900,458,-2,3,0.7445,106.88,244.57,40.58,48.59,96.00,158.00,32.00,36.00,0.0000,87.25,1,0,3.3821,ACCEPT,0,899,4194,5286,3,150,458,0,0,0,0
290,0,1,1,ACCEPT,37.0951,2.7407,444,-1,1,0.9212,106.24,245.33,40.58,48.59,95.00,158.00,36.00,34.00,0.0000,88.05,1,0,3.4203,ACCEPT,0,881,4194,5042,3,150,444,0,0,0,0
291,0,1,1,ACCEPT,35.0749,2.6832,432,0,2,0.8449,106.24,246.84,40.58,48.59,94.50,157.50,35.00,33.00,0.0000,90.11,1,0,3.3355,ACCEPT,0,911,4153,5170,3,150,432,0,0,0,0
292,0,1,1,ACCEPT,34.7254,2.3529,440,-1,2,0.8477,105.61,248.36,40.58,48.59,93.50,158.50,35.00,29.00,0.0000,90.67,1,0,3.2683,ACCEPT,0,918,4209,4966,3,150,440,0,0,0,0
293,0,1,1,ACCEPT,37.3467,2.3503,416,-3,3,0.5769,103.71,250.63,40.58,48.59,93.00,158.50,36.00,29.00,0.0000,92.75,1,0,3.2991,ACCEPT,0,786,4311,4313,3,150,416,0,0,0,0
294,0,1,1,ACCEPT,35.3698,2.4765,421,0,0,1.0000,103.71,250.63,40.58,48.59,91.00,159.00,38.00,28.00,0.0000,92.51,1,0,3.3626,ACCEPT,0,884,4104,5149,3,150,421,0,0,0,0
295,0,1,1,ACCEPT,36.5530,2.4205,472,0,3,0.7754,103.71,252.91,40.58,48.59,91.50,160.00,37.00,26.00,0.0000,93.71,1,0,3.3630,ACCEPT,0,891,4083,5273,3,150,472,0,0,0,0
296,0,1,1,ACCEPT,37.5308,2.3719,472,1,3,0.7775,104.34,255.18,40.58,48.59,92.00,160.50,36.00,23.00,0.0000,95.48,1,0,3.3923,ACCEPT,0,943,4141,5089,3,150,472,0,0,0,0
297,0,1,1,ACCEPT,37.8802,2.6108,483,1,1,0.9068,104.98,255.94,40.58,48.59,92.00,161.50,38.00,21.00,0.0000,95.32,1,0,3.2851,ACCEPT,0,952,4101,5288,3,150,483,0,0,0,0
298,0,1,1,ACCEPT,37.6158,2.5843,460,0,2,0.8652,104.98,257.45,40.58,48.59,93.00,162.00,38.00,20.00,0.0000,96.20,1,0,3.3839,ACCEPT,0,878,4095,5042,3,150,460,0,0,0,0
299,0,1,1,ACCEPT,37.8472,2.2921,463,1,2,0.7646,105.61,258.97,40.58,48.59,93.00,163.00,38.00,22.00,0.0000,96.79,1,0,3.3350,ACCEPT,0,900,4091,5107,3,150,463,0,0,0,0
300,0,1,1,ACCEPT,38.0339,2.5349,436,1,0,0.9817,106.24,258.97,40.58,48.59,93.50,162.50,37.00,21.00,0.0000,97.31,1,0,3.3986,ACCEPT,0,880,4136,4886,3,150,436,0,0,0,0
301,0,1,1,ACCEPT,36.8709,2.6748,436,2,2,0.8188,107.51,260.48,40.58,48.59,94.00,162.50,38.00,21.00,0.0000,98.91,1,0,3.3562,ACCEPT,0,845,4049,5205,3,150,436,0,0,0,0
302,0,1,1,ACCEPT,36.9417,2.4412,415,0,1,0.9735,107.51,261.24,40.58,48.59,95.00,162.00,38.00,22.00,0.0000,100.03,1,0,3.3333,ACCEPT,0,845,4171,5391,3,150,415,0,0,0,0
303,0,1,1,ACCEPT,36.7092,2.5963,418,0,0,1.0000,107.51,261.24,40.58,48.59,95.00,162.50,38.00,23.00,0.0000,99.53,1,0,3.3104,ACCEPT,0,837,4131,5647,3,150,418,0,0,0,0
304,0,1,1,ACCEPT,37.4159,2.3977,422,1,1,0.9787,108.14,262.00,40.58,48.59,95.50,162.50,37.00,23.00,0.0000,100.30,1,0,3.3502,ACCEPT,0,809,4096,5204,3,150,422,0,0,0,0
305,0,1,1,ACCEPT,36.9623,2.7808,406,1,0,0.9581,108.77,262.00,40.58,48.59,96.00,163.00,38.00,22.00,0.0000,99.82,1,0,3.3539,ACCEPT,0,842,3994,5184,3,150,406,0,0,0,0
306,0,1,1,ACCEPT,36.4798,2.6164,382,0,0,1.0000,108.77,262.00,40.58,48.59,95.50,163.50,39.00,21.00,0.0000,99.39,1,0,3.3604,ACCEPT,0,754,4099,5027,3,150,382,0,0,0,0
307,0,1,1,ACCEPT,36.4487,2.6889,363,0,0,1.0000,108.77,262.00,40.58,48.59,96.00,162.00,38.00,20.00,0.0000,100.81,1,0,3.3544,ACCEPT,0,755,4083,5029,3,150,363,0,0,0,0
308,0,1,1,ACCEPT,37.0903,2.4897,361,0,1,0.9889,108.77,262.76,40.58,48.59,96.00,163.00,38.00,18.00,0.0000,100.57,1,0,3.3320,ACCEPT,0,726,4089,5183,3,150,361,0,0,0,0
309,0,1,1,ACCEPT,36.4653,2.2866,359,1,-1,0.9889,109.41,262.00,40.58,48.59,95.50,163.00,39.00,18.00,0.0000,99.97,1,0,3.3706,ACCEPT,0,751,4033,5473,3,150,359,0,0,0,0
310,0,1,1,ACCEPT,37.8030,2.3613,366,1,1,0.9481,110.04,262.76,40.58,48.59,95.00,163.50,40.00,17.00,0.0000,100.39,1,0,3.1630,ACCEPT,0,707,4101,5531,3,150,366,0,0,0,0
311,0,1,1,ACCEPT,35.8451,2.6154,340,-1,0,0.9559,109.41,262.76,40.58,48.59,94.50,162.50,41.00,17.00,0.0000,101.36,1,0,3.3474,ACCEPT,0,669,4216,5857,3,150,340,0,0,0,0
312,0,1,1,ACCEPT,36.0485,2.4895,356,0,0,1.0000,109.41,262.76,40.58,48.59,93.50,162.50,43.00,17.00,0.0000,101.51,1,0,3.3107,ACCEPT,0,685,4140,6544,3,150,356,0,0,0,0
313,0,1,1,ACCEPT,38.4095,2.7231,354,0,1,0.9831,109.41,263.52,40.58,48.59,93.50,162.50,45.00,17.00,0.0000,102.26,1,0,3.2795,ACCEPT,0,658,4105,6220,3,150,354,0,0,0,0
314,0,1,1,ACCEPT,36.3286,2.7231,354,0,0,1.0000,109.41,263.52,40.58,48.59,92.50,164.00,45.00,20.00,0.0000,100.94,1,0,3.2867,ACCEPT,0,680,4102,6559,3,150,354,0,0,0,0
315,0,1,1,ACCEPT,37.2615,2.6423,362,0,0,1.0000,109.41,263.52,40.58,48.59,91.50,165.00,47.00,22.00,0.0000,100.13,1,0,3.3229,ACCEPT,0,704,4098,6871,3,150,362,0,0,0,0
316,0,1,1,ACCEPT,36.5127,2.5852,349,0,1,0.9971,109.41,264.27,40.58,48.59,90.50,165.50,49.00,27.00,0.0000,100.57,1,0,3.2792,ACCEPT,0,680,4086,6875,3,150,349,0,0,0,0
317,0,1,1,ACCEPT,37.7908,2.5564,340,0,1,0.9559,109.41,265.03,40.58,48.59,90.00,165.50,50.00,33.00,0.0000,101.41,1,0,3.2494,ACCEPT,0,642,4145,7023,3,150,340,0,0,0,0
318,0,1,1,ACCEPT,37.0178,2.5954,340,0,0,1.0000,109.41,265.03,40.58,48.59,89.00,166.00,50.00,36.00,0.0000,101.11,1,0,3.2984,ACCEPT,0,697,4079,7230,3,150,340,0,0,0,0
319,0,1,1,ACCEPT,38.1031,2.5440,318,0,1,0.9623,109.41,265.79,40.58,48.59,89.00,164.00,52.00,40.00,0.0000,103.81,1,0,3.2592,ACCEPT,0,619,4107,7524,3,150,318,0,0,0,0
320,0,1,1,ACCEPT,36.9078,2.6695,315,0,1,0.9841,109.41,266.55,40.58,48.59,88.50,166.00,55.00,46.00,0.0000,102.70,1,0,3.2906,ACCEPT,0,640,4094,7124,3,150,315,0,0,0,0
321,0,1,1,ACCEPT,36.9224,2.7429,288,0,0,1.0000,109.41,266.55,40.58,48.59,88.50,166.00,53.00,48.00,0.0000,102.70,1,0,3.2941,ACCEPT,0,576,4062,7618,3,150,288,0,0,0,0
322,0,1,1,ACCEPT,36.9551,2.5487,288,0,1,0.9965,109.41,267.30,40.58,48.59,88.50,165.50,53.00,49.00,0.0000,103.93,1,0,3.3141,ACCEPT,0,547,4067,7817,3,150,288,0,0,0,0
323,0,1,1,ACCEPT,36.4030,2.5310,286,1,2,0.8636,110.04,268.82,40.58,48.59,89.00,166.00,56.00,50.00,0.0000,104.95,1,0,3.2132,ACCEPT,0,560,3992,8339,3,150,286,0,0,0,0
324,0,1,1,ACCEPT,36.2769,2.4018,269,0,0,1.0000,110.04,268.82,40.58,48.59,88.50,167.00,55.00,52.00,0.0000,104.07,1,0,3.2759,ACCEPT,0,532,4056,8680,3,150,269,0,0,0,0
325,0,1,1,ACCEPT,35.8171,2.2406,298,1,1,0.9597,110.67,269.58,40.58,48.59,89.00,167.50,56.00,49.00,0.0000,104.35,1,0,3.2292,ACCEPT,0,613,4029,8087,3,150,298,0,0,0,0
326,0,1,1,ACCEPT,35.9939,2.3947,273,0,1,0.9634,110.67,270.34,40.58,48.59,90.00,169.00,58.00,48.00,0.0000,103.42,1,0,3.3093,ACCEPT,0,525,4105,7589,3,150,273,0,0,0,0
327,0,1,1,ACCEPT,35.2127,2.6311,271,0,1,0.9483,110.67,271.09,40.58,48.59,90.00,170.00,58.00,48.00,0.0000,103.19,1,0,3.2863,ACCEPT,0,564,4053,7262,3,150,271,0,0,0,0
328,0,1,1,ACCEPT,35.8583,2.5505,278,1,1,0.9353,111.30,271.85,40.58,48.59,89.50,169.00,57.00,48.00,0.0000,105.14,1,0,3.3100,ACCEPT,0,553,3934,7192,3,150,278,0,0,0,0
329,0,1,1,ACCEPT,34.0124,2.6460,299,2,1,0.8428,112.57,272.61,40.58,48.59,91.00,170.00,58.00,44.00,0.0000,104.85,1,0,3.2048,ACCEPT,0,618,3882,8132,3,150,299,0,0,0,0
330,0,1,1,ACCEPT,33.9586,2.4286,306,0,0,1.0000,112.57,272.61,40.58,48.59,90.50,168.00,57.00,44.00,0.0000,106.91,1,0,3.2895,ACCEPT,0,626,4016,7043,3,150,306,0,0,0,0
331,0,1,1,ACCEPT,35.4133,2.1631,305,1,1,0.9607,113.20,273.37,40.58,48.59,90.00,164.50,58.00,47.00,0.0000,111.31,1,0,3.2687,ACCEPT,0,644,3950,6870,3,150,305,0,0,0,0
332,0,1,1,ACCEPT,33.1811,2.4080,301,1,2,0.8173,113.84,274.88,40.58,48.59,91.00,163.50,60.00,45.00,0.0000,113.70,1,0,3.2361,ACCEPT,0,653,3916,7034,3,150,301,0,0,0,0
333,0,1,1,ACCEPT,34.1001,2.6262,281,0,0,1.0000,113.84,274.88,40.58,48.59,92.00,160.00,58.00,48.00,0.0000,116.94,1,0,3.2956,ACCEPT,0,625,3981,6536,3,150,281,0,0,0,0
334,0,1,1,ACCEPT,33.4309,2.4569,285,1,1,0.9193,114.47,275.64,40.58,48.59,92.50,157.00,61.00,50.00,0.0000,120.66,1,0,3.3366,ACCEPT,0,655,3915,6875,3,150,285,0,0,0,0
335,0,1,1,ACCEPT,32.7188,2.2429,314,3,0,0.8376,116.37,275.64,42.20,50.53,94.50,155.50,59.00,47.00,0.0000,122.11,1,1,3.0716,ACCEPT,0,712,3869,7915,3,150,314,0,0,0,0
336,0,1,1,ACCEPT,35.3920,2.3969,314,1,0,0.9427,117.02,275.64,42.20,50.53,94.00,155.00,58.00,46.00,0.0000,122.82,1,0,3.1703,ACCEPT,0,705,3944,7450,3,150,314,0,0,0,0
337,0,1,1,ACCEPT,37.9571,2.7345,309,1,1,0.8997,117.68,276.43,42.20,50.53,95.00,156.00,58.00,44.00,0.0000,122.55,1,0,3.2283,ACCEPT,0,624,3947,7780,3,150,309,0,0,0,0
338,0,1,1,ACCEPT,35.8660,2.3228,295,1,2,0.8576,118.34,278.01,42.20,50.53,95.50,157.50,59.00,39.00,0.0000,122.65,1,0,3.2379,ACCEPT,0,652,3936,7975,3,150,295,0,0,0,0
339,0,1,1,ACCEPT,34.1314,2.5652,295,1,0,0.9559,118.99,278.01,42.20,50.53,96.00,157.50,60.00,37.00,0.0000,122.68,1,0,3.1393,ACCEPT,0,647,3921,8479,3,150,295,0,0,0,0
340,0,1,1,ACCEPT,34.2529,2.4754,302,1,1,0.9503,119.65,278.80,42.20,50.53,96.00,157.50,60.00,37.00,0.0000,123.58,1,0,3.1755,ACCEPT,0,641,3891,8439,3,150,302,0,0,0,0
341,0,1,1,ACCEPT,37.1027,2.4188,283,1,0,0.9753,120.30,278.80,42.20,50.53,97.00,157.50,62.00,37.00,0.0000,123.52,1,0,3.2080,ACCEPT,0,532,3855,7804,3,150,283,0,0,0,0
342,0,1,1,ACCEPT,35.9208,2.5743,260,1,0,0.9538,120.96,278.80,42.20,50.53,98.00,157.50,60.00,39.00,0.0000,123.45,1,0,3.0754,ACCEPT,0,496,3858,7508,3,150,260,0,0,0,0
343,0,1,1,ACCEPT,34.8078,2.3241,251,1,1,0.9562,121.62,279.59,43.89,52.55,99.00,156.00,62.00,40.00,0.0000,125.64,1,1,3.0508,ACCEPT,0,492,3804,7963,3,150,251,0,0,0,0
344,0,1,1,ACCEPT,35.4895,2.3514,261,1,1,0.9847,122.30,280.41,43.89,52.55,99.50,154.50,61.00,43.00,0.0000,127.95,1,0,3.2183,ACCEPT,0,501,3933,7549,3,150,261,0,0,0,0
345,0,1,1,ACCEPT,36.8033,2.5784,263,1,1,0.9582,122.99,281.23,43.89,52.55,99.50,153.00,61.00,46.00,0.0000,130.36,1,0,3.0716,ACCEPT,0,499,3948,6762,3,150,263,0,0,0,0
346,0,1,1,ACCEPT,35.3055,2.4694,242,0,0,1.0000,122.99,281.23,43.89,52.55,98.50,152.00,63.00,48.00,0.0000,131.53,1,0,3.1126,ACCEPT,0,494,4005,5998,3,150,242,0,0,0,0
347,0,1,1,ACCEPT,35.0590,2.3762,240,0,1,0.9458,122.99,282.05,43.89,52.55,98.00,151.50,64.00,51.00,0.0000,132.92,1,0,3.1931,ACCEPT,0,487,4010,5932,3,150,240,0,0,0,0
348,0,1,1,ACCEPT,35.3505,2.2252,247,1,1,0.9838,123.68,282.87,43.89,52.55,98.50,151.00,65.00,52.00,0.0000,134.25,1,0,3.1182,ACCEPT,0,489,3933,6107,3,150,247,0,0,0,0
349,0,1,1,ACCEPT,36.1078,2.2963,248,-1,1,0.9839,122.99,283.69,43.89,52.55,99.00,151.00,66.00,50.00,0.0000,134.84,1,0,3.2419,ACCEPT,0,490,3992,6457,3,150,248,0,0,0,0
350,0,1,1,ACCEPT,35.7586,2.3714,249,1,0,0.9438,123.68,283.69,43.89,52.55,97.00,151.00,68.00,48.00,0.0000,135.34,1,0,3.2098,ACCEPT,0,509,3885,6770,3,150,249,0,0,0,0
351,0,1,1,ACCEPT,35.7743,2.6489,249,0,0,1.0000,123.68,283.69,43.89,52.55,97.00,151.00,70.00,48.00,0.0000,135.34,1,0,3.2202,ACCEPT,0,525,3935,6250,3,150,249,0,0,0,0
352,0,1,1,ACCEPT,35.6040,2.4747,245,1,2,0.8898,124.37,285.33,43.89,52.55,96.00,152.00,72.00,46.00,0.0000,136.31,1,0,3.1569,ACCEPT,0,514,3931,6569,3,150,245,0,0,0,0
353,0,1,1,ACCEPT,36.6669,2.4158,244,1,1,0.9467,125.05,286.15,45.64,54.65,96.50,152.00,73.00,44.00,0.0000,137.15,1,1,3.0375,ACCEPT,0,511,3922,6404,3,150,244,0,0,0,0
354,0,1,1,ACCEPT,35.6693,2.2150,237,-1,0,0.9916,124.34,286.15,45.64,54.65,96.00,153.50,74.00,43.00,0.0000,135.64,1,0,3.2903,ACCEPT,0,495,4048,6303,3,150,237,0,0,0,0
355,0,1,1,ACCEPT,35.7218,2.2783,262,1,2,0.8473,125.05,287.85,45.64,54.65,97.00,154.50,74.00,41.00,0.0000,136.27,1,0,3.2710,ACCEPT,0,551,3918,6774,3,150,262,0,0,0,0
356,0,1,1,ACCEPT,35.4235,2.4107,270,1,0,0.9778,125.77,287.85,45.64,54.65,97.50,154.50,75.00,43.00,0.0000,136.31,1,0,3.2540,ACCEPT,0,575,4004,6917,3,150,270,0,0,0,0
357,0,1,1,ACCEPT,38.2664,2.3186,262,-1,1,0.9656,125.05,288.70,45.64,54.65,97.50,154.50,75.00,43.00,0.0000,137.00,1,0,3.2263,ACCEPT,0,517,4073,6328,3,150,262,0,0,0,0
358,0,1,1,ACCEPT,37.0899,2.3694,263,2,1,0.8555,126.48,289.55,45.64,54.65,100.50,155.00,71.00,42.00,0.0000,137.04,1,0,3.2446,ACCEPT,0,547,3899,6680,3,150,263,0,0,0,0
359,0,1,1,ACCEPT,36.5652,2.3571,264,1,1,0.9167,127.19,290.41,45.64,54.65,102.50,155.50,65.00,43.00,0.0000,137.15,1,0,3.1023,ACCEPT,0,549,3994,6058,3,150,264,0,0,0,0
360,0,1,1,ACCEPT,37.7028,2.3810,250,-1,2,0.8440,126.48,292.11,45.64,54.65,104.00,155.50,62.00,43.00,0.0000,138.45,1,0,3.2472,ACCEPT,0,502,4105,4792,3,150,250,0,0,0,0
361,0,1,1,ACCEPT,36.8891,2.6915,253,1,2,0.8775,127.19,293.81,45.64,54.65,104.00,156.50,64.00,41.00,0.0000,139.26,1,0,3.1175,ACCEPT,0,510,3963,4400,3,150,253,0,0,0,0
362,0,1,1,ACCEPT,35.5423,2.3585,250,-1,1,0.9000,126.48,294.66,45.64,54.65,103.50,157.00,63.00,40.00,0.0000,139.57,1,0,3.1527,ACCEPT,0,532,4126,4812,3,150,250,0,0,0,0
363,0,1,1,ACCEPT,35.4993,2.4906,264,0,1,0.9583,126.48,295.52,45.64,54.65,103.00,157.50,64.00,41.00,0.0000,140.00,1,0,3.0847,ACCEPT,0,535,4155,5265,3,150,264,0,0,0,0
364,0,1,1,ACCEPT,34.8427,2.3333,252,-1,3,0.6587,125.77,298.07,47.47,56.84,102.00,158.00,66.00,42.00,0.0000,142.07,1,1,3.0566,ACCEPT,0,564,4182,5023,3,150,252,0,0,0,0
365,0,1,1,ACCEPT,35.8275,2.4674,227,-2,4,0.4273,124.28,301.63,47.47,56.84,100.50,156.50,65.00,43.00,0.0000,147.07,1,0,3.2686,ACCEPT,0,444,4326,3906,3,150,227,0,0,0,0
366,0,1,1,ACCEPT,35.9251,2.2404,233,1,1,0.9399,125.02,302.52,47.47,56.84,100.00,156.00,66.00,42.00,0.0000,148.64,1,0,3.0976,ACCEPT,0,488,4237,4488,3,150,233,0,0,0,0
367,0,1,1,ACCEPT,35.9924,2.3918,232,-2,3,0.5948,123.54,305.20,47.47,56.84,99.50,157.50,65.00,43.00,0.0000,149.64,1,0,3.2655,ACCEPT,0,525,4234,4836,3,150,232,0,0,0,0
368,0,1,1,ACCEPT,28.7433,2.6957,186,-1,4,0.5054,122.80,308.76,47.47,56.84,100.00,159.00,66.00,50.00,0.0000,151.48,1,0,3.2055,ACCEPT,0,532,4327,6302,3,150,186,0,0,0,0
369,0,1,1,ACCEPT,25.0772,2.9714,208,0,2,0.9135,122.80,310.54,47.47,56.84,99.00,159.00,68.00,50.00,0.0000,153.40,1,0,3.2332,ACCEPT,0,627,4396,8769,3,150,208,0,0,0,0
370,0,1,1,ACCEPT,24.5304,2.7660,260,0,2,0.9077,122.80,312.32,47.47,56.84,98.00,159.50,70.00,51.00,0.0000,154.82,1,0,3.2227,ACCEPT,0,667,4538,8021,3,150,260,0,0,0,0
371,0,1,1,ACCEPT,23.9908,2.3125,259,0,3,0.8185,122.80,314.99,47.47,56.84,98.00,159.50,70.00,51.00,0.0000,157.46,1,0,3.2327,ACCEPT,0,643,4752,5695,3,150,259,0,0,0,0
372,0,1,1,ACCEPT,23.8495,2.2524,232,1,0,0.9871,123.54,314.99,47.47,56.84,97.50,160.50,71.00,51.00,0.0000,156.67,1,0,3.1180,ACCEPT,0,553,4768,5946,3,150,232,0,0,0,0
373,0,1,1,ACCEPT,21.9188,2.0500,205,-1,2,0.8732,122.80,316.77,47.47,56.84,98.00,158.00,72.00,48.00,0.0000,160.70,1,0,3.2719,ACCEPT,0,539,4575,4092,3,150,205,0,0,0,0
374,0,1,1,ACCEPT,20.0672,2.0548,150,1,1,0.8667,123.54,317.66,47.47,56.84,96.50,158.00,75.00,48.00,0.0000,161.94,1,0,3.1988,ACCEPT,0,411,4347,3370,3,150,150,0,0,0,0
375,0,1,1,ACCEPT,18.9020,2.2941,117,1,1,0.9573,124.28,318.55,47.47,56.84,95.50,159.50,77.00,49.00,0.0000,161.64,1,0,3.0698,ACCEPT,0,367,4471,2920,3,150,117,0,0,0,0
376,0,1,1,ACCEPT,17.2431,2.2381,94,1,1,0.8723,125.02,319.45,47.47,56.84,95.00,158.50,78.00,47.00,0.0000,163.72,1,0,3.0213,ACCEPT,0,320,4372,2918,3,150,94,0,0,0,0
377,0,1,1,ACCEPT,14.9570,2.0233,87,1,2,0.8276,125.77,321.23,49.37,59.11,94.00,158.50,82.00,45.00,0.0000,165.80,1,1,2.9982,ACCEPT,0,307,4363,2901,3,150,87,0,0,0,0
378,0,1,1,ACCEPT,12.1009,1.8056,65,1,1,0.8923,126.54,322.15,49.37,59.11,94.50,156.50,83.00,45.00,0.0000,168.72,1,0,3.1631,ACCEPT,0,321,4212,3381,3,150,65,0,0,0,0
379,0,1,1,ACCEPT,10.0661,1.6000,56,0,1,0.9464,126.54,323.07,49.37,59.11,94.00,156.50,86.00,43.00,0.0000,169.72,1,0,3.2037,ACCEPT,0,333,4239,2977,3,150,56,0,0,0,0
380,0,1,1,ACCEPT,10.2837,1.6552,48,1,1,0.9375,127.31,323.99,49.37,59.11,94.50,155.50,85.00,41.00,0.0000,171.66,1,0,3.1416,ACCEPT,0,276,4252,3030,3,150,48,0,0,0,0
381,0,1,1,ACCEPT,10.4258,1.6333,49,1,-1,0.9388,128.09,323.07,49.37,59.11,95.00,154.50,84.00,41.00,0.0000,171.79,1,0,3.0674,ACCEPT,0,283,4259,3044,3,150,49,0,0,0,0
382,0,1,1,ACCEPT,11.4898,1.8929,53,-1,1,0.9057,127.31,323.99,49.37,59.11,95.00,155.00,84.00,42.00,0.0000,172.05,1,0,3.2129,ACCEPT,0,272,4351,3035,3,150,53,0,0,0,0
383,0,1,1,ACCEPT,11.5373,1.8667,56,1,1,0.9107,128.09,324.91,49.37,59.11,95.00,154.00,84.00,44.00,0.0000,174.09,1,0,3.0992,ACCEPT,0,287,4070,3282,3,150,56,0,0,0,0
384,0,1,1,ACCEPT,10.8643,1.6452,51,0,0,1.0000,128.09,324.91,49.37,59.11,94.50,154.00,87.00,46.00,0.0000,174.18,1,0,3.1296,ACCEPT,0,279,4198,2830,3,150,51,0,0,0,0
385,0,1,1,ACCEPT,11.7308,1.7857,50,1,1,0.9000,128.86,325.84,49.37,59.11,95.00,153.50,88.00,47.00,0.0000,175.63,1,0,3.1149,ACCEPT,0,252,4115,2918,3,150,50,0,0,0,0
386,0,1,1,ACCEPT,11.6747,1.7857,50,1,0,0.9600,129.63,325.84,49.37,59.11,95.50,153.50,87.00,47.00,0.0000,175.68,1,0,3.0796,ACCEPT,0,254,4234,2713,3,150,50,0,0,0,0
387,0,1,1,ACCEPT,12.0459,1.7143,48,0,1,0.9792,129.63,326.76,49.37,59.11,97.00,153.50,86.00,47.00,0.0000,176.30,1,0,3.0943,ACCEPT,0,246,4290,2718,3,150,48,0,0,0,0
388,0,1,1,ACCEPT,11.6343,1.6000,40,-1,-1,0.9250,128.86,325.84,49.37,59.11,97.00,153.00,86.00,46.00,0.0000,175.75,1,0,3.1960,ACCEPT,0,213,4307,2654,3,150,40,0,0,0,0
389,0,1,1,ACCEPT,13.1515,2.0000,46,1,1,0.9130,129.63,326.76,49.37,59.11,97.50,154.50,85.00,47.00,0.0000,175.23,1,0,3.1097,ACCEPT,0,205,4310,2972,3,150,46,0,0,0,0
390,0,1,1,ACCEPT,12.4176,1.8000,45,-1,1,0.9333,128.86,327.68,49.37,59.11,95.50,154.00,87.00,48.00,0.0000,176.85,1,0,3.1929,ACCEPT,0,214,4390,2796,3,150,45,0,0,0,0
391,0,1,1,ACCEPT,12.4295,1.6957,39,0,-1,0.9744,128.86,326.76,49.37,59.11,96.00,154.50,84.00,47.00,0.0000,175.36,1,0,3.1275,ACCEPT,0,197,4302,2887,3,150,39,0,0,0,0
392,0,1,1,ACCEPT,14.0939,2.2381,47,-1,1,0.8511,128.09,327.68,49.37,59.11,96.00,155.50,84.00,47.00,0.0000,175.14,1,0,3.2082,ACCEPT,0,197,4242,2723,3,150,47,0,0,0,0
393,0,1,1,ACCEPT,14.5169,2.0455,45,1,1,0.8889,128.86,328.60,49.37,59.11,95.00,155.50,86.00,49.00,0.0000,176.38,1,0,3.1063,ACCEPT,0,186,4134,2744,3,150,45,0,0,0,0
394,0,1,1,ACCEPT,14.8489,2.2000,44,-1,1,0.8636,128.09,329.52,49.37,59.11,95.00,157.00,86.00,48.00,0.0000,175.67,1,0,3.1933,ACCEPT,0,179,4267,2452,3,150,44,0,0,0,0
395,0,1,1,ACCEPT,15.2127,2.2105,42,1,1,0.9286,128.86,330.45,49.37,59.11,95.00,157.50,84.00,49.00,0.0000,176.23,1,0,3.1101,ACCEPT,0,172,4192,2698,3,150,42,0,0,0,0
396,0,1,1,ACCEPT,15.5739,2.2500,45,-1,1,0.8667,128.09,331.37,49.37,59.11,95.50,157.00,83.00,48.00,0.0000,177.39,1,0,3.1754,ACCEPT,0,181,4410,2295,3,150,45,0,0,0,0
397,0,1,1,ACCEPT,15.3617,2.1053,40,1,1,0.9500,128.86,332.29,49.37,59.11,96.00,158.50,84.00,51.00,0.0000,176.87,1,0,3.0827,ACCEPT,0,162,4339,2452,3,150,40,0,0,0,0
398,0,1,1,ACCEPT,14.2400,1.9000,38,-2,-1,0.8947,127.31,331.37,49.37,59.11,96.50,158.50,81.00,53.00,0.0000,175.59,1,0,3.2303,ACCEPT,0,167,4394,2233,3,150,38,0,0,0,0
399,0,1,1,ACCEPT,16.6289,2.3333,42,1,1,0.9286,128.09,332.29,49.37,59.11,96.00,158.00,82.00,58.00,0.0000,177.22,1,0,3.1021,ACCEPT,0,156,4347,2282,3,150,42,0,0,0,0
400,0,1,1,ACCEPT,14.8757,1.9000,38,-1,-1,0.8947,127.31,331.37,49.37,59.11,97.00,158.00,78.00,60.00,0.0000,176.00,1,0,3.1279,ACCEPT,0,159,4412,2234,3,150,38,0,0,0,0
401,0,1,1,ACCEPT,17.1618,2.2500,45,-1,1,0.9111,126.54,332.29,49.37,59.11,99.00,158.00,76.00,62.00,0.0000,176.45,1,0,3.2191,ACCEPT,0,160,4383,2107,3,150,45,0,0,0,0
402,0,1,1,ACCEPT,15.7541,2.2941,39,-1,-1,0.9487,125.77,331.37,49.37,59.11,99.00,157.50,74.00,63.00,0.0000,175.92,1,0,3.2247,ACCEPT,0,154,4453,1960,3,150,39,0,0,0,0
403,0,1,1,ACCEPT,18.5466,2.9333,44,1,1,0.8864,126.54,332.29,49.37,59.11,98.50,158.50,73.00,65.00,0.0000,176.04,1,0,3.2130,ACCEPT,0,147,4284,2119,3,150,44,0,0,0,0
404,0,1,1,ACCEPT,16.1440,2.6000,39,-1,-1,0.9231,125.77,331.37,49.37,59.11,98.50,158.00,75.00,68.00,0.0000,175.50,1,0,3.2274,ACCEPT,0,152,4329,1928,3,150,39,0,0,0,0
405,0,1,1,ACCEPT,18.1373,2.9286,41,1,1,0.8780,126.54,332.29,49.37,59.11,99.00,159.00,74.00,66.00,0.0000,175.46,1,0,3.2273,ACCEPT,0,138,4180,2232,3,150,41,0,0,0,0
406,0,1,1,ACCEPT,17.7059,2.7500,44,1,-1,0.9091,127.31,331.37,49.37,59.11,99.00,158.00,74.00,64.00,0.0000,175.66,1,0,3.2287,ACCEPT,0,157,4346,2031,3,150,44,0,0,0,0
407,0,1,1,ACCEPT,19.3818,3.3846,44,1,0,0.9091,128.09,331.37,49.37,59.11,99.50,156.50,75.00,63.00,0.0000,177.19,1,0,3.1839,ACCEPT,0,142,4349,2176,3,150,44,0,0,0,0
408,0,1,1,ACCEPT,18.9149,2.1500,43,1,0,0.9767,128.86,331.37,49.37,59.11,100.00,157.00,74.00,60.00,0.0000,176.74,1,0,3.1075,ACCEPT,0,140,4326,2241,3,150,43,0,0,0,0
409,0,1,1,ACCEPT,18.7942,2.8667,43,-1,-1,0.9302,128.09,330.45,49.37,59.11,100.50,157.00,75.00,56.00,0.0000,175.63,1,0,3.2038,ACCEPT,0,140,4261,2043,3,150,43,0,0,0,0
410,0,1,1,ACCEPT,21.6532,3.0000,45,1,1,0.8667,128.86,331.37,49.37,59.11,101.00,156.50,74.00,51.00,0.0000,177.07,1,0,3.2091,ACCEPT,0,131,4149,2278,3,150,45,0,0,0,0
411,0,1,1,ACCEPT,18.7339,2.5333,38,0,-1,0.9737,128.86,330.45,49.37,59.11,101.00,156.00,74.00,50.00,0.0000,176.66,1,0,3.1939,ACCEPT,0,129,4333,2255,3,150,38,0,0,0,0
412,0,1,1,ACCEPT,21.3367,2.4737,47,1,1,0.9149,129.63,331.37,49.37,59.11,101.00,155.00,74.00,46.00,0.0000,178.68,1,0,3.2183,ACCEPT,0,133,4065,2258,3,150,47,0,0,0,0
413,0,1,1,ACCEPT,19.8424,2.4118,41,-1,-1,0.9512,128.86,330.45,49.37,59.11,102.00,155.00,74.00,40.00,0.0000,177.49,1,0,3.2020,ACCEPT,0,132,4152,2021,3,150,41,0,0,0,0
414,0,1,1,ACCEPT,21.2334,2.8000,42,1,1,0.9048,129.63,331.37,49.37,59.11,101.50,154.50,73.00,39.00,0.0000,179.09,1,0,3.2224,ACCEPT,0,122,3934,2237,3,150,42,0,0,0,0
415,0,1,1,ACCEPT,18.4476,2.0556,37,1,-1,0.9459,130.41,330.45,49.37,59.11,102.00,153.50,74.00,35.00,0.0000,179.21,1,0,3.1769,ACCEPT,0,124,4246,2014,3,150,37,0,0,0,0
416,0,1,1,ACCEPT,20.2583,2.2222,40,1,1,0.9500,131.18,331.37,49.37,59.11,102.00,154.50,74.00,33.00,0.0000,179.26,1,0,3.0833,ACCEPT,0,113,4154,2028,3,150,40,0,0,0,0
0,0,0,0,ZERO_RESPONSE,0.0000,0.0000,0,0,0,0.0000,96.50,187.00,61.00,40.00,96.50,187.00,61.00,40.00,1.0000,0.00,1,0,0.0000,NOT_RUN,0,0,7987,10795,4,200,0,0,0,0,0
1,0,1,1,ACCEPT,43.9076,2.8425,776,0,0,1.0000,96.50,187.00,61.00,40.00,96.00,188.00,62.00,40.00,0.9362,1.12,1,0,3.3066,ACCEPT,0,1214,7313,11720,4,200,776,0,0,0,0
2,0,1,1,ACCEPT,27.4324,2.6861,599,0,-3,0.7763,96.50,185.12,61.00,40.00,96.00,187.00,62.00,44.00,0.8944,1.94,1,0,3.1434,ACCEPT,0,1077,6230,13666,4,200,599,0,0,0,0
3,0,1,1,ACCEPT,25.4655,2.4954,811,1,-2,0.8471,97.45,183.88,61.00,40.00,97.00,185.50,60.00,47.00,0.8392,1.69,1,0,2.7511,ACCEPT,0,1738,5904,13816,4,200,811,0,0,0,0
4,0,1,1,ACCEPT,23.7362,2.4551,820,1,-2,0.8732,98.41,182.62,61.00,40.00,97.00,184.50,60.00,45.00,0.8514,2.34,1,0,2.4710,ACCEPT,0,1741,5548,14707,4,200,820,0,0,0,0
5,0,1,1,ACCEPT,20.1000,2.2104,935,1,-3,0.7797,99.36,180.75,61.00,40.00,97.00,181.50,60.00,47.00,0.7925,2.48,1,0,2.5610,ACCEPT,0,2133,5250,14869,4,200,935,0,0,0,0
6,0,1,1,ACCEPT,15.7353,1.6442,804,0,-1,0.9764,99.36,180.12,61.00,40.00,97.00,183.50,60.00,55.00,0.6811,4.12,1,0,2.3854,ACCEPT,0,2319,5274,14800,4,200,804,0,0,0,0
7,0,1,1,ACCEPT,14.8384,1.4380,719,0,0,1.0000,99.36,180.12,61.00,40.00,97.00,185.00,60.00,58.00,0.6470,5.42,1,0,2.6567,ACCEPT,0,2038,4947,15236,4,200,719,0,0,0,0
8,0,1,1,ACCEPT,13.2243,1.2548,655,0,-2,0.9664,99.36,178.88,58.65,38.46,97.00,185.50,60.00,65.00,0.5526,7.03,1,-1,2.6620,ACCEPT,0,2121,4662,15405,4,200,655,0,0,0,0
9,0,1,1,ACCEPT,12.8184,1.3839,638,-1,-3,0.8762,98.45,177.07,58.65,38.46,96.50,186.00,61.00,66.00,0.5489,9.14,1,0,2.4107,ACCEPT,0,2219,4626,15920,4,200,638,0,0,0,0
10,0,1,1,ACCEPT,14.6544,1.4570,711,0,-1,0.9986,98.45,176.47,58.65,38.46,96.00,186.50,60.00,67.00,0.5351,10.32,1,0,2.5573,ACCEPT,0,2196,4508,15740,4,200,711,0,0,0,0
11,0,1,1,ACCEPT,13.5220,1.4289,613,0,2,0.9168,98.45,177.67,58.65,38.46,96.00,187.50,62.00,69.00,0.5168,10.13,1,0,2.4151,ACCEPT,0,2068,4414,15808,4,200,613,0,0,0,0
12,0,1,1,ACCEPT,13.0286,1.5000,615,-1,1,0.9626,97.53,178.27,58.65,38.46,95.50,190.00,63.00,70.00,0.5115,11.90,1,0,1.8126,LOW_CONF,0,2159,4270,15965,4,200,615,0,0,0,0
13,0,1,1,ACCEPT,12.8940,1.4696,629,-1,2,0.9253,96.62,179.48,56.40,36.98,94.50,190.50,63.00,71.00,0.4663,11.22,1,-1,2.1609,ACCEPT,0,2229,4155,16150,4,200,629,0,0,0,0
14,0,1,1,ACCEPT,11.8077,1.3422,604,-2,5,0.8063,94.85,182.37,54.23,35.56,92.50,191.00,65.00,68.00,0.4363,8.95,1,-1,3.0778,ACCEPT,0,2520,4070,16775,4,200,604,0,0,0,0
15,0,1,1,ACCEPT,10.4554,1.3860,614,-1,3,0.8713,94.01,184.03,54.23,35.56,92.00,192.00,68.00,66.00,0.4297,8.22,1,0,3.0274,ACCEPT,0,3215,3708,16074,4,200,614,0,0,0,0
16,0,1,1,ACCEPT,11.3457,1.5891,669,0,1,0.9671,94.01,184.59,54.23,35.56,91.00,193.00,70.00,64.00,0.4304,8.94,1,0,3.1122,ACCEPT,0,3401,3450,15820,4,200,669,0,0,0,0
17,0,1,1,ACCEPT,10.8181,1.5942,711,-1,2,0.8931,93.16,185.70,52.14,34.19,89.00,192.50,74.00,65.00,0.3707,7.98,1,-1,2.1816,ACCEPT,0,4134,3371,14780,4,200,711,0,0,0,0
18,0,1,1,ACCEPT,10.8191,1.5873,773,-1,4,0.6688,92.35,187.82,50.14,32.88,89.00,194.00,76.00,64.00,0.3389,7.03,1,-1,2.8450,ACCEPT,0,4873,3232,12978,4,200,773,0,0,0,0
19,0,1,1,ACCEPT,11.2348,1.6019,833,-1,2,0.8703,91.57,188.85,50.14,32.88,88.50,195.00,77.00,64.00,0.3345,6.87,1,0,2.7572,ACCEPT,0,4981,3134,10770,4,200,833,0,0,0,0
20,0,1,1,ACCEPT,12.0587,1.5597,836,-2,3,0.6878,90.01,190.40,48.21,31.61,88.00,197.00,78.00,60.00,0.3256,6.90,1,-1,2.4476,ACCEPT,0,4629,3035,8498,4,200,836,0,0,0,0
21,0,1,1,ACCEPT,11.0214,1.4299,765,-1,4,0.7216,89.26,192.37,48.21,31.61,88.00,198.00,80.00,60.00,0.3175,5.77,1,0,2.4199,ACCEPT,0,4588,2984,8581,4,200,765,0,0,0,0
22,0,1,1,ACCEPT,11.9894,1.6472,817,1,1,0.9449,90.01,192.86,48.21,31.61,88.00,198.50,80.00,57.00,0.3342,5.99,1,0,2.5551,ACCEPT,0,4430,2900,9237,4,200,817,0,0,0,0
23,0,1,1,ACCEPT,12.3865,1.7652,842,1,2,0.8895,90.76,193.84,48.21,31.61,89.00,201.00,82.00,56.00,0.3319,7.37,1,0,2.5297,ACCEPT,0,4223,2953,10100,4,200,842,0,0,0,0
24,0,1,1,ACCEPT,13.0554,1.6380,932,3,3,0.7672,93.01,195.32,48.21,31.61,90.00,202.00,84.00,52.00,0.3489,7.33,1,0,2.4897,ACCEPT,0,4282,3095,10610,4,200,932,0,0,0,0
25,0,1,1,ACCEPT,14.3928,1.7283,1056,2,2,0.8722,94.51,196.30,48.21,31.61,91.50,202.50,83.00,49.00,0.3747,6.89,1,0,2.5577,ACCEPT,0,4380,3214,11037,4,200,1056,0,0,0,0
26,0,1,1,ACCEPT,14.2185,1.7305,1111,3,3,0.7642,96.76,197.78,48.21,31.61,92.50,203.00,83.00,46.00,0.3992,6.74,1,0,2.5854,ACCEPT,0,4551,3360,11617,4,200,1111,0,0,0,0
27,0,1,1,ACCEPT,13.8068,1.6066,1176,4,2,0.7815,99.76,198.77,48.21,31.61,94.50,203.00,83.00,42.00,0.4372,6.75,1,0,2.6973,ACCEPT,0,4930,3460,11906,4,200,1176,0,0,0,0
28,0,1,1,ACCEPT,15.2303,1.7490,1296,1,0,0.9900,100.51,198.77,48.21,31.61,94.50,203.00,85.00,42.00,0.4269,7.35,1,0,2.8081,ACCEPT,0,5018,3435,12189,4,200,1296,0,0,0,0
29,0,1,1,ACCEPT,17.2675,1.8329,1426,0,3,0.8359,100.51,200.24,48.21,31.61,95.50,203.00,83.00,38.00,0.4832,5.72,1,0,2.7065,ACCEPT,0,5015,3511,12366,4,200,1426,0,0,0,0
30,0,1,1,ACCEPT,18.8196,1.8545,1504,-1,2,0.8750,99.76,201.23,48.21,31.61,94.50,203.00,83.00,38.00,0.4832,5.55,1,0,2.7749,ACCEPT,0,4994,3428,11842,4,200,1504,0,0,0,0
31,0,1,1,ACCEPT,19.5256,1.9182,1500,0,1,0.9680,99.76,201.72,48.21,31.61,94.00,203.00,84.00,36.00,0.5040,5.90,1,0,2.7812,ACCEPT,0,4791,3339,12047,4,200,1500,0,0,0,0
32,0,1,1,ACCEPT,20.7321,1.9974,1514,-2,0,0.9108,98.26,201.72,48.21,31.61,93.50,202.50,83.00,35.00,0.5246,4.82,1,0,2.8364,ACCEPT,0,4713,3329,12370,4,200,1514,0,0,0,0
33,0,1,1,ACCEPT,20.8727,2.0076,1592,0,3,0.8229,98.26,203.20,48.21,31.61,93.00,203.00,86.00,34.00,0.5212,5.26,1,0,2.6935,ACCEPT,0,4863,3449,12910,4,200,1592,0,0,0,0
34,0,1,1,ACCEPT,21.2560,2.0134,1649,0,2,0.9290,98.26,204.18,48.21,31.61,92.50,203.00,85.00,34.00,0.5273,5.88,1,0,2.6938,ACCEPT,0,5079,3416,13398,4,200,1649,0,0,0,0
35,0,1,1,ACCEPT,22.0010,1.9404,1694,1,1,0.9386,99.01,204.67,48.21,31.61,92.50,203.00,87.00,34.00,0.5035,6.72,1,0,2.7364,ACCEPT,0,5004,3475,13761,4,200,1694,0,0,0,0
36,0,1,1,ACCEPT,22.6650,2.0521,1693,1,1,0.9799,99.76,205.16,48.21,31.61,93.50,204.00,85.00,32.00,0.5339,6.37,1,0,2.8330,ACCEPT,0,4568,3543,14019,4,200,1693,0,0,0,0
37,0,1,1,ACCEPT,23.4892,2.1369,1701,0,1,0.9624,99.76,205.66,48.21,31.61,93.50,204.50,87.00,31.00,0.5252,6.36,1,0,2.8132,ACCEPT,0,4422,3504,14194,4,200,1701,0,0,0,0
38,0,1,1,ACCEPT,23.4751,2.0412,1735,1,0,0.9545,100.51,205.66,48.21,31.61,95.00,205.00,86.00,30.00,0.5442,5.55,1,0,2.8836,ACCEPT,0,4386,3593,14976,4,200,1735,0,0,0,0
39,0,1,1,ACCEPT,24.2601,1.9912,1814,1,1,0.9526,101.26,206.15,48.21,31.61,95.00,205.00,84.00,30.00,0.5469,6.36,1,0,2.9288,ACCEPT,0,4595,3606,14484,4,200,1814,0,0,0,0
40,0,1,1,ACCEPT,25.1414,1.9600,1764,1,1,0.9569,102.01,206.64,48.21,31.61,95.50,204.50,85.00,31.00,0.5107,6.85,1,0,2.8167,ACCEPT,0,4366,3608,14441,4,200,1764,0,0,0,0
41,0,1,1,ACCEPT,26.1418,2.1924,1778,-1,-1,0.9561,101.26,206.15,48.21,31.61,95.50,205.00,85.00,32.00,0.5343,5.87,1,0,2.9482,ACCEPT,0,4522,3513,14009,4,200,1778,0,0,0,0
42,0,1,1,ACCEPT,26.9998,2.2872,1720,0,1,0.9424,101.26,206.64,48.21,31.61,96.00,205.00,84.00,32.00,0.5273,5.51,1,0,2.8785,ACCEPT,0,4131,3552,14020,4,200,1720,0,0,0,0
43,0,1,1,ACCEPT,27.6583,2.3038,1744,0,-1,0.9954,101.26,206.15,48.21,31.61,95.00,205.50,86.00,33.00,0.5370,6.29,1,0,2.9382,ACCEPT,0,4263,3524,14232,4,200,1744,0,0,0,0
44,0,1,1,ACCEPT,28.8340,2.4075,1743,0,2,0.8606,101.26,207.13,48.21,31.61,95.50,205.50,85.00,31.00,0.5243,5.98,1,0,2.9250,ACCEPT,0,4089,3553,14172,4,200,1743,0,0,0,0
45,0,1,1,ACCEPT,29.2565,2.1985,1739,1,0,0.9942,102.01,207.13,48.21,31.61,95.50,206.00,85.00,32.00,0.5348,6.61,1,0,2.9012,ACCEPT,0,4052,3525,14472,4,200,1739,0,0,0,0
46,0,1,1,ACCEPT,30.0996,2.1950,1745,0,0,1.0000,102.01,207.13,48.21,31.61,95.00,206.00,86.00,34.00,0.5212,7.10,1,0,2.9452,ACCEPT,0,4023,3536,14481,4,200,1745,0,0,0,0
47,0,1,1,ACCEPT,31.2512,2.5502,1752,0,1,0.9971,102.01,207.62,48.21,31.61,96.00,206.50,84.00,31.00,0.5443,6.11,1,0,2.9169,ACCEPT,0,3926,3543,14867,4,200,1752,0,0,0,0
48,0,1,1,ACCEPT,32.3970,2.5290,1831,0,-1,0.9361,102.01,207.13,48.21,31.61,96.00,206.00,84.00,32.00,0.5410,6.11,1,0,3.0019,ACCEPT,0,4146,3496,14901,4,200,1831,0,0,0,0
49,0,1,1,ACCEPT,33.5491,2.5657,1778,0,1,0.9702,102.01,207.62,48.21,31.61,96.00,206.00,84.00,32.00,0.5278,6.22,1,0,2.9544,ACCEPT,0,3834,3512,15108,4,200,1778,0,0,0,0
50,0,1,1,ACCEPT,34.0031,2.7087,1804,0,-1,0.9739,102.01,207.13,48.21,31.61,96.50,206.50,85.00,33.00,0.5433,5.54,1,0,3.0772,ACCEPT,0,3990,3532,14819,4,200,1804,0,0,0,0
51,0,1,1,ACCEPT,34.6103,2.7202,1779,0,1,0.9753,102.01,207.62,48.21,31.61,96.00,206.50,84.00,33.00,0.5383,6.11,1,0,2.9667,ACCEPT,0,3824,3554,14482,4,200,1779,0,0,0,0
52,0,1,1,ACCEPT,35.0065,2.7011,1726,0,-1,0.9890,102.01,207.13,48.21,31.61,96.00,206.50,84.00,33.00,0.5498,6.04,1,0,3.0793,ACCEPT,0,3785,3538,14825,4,200,1726,0,0,0,0
53,0,1,1,ACCEPT,35.8048,2.7836,1698,0,1,0.9511,102.01,207.62,48.21,31.61,95.50,207.00,85.00,34.00,0.5273,6.54,1,0,3.0359,ACCEPT,0,3553,3543,14516,4,200,1698,0,0,0,0
54,0,1,1,ACCEPT,35.2829,2.4668,1670,0,-1,0.9323,102.01,207.13,48.21,31.61,96.50,206.00,83.00,36.00,0.5100,5.62,1,0,3.0529,ACCEPT,0,3584,3444,14620,4,200,1670,0,0,0,0
55,0,1,1,ACCEPT,36.1397,2.7417,1656,0,0,1.0000,102.01,207.13,48.21,31.61,96.50,205.50,83.00,37.00,0.4963,5.74,1,0,3.0468,ACCEPT,0,3447,3517,14135,4,200,1656,0,0,0,0
56,0,1,1,ACCEPT,35.1823,2.8135,1584,0,-2,0.9135,102.01,206.15,48.21,31.61,98.00,203.00,80.00,38.00,0.5013,5.10,1,0,3.0814,ACCEPT,0,3461,3351,14475,4,200,1584,0,0,0,0
57,0,1,1,ACCEPT,35.1543,2.8441,1587,0,-1,0.9458,102.01,205.66,48.21,31.61,98.50,201.50,77.00,41.00,0.4827,5.44,1,0,2.9895,ACCEPT,0,3439,3371,14550,4,200,1587,0,0,0,0
58,0,1,1,ACCEPT,35.2657,2.8826,1571,0,-2,0.8727,102.01,204.67,48.21,31.61,100.50,201.50,75.00,39.00,0.5210,3.51,1,0,3.1090,ACCEPT,0,3335,3387,14287,4,200,1571,0,0,0,0
59,0,1,1,ACCEPT,34.1917,2.7250,1496,0,-1,0.9385,102.01,204.18,48.21,31.61,100.50,201.50,75.00,39.00,0.5210,3.07,1,0,3.0922,ACCEPT,0,3264,3280,15649,4,200,1496,0,0,0,0
60,0,1,1,ACCEPT,34.6815,2.5449,1616,-1,-1,0.9499,101.26,203.69,48.21,31.61,100.50,198.50,75.00,41.00,0.4841,5.24,1,0,2.9948,ACCEPT,0,3540,3318,15795,4,200,1616,0,0,0,0
61,0,1,1,ACCEPT,34.9359,2.5094,1601,0,-2,0.9101,101.26,202.70,48.21,31.61,100.00,197.00,74.00,40.00,0.4785,5.84,1,0,3.1215,ACCEPT,0,3660,3282,15194,4,200,1601,0,0,0,0
62,0,1,1,ACCEPT,35.3548,2.5893,1507,0,-1,0.9854,101.26,202.21,48.21,31.61,99.50,194.50,75.00,39.00,0.4266,7.91,1,0,3.1249,ACCEPT,0,3337,3339,15611,4,200,1507,0,0,0,0
63,0,1,1,ACCEPT,34.9883,2.7151,1477,0,0,1.0000,101.26,202.21,48.21,31.61,100.00,194.00,74.00,38.00,0.4198,8.31,1,0,2.9741,ACCEPT,0,3218,3415,14263,4,200,1477,0,0,0,0
64,0,1,1,ACCEPT,35.7220,2.9330,1358,0,-1,0.9418,101.26,201.72,48.21,31.61,100.00,194.00,76.00,36.00,0.4189,7.82,1,0,2.9831,ACCEPT,0,3005,3430,14340,4,200,1358,0,0,0,0
65,0,1,1,ACCEPT,34.4686,3.0913,1354,0,-3,0.7681,101.26,200.24,48.21,31.61,100.00,195.00,74.00,34.00,0.4901,5.39,1,0,3.0892,ACCEPT,0,2978,3432,14320,4,200,1354,0,0,0,0
66,0,1,1,ACCEPT,33.6992,2.7371,1374,0,0,1.0000,101.26,200.24,48.21,31.61,99.50,195.00,75.00,32.00,0.4845,5.53,1,0,2.9886,ACCEPT,0,3014,3481,14956,4,200,1374,0,0,0,0
67,0,1,1,ACCEPT,34.0768,2.5250,1366,0,-1,0.9824,101.26,199.75,48.21,31.61,100.00,196.00,74.00,30.00,0.5347,3.96,1,0,3.0055,ACCEPT,0,2964,3501,15021,4,200,1366,0,0,0,0
68,0,1,1,ACCEPT,35.3728,2.7331,1372,1,-2,0.8870,102.01,198.77,48.21,31.61,100.00,196.00,74.00,28.00,0.5687,3.42,1,0,2.9950,ACCEPT,0,2976,3498,15760,4,200,1372,0,0,0,0
69,0,1,1,ACCEPT,35.5923,2.6162,1418,-1,-1,0.9556,101.26,198.27,48.21,31.61,99.50,197.00,75.00,26.00,0.5645,2.17,1,0,3.0037,ACCEPT,0,2953,3426,16689,4,200,1418,0,0,0,0
70,0,1,1,ACCEPT,35.6870,2.7902,1476,1,1,0.9756,102.01,198.77,48.21,31.61,99.50,197.00,77.00,24.00,0.5224,3.07,1,0,2.8208,ACCEPT,0,3087,3547,16112,4,200,1476,0,0,0,0
71,0,1,1,ACCEPT,35.9914,2.9503,1425,0,-1,0.9565,102.01,198.27,48.21,31.61,100.00,197.00,76.00,24.00,0.5281,2.38,1,0,3.0140,ACCEPT,0,3022,3492,16471,4,200,1425,0,0,0,0
72,0,1,1,ACCEPT,34.0270,2.7409,1428,1,1,0.9804,102.76,198.77,48.21,31.61,100.50,197.00,75.00,24.00,0.5339,2.87,1,0,2.8676,ACCEPT,0,3090,3570,15337,4,200,1428,0,0,0,0
73,0,1,1,ACCEPT,34.7302,2.4377,1370,-1,-1,0.9409,102.01,198.27,48.21,31.61,101.50,198.00,75.00,22.00,0.5018,0.58,1,0,2.9688,ACCEPT,0,2967,3478,15285,4,200,1370,0,0,0,0
74,0,1,1,ACCEPT,33.8539,3.0292,1348,2,1,0.8509,103.51,198.77,48.21,31.61,101.50,198.00,75.00,22.00,0.5018,2.15,1,0,3.0280,ACCEPT,0,2864,3587,13706,4,200,1348,0,0,0,0
75,0,1,1,ACCEPT,33.7611,2.6674,1203,0,-1,0.9992,103.51,198.27,48.21,31.61,102.50,198.50,75.00,21.00,0.4852,1.03,1,0,2.9850,ACCEPT,0,2684,3519,14290,4,200,1203,0,0,0,0
76,0,1,1,ACCEPT,34.6598,3.0193,1253,1,1,0.9202,104.26,198.77,48.21,31.61,102.00,198.50,76.00,21.00,0.4803,2.27,1,0,3.0894,ACCEPT,0,2682,3586,14527,4,200,1253,0,0,0,0
77,0,1,1,ACCEPT,34.5306,2.8702,1260,2,-1,0.9071,105.76,198.27,48.21,31.61,103.00,199.50,74.00,21.00,0.4901,3.02,1,0,3.0417,ACCEPT,0,2739,3513,14926,4,200,1260,0,0,0,0
78,0,1,1,ACCEPT,33.9314,2.8366,1285,0,2,0.9121,105.76,199.26,48.21,31.61,104.00,199.00,76.00,20.00,0.4636,1.78,1,0,3.0298,ACCEPT,0,2761,3582,13720,4,200,1285,0,0,0,0
79,0,1,1,ACCEPT,34.5995,2.5690,1228,0,0,1.0000,105.76,199.26,48.21,31.61,104.50,199.50,75.00,21.00,0.4852,1.28,1,0,3.0302,ACCEPT,0,2662,3530,13225,4,200,1228,0,0,0,0
80,0,1,1,ACCEPT,34.6168,2.7133,1202,1,-1,0.9975,106.51,198.77,48.21,31.61,104.50,200.00,75.00,20.00,0.4681,2.36,1,0,3.1427,ACCEPT,0,2555,3550,12579,4,200,1202,0,0,0,0
81,0,1,1,ACCEPT,35.8540,2.8469,1153,-1,0,0.9740,105.76,198.77,48.21,31.61,105.00,200.00,74.00,20.00,0.4727,1.45,1,0,3.1212,ACCEPT,0,2449,3498,12530,4,200,1153,0,0,0,0
82,0,1,1,ACCEPT,36.0009,2.6077,1150,0,0,1.0000,105.76,198.77,48.21,31.61,105.00,200.00,74.00,20.00,0.4727,1.45,1,0,3.1519,ACCEPT,0,2432,3527,11594,4,200,1150,0,0,0,0
83,0,1,1,ACCEPT,36.0050,2.6024,1067,0,1,0.9944,105.76,199.26,48.21,31.61,104.50,200.00,75.00,20.00,0.4681,1.46,1,0,3.1097,ACCEPT,0,2201,3530,11383,4,200,1067,0,0,0,0
84,0,1,1,ACCEPT,37.3656,2.5995,1058,0,1,0.9698,105.76,199.75,48.21,31.61,104.50,199.50,75.00,19.00,0.4505,1.28,1,0,3.1324,ACCEPT,0,2141,3572,11226,4,200,1058,0,0,0,0
85,0,1,1,ACCEPT,38.2851,2.7737,1054,0,-1,0.9630,105.76,199.26,48.21,31.61,104.50,200.00,75.00,20.00,0.4681,1.46,1,0,3.1102,ACCEPT,0,2128,3487,10907,4,200,1054,0,0,0,0
86,0,1,1,ACCEPT,37.9289,2.5758,1020,0,2,0.9118,105.76,200.24,48.21,31.61,104.00,201.00,76.00,20.00,0.4636,1.91,1,0,3.0725,ACCEPT,0,2022,3585,10048,4,200,1020,0,0,0,0
87,0,1,1,ACCEPT,39.6951,2.9048,976,1,1,0.9857,106.51,200.73,48.21,31.61,104.50,201.00,75.00,20.00,0.4681,2.03,1,0,3.0925,ACCEPT,0,1914,3531,10109,4,200,976,0,0,0,0
88,0,1,1,ACCEPT,41.0226,2.7193,998,-1,-1,0.9359,105.76,200.24,48.21,31.61,104.50,201.00,75.00,20.00,0.4681,1.47,1,0,3.0278,ACCEPT,0,1939,3437,10270,4,200,998,0,0,0,0
89,0,1,1,ACCEPT,41.4397,2.7554,1025,1,1,0.9415,106.51,200.73,48.21,31.61,104.50,201.50,75.00,19.00,0.4505,2.15,1,0,3.1485,ACCEPT,0,1923,3549,9992,4,200,1025,0,0,0,0
90,0,1,1,ACCEPT,42.2227,3.2303,982,-1,0,0.9582,105.76,200.73,48.21,31.61,104.50,202.00,75.00,20.00,0.4681,1.78,1,0,3.1064,ACCEPT,0,1897,3461,9869,4,200,982,0,0,0,0
91,0,1,1,ACCEPT,42.0017,3.1374,982,0,1,0.9949,105.76,201.23,48.21,31.61,104.00,202.50,74.00,19.00,0.4548,2.17,1,0,3.1132,ACCEPT,0,1826,3525,9597,4,200,982,0,0,0,0
92,0,1,1,ACCEPT,41.4725,2.5967,953,-1,2,0.8867,105.01,202.21,48.21,31.61,103.50,202.00,75.00,20.00,0.4681,1.52,1,0,3.0793,ACCEPT,0,1764,3472,9433,4,200,953,0,0,0,0
93,0,1,1,ACCEPT,41.8810,2.8994,951,0,1,0.9548,105.01,202.70,48.21,31.61,103.00,203.00,76.00,20.00,0.4636,2.03,1,0,3.1162,ACCEPT,0,1757,3507,9329,4,200,951,0,0,0,0
94,0,1,1,ACCEPT,41.6666,3.0942,953,0,0,1.0000,105.01,202.70,48.21,31.61,103.00,204.00,74.00,20.00,0.4727,2.39,1,0,3.0874,ACCEPT,0,1797,3439,9284,4,200,953,0,0,0,0
95,0,1,1,ACCEPT,39.7643,2.7076,926,-1,1,0.9611,104.26,203.20,48.21,31.61,103.00,203.50,74.00,21.00,0.4901,1.29,1,0,3.0772,ACCEPT,0,1743,3439,10043,4,200,926,0,0,0,0
96,0,1,1,ACCEPT,35.6810,2.6799,946,1,1,0.9249,105.01,203.69,48.21,31.61,103.00,204.00,74.00,20.00,0.4727,2.03,1,0,2.9364,ACCEPT,0,1793,3433,10237,4,200,946,0,0,0,0
97,0,1,1,ACCEPT,35.0247,2.6117,935,-1,0,0.9775,104.26,203.69,48.21,31.61,103.00,204.50,74.00,21.00,0.4901,1.50,1,0,3.1170,ACCEPT,0,1797,3363,10359,4,200,935,0,0,0,0
98,0,1,1,ACCEPT,33.1502,2.5528,942,0,0,1.0000,104.26,203.69,48.21,31.61,102.50,204.00,75.00,22.00,0.5018,1.79,1,0,3.0784,ACCEPT,0,1804,3462,10155,4,200,942,0,0,0,0
99,0,1,1,ACCEPT,33.3224,2.9295,914,0,0,1.0000,104.26,203.69,48.21,31.61,101.50,204.50,75.00,21.00,0.4852,2.88,1,0,2.9769,ACCEPT,0,1751,3472,10495,4,200,914,0,0,0,0
100,0,1,1,ACCEPT,33.8291,2.8937,926,0,0,1.0000,104.26,203.69,48.21,31.61,102.50,204.50,73.00,21.00,0.4951,1.94,1,0,2.9198,ACCEPT,0,1767,3472,10855,4,200,926,0,0,0,0
101,0,1,1,ACCEPT,33.6599,2.8951,938,-1,-1,0.9264,103.51,203.20,48.21,31.61,101.50,204.00,73.00,22.00,0.5125,2.16,1,0,2.8726,ACCEPT,0,1776,3489,10637,4,200,938,0,0,0,0
102,0,1,1,ACCEPT,34.0919,2.9256,904,-2,1,0.8684,102.01,203.69,48.21,31.61,101.00,204.50,74.00,21.00,0.4901,1.29,1,0,3.1217,ACCEPT,0,1705,3476,10983,4,200,904,0,0,0,0
103,0,1,1,ACCEPT,34.8332,2.7493,932,0,-1,0.9464,102.01,203.20,48.21,31.61,100.50,204.00,73.00,20.00,0.4774,1.71,1,0,2.9919,ACCEPT,0,1766,3500,10187,4,200,932,0,0,0,0
104,0,1,1,ACCEPT,33.8197,3.1222,843,0,0,1.0000,102.01,203.20,48.21,31.61,100.00,204.50,72.00,21.00,0.5003,2.39,1,0,3.0416,ACCEPT,0,1609,3489,10816,4,200,843,0,0,0,0
105,0,1,1,ACCEPT,32.0723,2.6285,849,0,-1,0.9729,102.01,202.70,48.21,31.61,100.00,205.00,72.00,20.00,0.4821,3.05,1,0,2.9539,ACCEPT,0,1731,3484,10608,4,200,849,0,0,0,0
106,0,1,1,ACCEPT,31.4320,2.3657,828,-1,-1,0.9686,101.26,202.21,46.35,30.40,100.00,204.50,72.00,21.00,0.4998,2.61,1,-1,3.0061,ACCEPT,0,1672,3489,10739,4,200,828,0,0,0,0
107,0,1,1,ACCEPT,28.4380,2.5095,793,0,1,0.9836,101.26,202.69,46.35,30.40,99.00,203.50,74.00,19.00,0.4553,2.40,1,0,3.1621,ACCEPT,0,1654,3461,11399,4,200,793,0,0,0,0
108,0,1,1,ACCEPT,26.8756,2.4581,821,0,-2,0.8782,101.26,201.73,46.35,30.40,100.00,204.00,74.00,18.00,0.4376,2.59,1,0,3.0802,ACCEPT,0,1784,3475,11183,4,200,821,0,0,0,0
109,0,1,1,ACCEPT,26.0756,2.2639,815,0,0,1.0000,101.26,201.73,46.35,30.40,100.50,203.00,73.00,20.00,0.4774,1.48,1,0,3.0375,ACCEPT,0,1832,3489,11631,4,200,815,0,0,0,0
110,0,1,1,ACCEPT,23.3340,2.1612,791,-1,0,0.9987,100.53,201.73,46.35,30.40,100.00,205.50,74.00,23.00,0.5191,3.80,1,0,3.0254,ACCEPT,0,1956,3391,12084,4,200,791,0,0,0,0
111,0,1,1,ACCEPT,20.2888,2.1910,734,-1,-1,0.9837,99.80,201.26,44.57,29.23,101.00,205.00,74.00,24.00,0.4950,3.93,1,-1,2.8079,ACCEPT,0,1895,3352,12004,4,200,734,0,0,0,0
112,0,1,1,ACCEPT,18.2911,2.0734,678,1,2,0.9100,100.50,202.16,46.35,30.40,101.50,204.00,73.00,26.00,0.5734,2.09,1,1,2.9021,ACCEPT,0,1899,3323,12913,4,200,678,0,0,0,0
113,0,1,1,ACCEPT,17.6701,1.7372,681,-1,-2,0.8825,99.77,201.21,46.35,30.40,101.00,204.50,74.00,25.00,0.5318,3.51,1,0,2.8772,ACCEPT,0,2067,3180,13798,4,200,681,0,0,0,0
114,0,1,1,ACCEPT,14.7679,1.4772,681,0,-1,0.9838,99.77,200.73,46.35,30.40,101.00,203.50,74.00,25.00,0.5495,3.03,1,0,2.5052,ACCEPT,0,2395,3158,14218,4,200,681,0,0,0,0
115,0,1,1,ACCEPT,14.2923,1.4300,705,0,-1,0.9745,99.77,200.26,44.57,29.23,101.50,201.50,73.00,25.00,0.5534,2.13,1,-1,2.3608,ACCEPT,0,2497,3096,12911,4,200,705,0,0,0,0
116,0,1,1,ACCEPT,11.7122,1.3356,585,-1,1,0.9675,99.08,200.71,44.57,29.23,101.50,200.50,75.00,27.00,0.5665,2.43,1,0,2.5813,ACCEPT,0,2565,3142,13865,4,200,585,0,0,0,0
117,0,1,1,ACCEPT,10.7861,1.2500,585,1,0,0.9726,99.77,200.71,44.57,29.23,101.50,199.00,73.00,28.00,0.5583,2.43,1,0,2.9008,ACCEPT,0,2780,3229,11208,4,200,585,0,0,0,0
118,0,1,1,ACCEPT,11.8892,1.3934,549,0,0,1.0000,99.77,200.71,44.57,29.23,103.00,200.00,72.00,30.00,0.5924,3.30,1,0,3.0706,ACCEPT,0,2344,3345,10570,4,200,549,0,0,0,0
119,0,1,1,ACCEPT,11.7385,1.4472,534,0,-2,0.9625,99.77,199.80,44.57,29.23,103.50,198.50,71.00,31.00,0.5785,3.95,1,0,3.0089,ACCEPT,0,2226,3708,9399,4,200,534,0,0,0,0
120,0,1,1,ACCEPT,9.5862,1.3770,431,1,-2,0.9234,100.47,198.90,42.86,28.10,105.00,199.00,68.00,36.00,0.4920,4.53,1,-1,2.5896,ACCEPT,0,2090,3812,9828,4,200,431,0,0,0,0
121,0,1,1,ACCEPT,10.1380,1.5265,461,4,-1,0.7007,103.16,198.46,42.86,28.10,105.50,199.00,65.00,38.00,0.4876,2.40,1,0,2.8707,ACCEPT,0,2174,3922,10059,4,200,461,0,0,0,0
122,0,1,1,ACCEPT,10.4861,1.5738,480,4,-1,0.6667,105.84,198.02,42.86,28.10,106.50,198.50,63.00,49.00,0.3902,0.81,1,0,2.6414,ACCEPT,0,2626,4170,12642,4,200,480,0,0,0,0
123,0,1,1,ACCEPT,11.8817,1.4595,648,2,-3,0.7330,107.19,196.71,42.86,28.10,108.00,196.00,62.00,52.00,0.3736,1.08,1,0,2.7654,ACCEPT,0,3515,4381,16364,4,200,648,0,0,0,0
124,0,1,1,ACCEPT,12.4999,1.4617,877,1,-3,0.8392,107.86,195.40,42.86,28.10,108.50,196.00,61.00,50.00,0.3949,0.88,1,0,2.8502,ACCEPT,0,4406,4441,17371,4,200,877,0,0,0,0
125,0,1,1,ACCEPT,12.3631,1.4454,873,0,-4,0.8087,107.86,193.65,42.86,28.10,108.50,192.00,61.00,52.00,0.3797,1.77,1,0,2.6387,ACCEPT,0,4322,4563,16701,4,200,873,0,0,0,0
126,0,1,1,ACCEPT,12.8748,1.3494,842,-1,-9,0.3456,107.19,189.71,42.86,28.10,107.00,189.00,62.00,52.00,0.3736,0.74,1,0,2.7149,ACCEPT,0,3699,4403,15642,4,200,842,0,0,0,0
127,0,1,1,ACCEPT,15.1502,1.5740,979,-1,-5,0.7130,106.52,187.52,42.86,28.10,106.50,188.50,63.00,51.00,0.3749,0.98,1,0,2.8732,ACCEPT,0,3452,4393,16504,4,200,979,0,0,0,0
128,0,1,1,ACCEPT,15.7038,1.7866,988,-2,-6,0.4342,105.17,184.90,42.86,28.10,105.50,189.00,63.00,50.00,0.3824,4.11,1,0,2.8097,ACCEPT,0,3474,4118,14871,4,200,988,0,0,0,0
129,0,1,1,ACCEPT,14.0105,1.6334,851,-2,-5,0.5805,103.83,182.71,42.86,28.10,104.50,188.00,61.00,48.00,0.4114,5.33,1,0,2.9007,ACCEPT,0,3219,3565,15363,4,200,851,0,0,0,0
130,0,1,1,ACCEPT,15.8294,1.6996,928,-1,-4,0.7381,103.16,180.96,42.86,28.10,103.50,186.50,59.00,47.00,0.4344,5.55,1,0,2.9443,ACCEPT,0,3085,3181,16846,4,200,928,0,0,0,0
131,0,1,1,ACCEPT,19.4041,1.9370,1046,-1,-5,0.6013,102.48,178.77,42.86,28.10,104.00,181.00,60.00,42.00,0.4780,2.69,1,0,2.9754,ACCEPT,0,3267,3043,17959,4,200,1046,0,0,0,0
132,0,1,1,ACCEPT,16.1856,1.8921,1035,1,-4,0.6386,103.16,177.02,42.86,28.10,104.00,176.50,60.00,31.00,0.6476,0.99,1,0,2.9154,ACCEPT,0,4608,2813,18668,4,200,1035,0,0,0,0
133,0,1,1,ACCEPT,14.0295,1.6767,949,0,-2,0.9378,103.16,176.15,42.86,28.10,103.50,176.50,61.00,35.00,0.5641,0.49,1,0,2.9106,ACCEPT,0,4753,2715,19495,4,200,949,0,0,0,0
134,0,1,1,ACCEPT,12.7700,1.4358,883,0,-4,0.7712,103.16,174.40,42.86,28.10,104.00,175.50,62.00,43.00,0.4518,1.39,1,0,2.7818,ACCEPT,0,4668,2806,16856,4,200,883,0,0,0,0
135,0,1,1,ACCEPT,12.0910,1.2703,719,-1,-4,0.8526,102.48,172.65,41.21,27.02,101.50,174.00,61.00,52.00,0.3511,1.67,1,-1,2.5735,ACCEPT,0,3760,3031,18498,4,200,719,0,0,0,0
136,0,1,1,ACCEPT,12.9901,1.3063,870,0,-4,0.8333,102.48,170.96,41.21,27.02,102.00,173.00,64.00,52.00,0.3346,2.10,1,0,2.6133,ACCEPT,0,4161,2976,19753,4,200,870,0,0,0,0
137,0,1,1,ACCEPT,13.8031,1.3080,964,-3,-5,0.5415,100.56,168.85,41.21,27.02,99.50,170.50,61.00,55.00,0.3319,1.96,1,0,2.7489,ACCEPT,0,4215,2864,20194,4,200,964,0,0,0,0
138,0,1,1,ACCEPT,14.1218,1.4387,1033,-3,-6,0.4879,98.64,166.32,41.21,27.02,97.50,170.50,59.00,49.00,0.3852,4.33,1,0,2.6375,ACCEPT,0,4476,2890,21045,4,200,1033,0,0,0,0
139,0,1,1,ACCEPT,15.3015,1.3491,1140,-1,-3,0.9114,98.00,165.05,41.21,27.02,97.00,169.00,60.00,48.00,0.3867,4.07,1,0,2.3809,ACCEPT,0,4928,2657,22064,4,200,1140,0,0,0,0
140,0,1,1,ACCEPT,12.2892,1.3948,862,1,-4,0.7726,98.64,163.37,41.21,27.02,97.50,166.50,61.00,37.00,0.4934,3.33,1,0,2.7295,ACCEPT,0,4535,2388,20934,4,200,862,0,0,0,0
141,0,1,1,ACCEPT,9.8613,1.1149,582,0,7,0.8814,98.64,166.32,39.62,25.98,99.00,163.00,62.00,30.00,0.5113,3.34,1,-1,2.4374,ACCEPT,0,3160,2152,27014,4,200,582,0,0,0,0
142,0,1,1,ACCEPT,14.7259,1.3231,1212,0,-7,0.6980,98.64,163.48,39.62,25.98,99.50,160.50,63.00,25.00,0.5210,3.10,1,0,2.5297,ACCEPT,0,4589,2514,21949,4,200,1212,0,0,0,0
143,0,1,1,ACCEPT,16.0693,1.4828,1124,1,5,0.5605,99.26,165.51,39.62,25.98,100.50,163.00,63.00,26.00,0.5357,2.80,1,0,2.6416,ACCEPT,0,3986,2487,21928,4,200,1124,0,0,0,0
144,0,1,1,ACCEPT,16.1474,1.4697,1286,0,-1,0.9914,99.26,165.10,39.62,25.98,100.50,162.50,65.00,39.00,0.4061,2.88,1,0,2.7273,ACCEPT,0,5150,2540,21222,4,200,1286,0,0,0,0
145,0,1,1,ACCEPT,16.5346,1.5644,1264,-1,0,0.9826,98.64,165.10,39.62,25.98,99.50,163.00,65.00,40.00,0.3960,2.27,1,0,2.6981,ACCEPT,0,4942,2424,23186,4,200,1264,0,0,0,0
146,0,1,1,ACCEPT,13.5866,1.4493,1100,-2,-3,0.8400,97.41,163.88,39.62,25.98,98.00,160.50,68.00,51.00,0.2969,3.43,1,0,2.4445,ACCEPT,0,4271,2214,26777,4,200,1100,0,0,0,0
147,0,1,1,ACCEPT,12.6180,1.6719,1269,0,0,1.0000,97.41,163.88,38.10,24.98,95.00,161.50,70.00,57.00,0.2386,3.39,1,-1,2.3299,ACCEPT,0,5082,2368,26178,4,200,1269,0,0,0,0
148,0,1,1,ACCEPT,14.3616,1.7506,1516,-1,0,0.9809,96.81,163.88,38.10,24.98,92.50,163.00,77.00,54.00,0.2289,4.40,1,0,2.5301,ACCEPT,0,5734,2522,22051,4,200,1516,0,0,0,0
149,0,1,1,ACCEPT,13.4608,1.7620,1177,-5,2,0.4571,93.84,164.66,38.10,24.98,91.00,165.00,80.00,46.00,0.2587,2.86,1,0,2.5597,ACCEPT,0,5518,2214,21879,4,200,1177,0,0,0,0
150,0,1,1,ACCEPT,12.4492,1.6820,1095,-5,2,0.3945,90.88,165.45,38.10,24.98,86.50,165.00,83.00,42.00,0.2731,4.40,1,0,2.5855,ACCEPT,0,5427,2211,21951,4,200,1095,0,0,0,0
151,0,1,1,ACCEPT,12.7584,1.7870,1233,-2,5,0.3844,89.69,167.40,36.64,24.02,85.50,166.50,85.00,41.00,0.2525,4.28,1,-1,2.6703,ACCEPT,0,5896,2622,20969,4,200,1233,0,0,0,0
152,0,1,1,ACCEPT,12.2460,1.8103,1164,-4,8,0.1581,87.41,170.40,36.64,24.02,83.50,169.00,83.00,40.00,0.2651,4.15,1,0,2.7701,ACCEPT,0,5498,2475,16461,4,200,1164,0,0,0,0
153,0,1,1,ACCEPT,9.8112,1.5074,820,-1,10,0.1585,86.84,174.15,36.64,24.02,83.00,172.00,86.00,42.00,0.2437,4.40,1,0,2.7785,ACCEPT,0,4717,3110,13980,4,200,820,0,0,0,0
154,0,1,1,ACCEPT,10.4470,1.4881,753,-2,3,0.7424,85.70,175.27,36.64,24.02,83.00,172.50,82.00,41.00,0.2618,3.87,1,0,2.8094,ACCEPT,0,4291,2873,17119,4,200,753,0,0,0,0
155,0,1,1,ACCEPT,9.2764,1.3351,753,-2,8,0.2138,84.55,178.27,38.10,24.98,80.00,173.00,82.00,42.00,0.2764,6.97,1,1,2.7544,ACCEPT,0,4419,3083,14499,4,200,753,0,0,0,0
156,0,1,1,ACCEPT,10.0234,1.5081,653,0,8,0.1700,84.55,181.40,39.62,25.98,80.50,173.00,81.00,42.00,0.2967,9.33,1,1,2.7023,ACCEPT,0,3747,3352,15255,4,200,653,0,0,0,0
157,0,1,1,ACCEPT,11.8913,1.7651,729,0,3,0.7462,84.55,182.62,39.62,25.98,82.50,173.50,77.00,41.00,0.2999,9.35,1,0,2.8812,ACCEPT,0,3448,3108,18259,4,200,729,0,0,0,0
158,0,1,1,ACCEPT,12.9094,1.7184,842,0,5,0.5867,84.55,184.65,39.62,25.98,84.50,174.00,73.00,42.00,0.2917,10.65,1,0,2.9357,ACCEPT,0,3762,3084,18282,4,200,842,0,0,0,0
159,0,1,1,ACCEPT,13.3297,1.8945,862,1,5,0.4988,85.17,186.68,39.62,25.98,86.50,176.00,67.00,44.00,0.3196,10.76,1,0,2.8545,ACCEPT,0,4040,3102,18591,4,200,862,0,0,0,0
160,0,1,1,ACCEPT,15.7805,2.1027,1003,2,3,0.7458,86.41,187.90,39.62,25.98,88.00,176.50,66.00,43.00,0.3099,11.51,1,0,2.8386,ACCEPT,0,3872,2864,19153,4,200,1003,0,0,0,0
161,0,1,1,ACCEPT,16.8438,2.0758,1096,3,5,0.5137,88.26,189.93,39.62,25.98,90.50,178.50,61.00,43.00,0.3337,11.65,1,0,2.8999,ACCEPT,0,4012,3000,18452,4,200,1096,0,0,0,0
162,0,1,1,ACCEPT,16.6066,1.8126,1093,3,3,0.6029,90.11,191.15,39.62,25.98,93.00,180.00,58.00,44.00,0.3583,11.52,1,0,2.9463,ACCEPT,0,3771,2460,18808,4,200,1093,0,0,0,0
163,0,1,1,ACCEPT,16.1577,1.8705,1083,3,3,0.7581,91.96,192.37,39.62,25.98,95.50,180.50,57.00,43.00,0.3469,12.38,1,0,2.9787,ACCEPT,0,3865,2449,19833,4,200,1083,0,0,0,0
164,0,1,1,ACCEPT,15.4754,2.2206,1057,6,3,0.4144,95.66,193.59,39.62,25.98,100.00,182.00,58.00,44.00,0.3494,12.37,1,0,2.8659,ACCEPT,0,3520,2643,19612,4,200,1057,0,0,0,0
165,0,1,1,ACCEPT,14.7727,2.0608,915,6,1,0.4077,99.37,193.99,39.62,25.98,104.50,183.50,57.00,43.00,0.3759,11.68,1,0,2.6004,ACCEPT,0,2927,2875,17643,4,200,915,0,0,0,0
166,0,1,1,ACCEPT,15.6800,2.1086,854,4,3,0.5211,101.84,195.21,39.62,25.98,105.50,185.00,55.00,46.00,0.4025,10.85,1,0,2.6441,ACCEPT,0,2729,2891,15312,4,200,854,0,0,0,0
167,0,1,1,ACCEPT,12.7841,1.3747,664,2,3,0.7259,103.07,196.43,38.10,24.98,107.50,189.50,49.00,53.00,0.3665,8.22,1,-1,2.5603,ACCEPT,0,2639,2810,13542,4,200,664,0,0,0,0
168,0,1,1,ACCEPT,7.9480,1.2031,385,2,-1,0.8364,104.26,196.04,38.10,24.98,108.00,194.00,46.00,60.00,0.3449,4.26,1,0,2.6158,ACCEPT,0,2229,2876,12682,4,200,385,0,0,0,0
169,0,1,1,ACCEPT,8.8624,1.6783,386,1,1,0.9223,104.85,196.43,38.10,24.98,107.00,197.00,42.00,60.00,0.3750,2.22,1,0,2.4994,ACCEPT,0,1956,2903,12723,4,200,386,0,0,0,0
170,0,1,1,ACCEPT,5.9065,1.1184,255,1,5,0.4627,105.45,198.38,38.10,24.98,109.00,205.00,38.00,56.00,0.3886,7.51,1,0,2.4155,ACCEPT,0,1945,2948,11613,4,200,255,0,0,0,0
171,0,1,1,ACCEPT,6.9435,1.3196,289,-19,18,0.3841,94.16,205.41,39.62,25.98,108.00,209.00,40.00,48.00,0.2967,14.29,1,1,2.1123,ACCEPT,0,2755,2796,12993,4,200,289,0,0,0,0
172,0,1,1,ACCEPT,11.0674,1.6199,520,-1,3,0.8269,93.55,206.63,41.21,27.02,105.00,211.50,48.00,53.00,0.3244,12.44,1,1,2.5272,ACCEPT,0,2748,3674,10384,4,200,520,0,0,0,0
173,0,1,1,ACCEPT,7.4675,1.5040,376,-3,3,0.7128,91.62,207.90,41.21,27.02,95.00,210.00,58.00,44.00,0.4364,3.98,1,0,2.9638,ACCEPT,0,3965,3297,11033,4,200,376,0,0,0,0
174,0,1,1,ACCEPT,9.2976,1.4985,508,2,6,0.4646,92.91,210.43,41.21,27.02,89.50,210.50,69.00,47.00,0.3434,3.41,1,0,3.1604,ACCEPT,0,3347,3030,12477,4,200,508,0,0,0,0
175,0,1,1,ACCEPT,10.6527,1.4602,660,0,0,1.0000,92.91,210.43,41.21,27.02,87.50,207.50,71.00,47.00,0.3337,6.15,1,0,3.1328,ACCEPT,0,3167,2690,14956,4,200,660,0,0,0,0
176,0,1,1,ACCEPT,6.0892,1.0309,434,-3,-12,0.6613,90.98,205.37,38.10,24.98,87.50,212.00,71.00,50.00,0.2681,7.49,1,-2,2.1106,ACCEPT,0,3296,2451,12391,4,200,434,0,0,0,0
177,0,1,1,ACCEPT,6.1298,1.0816,411,-2,-10,0.5523,89.80,201.46,38.10,24.98,85.00,208.50,76.00,39.00,0.3206,8.52,1,-1,1.7978,LOW_CONF,0,2922,2196,9689,4,200,411,0,0,0,0
178,0,1,1,ACCEPT,6.4021,1.2524,392,0,-5,0.7500,89.80,199.51,36.64,24.02,85.50,206.00,73.00,32.00,0.3247,7.79,1,-1,2.2057,ACCEPT,0,3277,2277,9484,4,200,392,0,0,0,0
179,0,1,1,ACCEPT,6.4296,1.1399,391,-3,10,0.1100,88.09,203.26,36.64,24.02,85.00,204.50,72.00,39.00,0.3134,3.33,1,-5,1.6218,MAX_STEP,0,2799,1907,10657,4,200,391,0,0,0,0
180,0,1,0,NEGATIVE_PEAK,-5.8876,1.1357,-318,-5,11,0.5094,88.09,203.26,36.64,24.02,88.00,204.00,64.00,48.00,0.2865,0.75,0,0,0.0000,NOT_RUN,0,2329,1904,0,4,200,318,0,0,0,0
181,0,1,0,NEGATIVE_PEAK,-6.7026,1.2383,-369,-7,13,0.3631,88.09,203.26,36.64,24.02,91.00,202.50,54.00,47.00,0.3468,3.01,0,0,0.0000,NOT_RUN,0,2614,1988,0,4,200,369,0,0,0,0
182,0,1,1,ACCEPT,6.7203,1.1832,310,6,10,0.2387,91.51,207.01,35.23,23.10,92.00,205.00,36.00,42.00,0.5357,2.07,1,-1,2.5533,ACCEPT,0,2149,2176,8904,4,200,310,0,0,0,0
183,0,1,1,ACCEPT,5.7249,1.1840,193,-3,-21,0.0881,89.87,199.46,35.23,23.10,94.00,207.50,36.00,41.00,0.4654,9.04,1,0,3.1874,ACCEPT,0,1623,2256,9184,4,200,193,0,0,0,0
184,0,1,1,ACCEPT,6.9002,1.2444,280,-1,-1,0.9643,89.32,199.10,35.23,23.10,94.00,208.00,40.00,40.00,0.4473,10.05,1,0,3.6960,ACCEPT,0,2110,2919,9211,4,200,280,0,0,0,0
185,0,1,1,ACCEPT,9.2774,1.3951,452,1,2,0.8385,89.87,199.82,35.23,23.10,90.50,206.50,49.00,33.00,0.4486,6.71,1,0,2.9370,ACCEPT,0,2493,3659,7975,4,200,452,0,0,0,0
186,0,1,1,ACCEPT,9.5478,1.4435,485,0,4,0.8268,89.87,201.26,35.23,23.10,83.50,204.50,65.00,25.00,0.4297,7.15,1,0,3.1188,ACCEPT,0,2965,3033,8300,4,200,485,0,0,0,0
187,0,1,1,ACCEPT,9.1323,1.3670,447,0,4,0.8322,89.87,202.70,35.23,23.10,83.00,204.00,66.00,20.00,0.4930,6.99,1,0,3.3164,ACCEPT,0,2984,2702,7529,4,200,447,0,0,0,0
188,0,1,1,ACCEPT,9.5948,1.3590,371,3,4,0.6765,91.51,204.13,35.23,23.10,78.50,203.50,71.00,15.00,0.3913,13.02,1,0,3.4863,ACCEPT,0,2500,2953,7177,4,200,371,0,0,0,0
189,0,1,1,ACCEPT,11.3991,1.6625,399,2,8,0.4536,92.60,207.01,35.23,23.10,74.00,201.00,72.00,22.00,0.3185,19.55,1,0,3.4334,ACCEPT,0,2463,3945,7077,4,200,399,0,0,0,0
190,0,1,1,ACCEPT,10.9765,1.6567,386,1,1,0.9585,93.15,207.37,35.23,23.10,73.00,200.00,66.00,24.00,0.2588,21.45,1,0,2.9440,ACCEPT,0,2414,4025,6986,4,200,386,0,0,0,0
191,0,1,1,ACCEPT,8.6098,1.0871,312,3,5,0.4615,94.79,209.16,35.23,23.10,68.50,200.50,59.00,35.00,0.1730,27.68,1,0,2.8914,ACCEPT,0,2380,4312,5712,4,200,312,0,0,0,0
192,0,1,1,ACCEPT,7.1948,1.1733,237,4,25,0.2827,96.98,218.15,35.23,23.10,65.00,201.00,50.00,46.00,0.0632,36.28,1,0,2.9049,ACCEPT,0,2458,4620,3910,4,200,237,0,0,0,0
193,0,1,1,ACCEPT,7.1512,1.1567,155,2,13,0.4645,98.07,222.82,35.23,23.10,65.00,202.00,42.00,52.00,0.0319,39.08,1,0,3.3653,ACCEPT,0,1649,4689,3253,4,200,155,0,0,0,0
194,0,1,1,ACCEPT,6.1621,1.0109,93,3,13,0.6022,99.71,227.49,35.23,23.10,61.50,202.00,29.00,56.00,0.0000,45.93,1,0,3.4863,ACCEPT,0,1354,4990,1455,4,200,93,0,0,0,0
195,0,1,1,ACCEPT,6.5066,1.0256,40,1,10,0.7250,100.26,231.09,35.23,23.10,53.50,201.50,17.00,57.00,0.0000,55.33,1,0,3.2623,ACCEPT,0,543,4824,1074,4,200,40,0,0,0,0
196,0,1,1,ACCEPT,6.6381,1.0000,31,2,13,0.6129,101.35,235.76,35.23,23.10,53.00,199.50,16.00,53.00,0.0000,60.44,1,0,3.4226,ACCEPT,0,409,4712,1041,4,200,31,0,0,0,0
197,0,1,1,ACCEPT,7.0947,1.0690,31,3,15,0.4839,102.99,241.15,35.23,23.10,49.50,197.50,29.00,55.00,0.0000,69.04,1,0,3.4243,ACCEPT,0,381,4585,998,4,200,31,0,0,0,0
198,0,1,1,ACCEPT,6.7630,1.0000,28,1,13,0.6429,103.54,245.82,35.23,23.10,46.00,195.50,42.00,49.00,0.0000,76.44,1,0,3.2132,ACCEPT,0,349,4484,1033,4,200,28,0,0,0,0
199,0,1,1,ACCEPT,7.0297,1.0345,30,1,13,0.7333,104.09,250.49,35.23,23.10,45.50,193.50,47.00,43.00,0.0000,81.73,1,0,3.2218,ACCEPT,0,355,4618,965,4,200,30,0,0,0,0
200,0,1,1,ACCEPT,6.9520,1.0000,30,3,13,0.4000,105.73,255.16,35.23,23.10,45.50,191.00,57.00,34.00,0.0000,88.00,1,0,3.3368,ACCEPT,0,359,4447,1020,4,200,30,0,0,0,0
201,0,1,1,ACCEPT,6.9716,1.0000,30,2,10,0.6000,106.82,258.76,35.23,23.10,45.00,186.50,60.00,25.00,0.0000,95.09,1,0,3.3067,ACCEPT,0,352,4211,1074,4,200,30,0,0,0,0
202,0,1,1,ACCEPT,7.1557,1.0000,31,1,11,0.7419,107.37,262.71,35.23,23.10,45.00,185.50,60.00,23.00,0.0000,99.25,1,0,3.3233,ACCEPT,0,351,4276,1040,4,200,31,0,0,0,0
203,0,1,1,ACCEPT,7.3298,1.0323,32,3,11,0.5625,109.01,266.66,35.23,23.10,46.00,184.00,60.00,16.00,0.0000,103.94,1,0,3.4335,ACCEPT,0,347,4212,1091,4,200,32,0,0,0,0
204,0,1,1,ACCEPT,7.2082,1.0303,34,0,11,0.8235,109.01,270.62,35.23,23.10,48.00,183.50,56.00,19.00,0.0000,106.35,1,0,3.3427,ACCEPT,0,367,4207,1112,4,200,34,0,0,0,0
205,0,1,1,ACCEPT,7.6574,1.0571,37,1,13,0.7297,109.55,275.29,35.23,23.10,48.50,182.50,51.00,21.00,0.0000,111.07,1,0,3.4277,ACCEPT,0,372,4161,1107,4,200,37,0,0,0,0
206,0,1,1,ACCEPT,7.3310,1.0294,35,0,11,0.8000,109.55,279.24,35.23,23.10,53.50,176.50,41.00,25.00,0.0000,117.04,1,0,3.2844,ACCEPT,0,361,4136,1089,4,200,35,0,0,0,0
207,0,1,1,ACCEPT,7.3583,1.0000,35,1,10,0.8000,110.10,282.84,35.23,23.10,61.00,172.00,22.00,32.00,0.0000,121.23,1,0,3.3385,ACCEPT,0,356,4105,1041,4,200,35,0,0,0,0
208,0,1,1,ACCEPT,7.5362,1.0000,35,1,11,0.7714,110.65,286.79,35.23,23.10,60.50,174.00,23.00,30.00,0.0000,123.44,1,0,3.4703,ACCEPT,0,345,4087,1012,4,200,35,0,0,0,0
209,0,1,1,ACCEPT,7.5096,1.0303,34,0,10,0.8235,110.65,290.38,35.23,23.10,65.00,176.00,14.00,28.00,0.0000,123.16,1,0,3.2958,ACCEPT,0,332,4108,1023,4,200,34,0,0,0,0
210,0,1,1,ACCEPT,7.6125,1.0294,35,1,11,0.7714,111.20,294.34,35.23,23.10,73.50,179.00,33.00,30.00,0.0000,121.34,1,0,3.3232,ACCEPT,0,336,4041,1078,4,200,35,0,0,0,0
211,0,1,1,ACCEPT,7.5829,1.0286,36,2,10,0.6667,112.29,297.93,35.23,23.10,78.00,178.50,38.00,33.00,0.0000,124.25,1,0,3.4164,ACCEPT,0,342,4034,1103,4,200,36,0,0,0,0
212,0,1,1,ACCEPT,7.5800,1.0571,37,1,11,0.7568,112.84,301.88,35.23,23.10,82.50,177.50,49.00,23.00,0.0000,128.03,1,0,3.4210,ACCEPT,0,351,4065,1047,4,200,37,0,0,0,0
213,0,1,1,ACCEPT,7.6445,1.0571,37,1,11,0.7838,113.38,305.84,35.23,23.10,85.00,184.00,60.00,28.00,0.0000,125.10,1,0,3.3998,ACCEPT,0,343,4023,1112,4,200,37,0,0,0,0
214,0,1,1,ACCEPT,7.6217,1.0270,38,1,11,0.7368,113.93,309.79,35.23,23.10,87.50,184.00,65.00,30.00,0.0000,128.54,1,0,3.3753,ACCEPT,0,353,4075,1076,4,200,38,0,0,0,0
215,0,1,1,ACCEPT,7.5961,1.0286,36,1,10,0.8056,114.48,313.38,35.23,23.10,94.50,179.50,63.00,31.00,0.0000,135.36,1,0,3.4473,ACCEPT,0,330,4057,1040,4,200,36,0,0,0,0
216,0,1,1,ACCEPT,7.7587,1.0606,35,1,11,0.7429,115.02,317.34,35.23,23.10,97.50,177.50,59.00,31.00,0.0000,140.93,1,0,3.3931,ACCEPT,0,315,4003,1057,4,200,35,0,0,0,0
217,0,1,1,ACCEPT,7.6682,1.0606,35,0,10,0.8286,115.02,320.93,35.23,23.10,97.50,174.00,59.00,26.00,0.0000,147.97,1,0,3.3857,ACCEPT,0,315,4039,1016,4,200,35,0,0,0,0
218,0,1,1,ACCEPT,7.7159,1.0303,34,0,11,0.8235,115.02,324.88,35.23,23.10,98.00,175.50,54.00,27.00,0.0000,150.35,1,0,3.3710,ACCEPT,0,299,3989,1003,4,200,34,0,0,0,0
219,0,1,1,ACCEPT,7.7608,1.0645,33,-1,10,0.7576,114.48,328.48,35.23,23.10,94.50,177.00,53.00,30.00,0.0000,152.79,1,0,3.4092,ACCEPT,0,291,4112,981,4,200,33,0,0,0,0
220,0,1,1,ACCEPT,7.5960,1.0667,32,0,10,0.8125,114.48,332.07,35.23,23.10,92.50,177.00,49.00,34.00,0.0000,156.62,1,0,3.4032,ACCEPT,0,288,4102,974,4,200,32,0,0,0,0
221,0,1,1,ACCEPT,7.6869,1.0667,32,0,11,0.8125,114.48,336.02,35.23,23.10,90.50,178.00,35.00,40.00,0.0000,159.83,1,0,3.1745,ACCEPT,0,282,4043,999,4,200,32,0,0,0,0
222,0,1,1,ACCEPT,7.8782,1.0625,34,-2,11,0.7647,113.38,339.98,35.23,23.10,85.50,180.00,27.00,42.00,0.0000,162.39,1,0,3.4101,ACCEPT,0,284,3907,996,4,200,34,0,0,0,0
223,0,1,1,ACCEPT,7.8160,1.0667,32,0,10,0.8125,113.38,343.57,35.23,23.10,83.00,180.50,22.00,43.00,0.0000,165.88,1,0,3.3562,ACCEPT,0,279,4008,1023,4,200,32,0,0,0,0
224,0,1,1,ACCEPT,7.5956,1.0323,32,0,9,0.8438,113.38,346.80,35.23,23.10,79.00,178.00,26.00,36.00,0.0000,172.27,1,0,3.2328,ACCEPT,0,285,3965,1013,4,200,32,0,0,0,0
225,0,1,1,ACCEPT,8.0689,1.0938,35,-1,10,0.8286,112.84,350.40,35.23,23.10,74.00,175.50,42.00,31.00,0.0000,179.16,1,0,3.4025,ACCEPT,0,282,3780,1010,4,200,35,0,0,0,0
226,0,1,1,ACCEPT,7.8143,1.0323,32,-1,9,0.7812,112.29,353.63,35.23,23.10,73.00,175.50,48.00,31.00,0.0000,182.41,1,0,3.3742,ACCEPT,0,270,3939,955,4,200,32,0,0,0,0
227,0,1,1,ACCEPT,7.9502,1.1034,32,1,10,0.8125,112.84,357.23,35.23,23.10,71.50,170.00,57.00,24.00,0.0000,191.74,1,0,3.3696,ACCEPT,0,262,3898,872,4,200,32,0,0,0,0
228,0,1,1,ACCEPT,7.8657,1.0357,29,-1,9,0.7931,112.29,360.46,35.23,23.10,71.50,166.00,59.00,18.00,0.0000,198.69,1,0,3.3674,ACCEPT,0,240,4124,786,4,200,29,0,0,0,0
229,0,1,1,ACCEPT,7.9046,1.0385,27,1,9,0.8148,112.84,363.70,35.23,23.10,73.50,163.00,55.00,22.00,0.0000,204.51,1,0,3.4039,ACCEPT,0,223,4071,731,4,200,27,0,0,0,0
230,0,1,1,ACCEPT,7.7600,1.0435,24,0,9,0.8333,112.84,366.93,35.23,23.10,77.00,161.00,50.00,24.00,0.0000,209.02,1,0,3.4167,ACCEPT,0,206,4030,699,4,200,24,0,0,0,0
231,0,1,1,ACCEPT,7.8188,1.1000,22,0,10,0.8182,112.84,370.52,35.23,23.10,80.00,158.00,42.00,32.00,0.0000,215.05,1,0,3.4224,ACCEPT,0,190,4086,657,4,200,22,0,0,0,0
232,0,1,1,ACCEPT,7.9682,1.1053,21,-1,9,0.8095,112.29,373.76,35.23,23.10,82.00,157.50,38.00,35.00,0.0000,218.37,1,0,3.3534,ACCEPT,0,176,4040,621,4,200,21,0,0,0,0
233,0,1,1,ACCEPT,8.0476,1.1111,20,1,9,0.7500,112.84,376.99,35.23,23.10,87.50,157.00,23.00,38.00,0.0000,221.45,1,0,3.4150,ACCEPT,0,164,3916,605,4,200,20,0,0,0,0
234,0,1,1,ACCEPT,7.8082,1.1250,18,0,10,0.8333,112.84,380.59,35.23,23.10,92.50,159.00,27.00,46.00,0.0000,222.52,1,0,3.4026,ACCEPT,0,152,4029,570,4,200,18,0,0,0,0
235,0,1,1,ACCEPT,7.9442,1.0625,17,-1,8,0.7647,112.29,383.46,35.23,23.10,97.00,160.50,32.00,47.00,0.0000,223.48,1,0,3.3599,ACCEPT,0,141,3965,572,4,200,17,0,0,0,0
236,0,1,1,ACCEPT,7.9582,1.0625,17,0,8,0.8235,112.29,386.34,35.23,23.10,99.50,161.50,33.00,47.00,0.0000,225.20,1,0,3.3422,ACCEPT,0,137,3747,571,4,200,17,0,0,0,0
237,0,1,1,ACCEPT,7.9156,1.1538,15,0,10,0.8000,112.29,389.93,35.23,23.10,99.00,159.00,34.00,44.00,0.0000,231.31,1,0,3.2557,ACCEPT,0,124,3958,535,4,200,15,0,0,0,0
238,0,1,1,ACCEPT,7.7314,1.0769,14,0,8,0.7857,112.29,392.80,35.23,23.10,98.00,158.50,34.00,41.00,0.0000,234.74,1,0,3.1349,ACCEPT,0,121,3952,525,4,200,14,0,0,0,0
239,0,1,1,ACCEPT,8.1352,1.1667,14,-3,9,0.5714,110.65,396.04,35.23,23.10,96.00,158.00,32.00,36.00,0.0000,238.49,1,0,3.4317,ACCEPT,0,113,4005,534,4,200,14,0,0,0,0
240,0,1,1,ACCEPT,7.4123,1.0000,12,-3,7,0.6667,109.01,398.55,35.23,23.10,95.00,158.00,36.00,34.00,0.0000,240.96,1,0,3.2137,ACCEPT,0,108,4144,502,4,200,12,0,0,0,0
241,0,1,1,ACCEPT,7.8787,1.0833,13,1,8,0.7692,109.55,401.43,35.23,23.10,94.50,157.50,35.00,33.00,0.0000,244.39,1,0,3.4301,ACCEPT,0,107,4158,477,4,200,13,0,0,0,0
242,0,1,1,ACCEPT,7.6509,1.0909,12,-4,8,0.5833,107.37,404.30,35.23,23.10,93.50,158.50,35.00,29.00,0.0000,246.20,1,0,3.0162,ACCEPT,0,104,4318,456,4,200,12,0,0,0,0
243,0,1,1,ACCEPT,8.0423,1.0909,12,1,8,0.6667,107.91,407.18,35.23,23.10,93.00,158.50,36.00,29.00,0.0000,249.13,1,0,3.3727,ACCEPT,0,97,3988,473,4,200,12,0,0,0,0
244,0,1,1,ACCEPT,7.7031,1.1111,10,-2,7,0.7000,106.82,409.70,35.23,23.10,91.00,159.00,38.00,28.00,0.0000,251.19,1,0,3.2623,ACCEPT,0,83,4139,471,4,200,10,0,0,0,0
245,0,1,1,ACCEPT,7.5547,1.0000,10,0,7,0.8000,106.82,412.21,35.23,23.10,91.50,160.00,37.00,26.00,0.0000,252.68,1,0,3.2724,ACCEPT,0,87,4138,477,4,200,10,0,0,0,0
246,0,1,1,ACCEPT,7.7133,1.1111,10,0,7,0.8000,106.82,414.73,35.23,23.10,92.00,160.50,36.00,23.00,0.0000,254.66,1,0,3.2474,ACCEPT,0,82,4076,454,4,200,10,0,0,0,0
247,0,1,1,ACCEPT,8.2744,1.2500,10,1,8,0.7000,107.37,417.60,35.23,23.10,92.00,161.50,38.00,21.00,0.0000,256.56,1,0,3.3811,ACCEPT,0,79,4062,453,4,200,10,0,0,0,0
248,0,1,1,ACCEPT,7.6937,1.1250,9,1,6,0.6667,107.91,419.76,35.23,23.10,93.00,162.00,38.00,20.00,0.0000,258.19,1,0,3.3223,ACCEPT,0,76,4187,431,4,200,9,0,0,0,0
249,0,1,1,ACCEPT,8.1774,1.2857,9,1,8,0.5556,108.46,422.63,35.23,23.10,93.00,163.00,38.00,22.00,0.0000,260.09,1,0,3.3027,ACCEPT,0,72,4219,433,4,200,9,0,0,0,0
250,0,1,1,ACCEPT,7.6374,1.1429,8,2,7,0.5000,109.55,425.15,35.23,23.10,93.50,162.50,37.00,21.00,0.0000,263.14,1,0,3.4151,ACCEPT,0,68,4060,451,4,200,8,0,0,0,0
251,0,1,1,ACCEPT,7.9741,1.3333,8,1,8,0.6250,110.10,428.02,35.23,23.10,94.00,162.50,38.00,21.00,0.0000,266.01,1,0,3.3094,ACCEPT,0,66,4001,464,4,200,8,0,0,0,0
252,0,1,1,ACCEPT,7.6236,1.1667,7,1,8,0.5714,110.65,430.90,35.23,23.10,95.00,162.00,38.00,22.00,0.0000,269.35,1,0,3.3405,ACCEPT,0,58,3926,463,4,200,7,0,0,0,0
253,0,1,1,ACCEPT,7.6534,1.1667,7,0,8,0.7143,110.65,433.77,35.23,23.10,95.00,162.50,38.00,23.00,0.0000,271.72,1,0,3.3024,ACCEPT,0,57,4070,437,4,200,7,0,0,0,0
254,0,1,1,ACCEPT,7.0485,1.0000,6,0,5,0.6667,110.65,435.57,35.23,23.10,95.50,162.50,37.00,23.00,0.0000,273.49,1,0,3.1200,ACCEPT,0,51,3932,459,4,200,6,0,0,0,0
255,0,1,1,ACCEPT,7.9909,1.1667,7,1,8,0.5714,111.20,438.45,35.23,23.10,96.00,163.00,38.00,22.00,0.0000,275.86,1,0,3.2440,ACCEPT,0,54,3784,469,4,200,7,0,0,0,0
256,0,1,1,ACCEPT,7.1638,1.2000,6,0,8,0.5000,111.20,441.32,35.23,23.10,95.50,163.50,39.00,21.00,0.0000,278.26,1,0,3.1722,ACCEPT,0,49,3872,453,4,200,6,0,0,0,0
257,0,1,1,ACCEPT,7.6928,1.2000,6,1,8,0.5000,111.74,444.20,35.23,23.10,96.00,162.00,38.00,20.00,0.0000,282.63,1,0,3.2418,ACCEPT,0,47,3918,460,4,200,6,0,0,0,0
258,0,1,1,ACCEPT,6.9649,1.2500,5,0,6,0.6000,111.74,446.35,35.23,23.10,96.00,163.00,38.00,18.00,0.0000,283.79,1,0,3.2443,ACCEPT,0,43,4026,454,4,200,5,0,0,0,0
259,0,1,1,ACCEPT,7.1432,1.2500,5,0,6,0.6000,111.74,448.51,35.23,23.10,95.50,163.00,39.00,18.00,0.0000,285.97,1,0,3.2130,ACCEPT,0,42,4054,452,4,200,5,0,0,0,0
260,0,1,1,ACCEPT,7.2311,1.2500,5,0,8,0.6000,111.74,451.38,35.23,23.10,95.00,163.50,40.00,17.00,0.0000,288.37,1,0,3.2065,ACCEPT,0,41,4016,450,4,200,5,0,0,0,0
261,0,1,1,ACCEPT,7.6008,1.2500,5,0,8,0.4000,111.74,454.26,35.23,23.10,94.50,162.50,41.00,17.00,0.0000,292.27,1,0,3.2663,ACCEPT,0,40,4083,453,4,200,5,0,0,0,0
262,0,1,1,ACCEPT,7.5739,1.2500,5,0,8,0.4000,111.74,457.13,35.23,23.10,93.50,162.50,43.00,17.00,0.0000,295.20,1,0,3.2626,ACCEPT,0,38,4107,445,4,200,5,0,0,0,0
263,0,1,1,ACCEPT,6.4732,1.3333,4,0,5,0.5000,111.74,458.93,35.23,23.10,93.50,162.50,45.00,17.00,0.0000,296.99,1,0,3.3321,ACCEPT,0,36,4028,449,4,200,4,0,0,0,0
264,0,1,1,ACCEPT,6.5109,1.3333,4,0,5,0.5000,111.74,460.73,35.23,23.10,92.50,164.00,45.00,20.00,0.0000,297.35,1,0,3.3270,ACCEPT,0,34,4018,452,4,200,4,0,0,0,0
265,0,1,1,ACCEPT,6.4827,1.3333,4,0,5,0.5000,111.74,462.52,35.23,23.10,91.50,165.00,47.00,22.00,0.0000,298.21,1,0,3.3229,ACCEPT,0,34,4030,455,4,200,4,0,0,0,0
266,0,1,1,ACCEPT,6.5107,1.3333,4,0,5,0.5000,111.74,464.32,35.23,23.10,90.50,165.50,49.00,27.00,0.0000,299.57,1,0,3.3333,ACCEPT,0,35,4015,457,4,200,4,0,0,0,0
267,0,1,1,ACCEPT,6.6806,1.3333,4,0,5,0.5000,111.74,466.12,35.23,23.10,90.00,165.50,50.00,33.00,0.0000,301.40,1,0,3.3247,ACCEPT,0,34,3929,466,4,200,4,0,0,0,0
268,0,1,1,ACCEPT,6.7968,1.3333,4,0,6,0.5000,111.74,468.27,35.23,23.10,89.00,166.00,50.00,36.00,0.0000,303.13,1,0,3.2920,ACCEPT,0,32,4370,431,4,200,4,0,0,0,0
269,0,1,1,ACCEPT,7.0159,1.3333,4,0,6,0.2500,111.74,470.43,35.23,23.10,89.00,164.00,52.00,40.00,0.0000,307.27,1,0,3.2962,ACCEPT,0,31,4170,469,4,200,4,0,0,0,0
270,0,1,1,ACCEPT,6.9607,1.3333,4,0,6,0.2500,111.74,472.59,35.23,23.10,88.50,166.00,55.00,46.00,0.0000,307.47,1,0,3.2613,ACCEPT,0,32,4269,434,4,200,4,0,0,0,0
271,0,1,1,ACCEPT,7.3617,1.3333,4,-1,6,0.2500,111.20,474.74,35.23,23.10,88.50,166.00,53.00,48.00,0.0000,309.58,1,0,3.1934,ACCEPT,0,27,3957,497,4,200,4,0,0,0,0
272,0,1,1,ACCEPT,7.3587,1.3333,4,3,6,0.0000,112.84,476.90,35.23,23.10,88.50,165.50,53.00,49.00,0.0000,312.35,1,0,3.3628,ACCEPT,0,28,3730,516,4,200,4,0,0,0,0
273,0,1,1,ACCEPT,5.9589,1.0000,3,0,5,0.3333,112.84,478.70,35.23,23.10,89.00,166.00,56.00,50.00,0.0000,313.60,1,0,3.3688,ACCEPT,0,27,3998,478,4,200,3,0,0,0,0
274,0,1,1,ACCEPT,6.0041,1.0000,3,0,5,0.3333,112.84,480.49,35.23,23.10,88.50,167.00,55.00,52.00,0.0000,314.44,1,0,3.2963,ACCEPT,0,27,4148,457,4,200,3,0,0,0,0
275,0,1,1,ACCEPT,6.1447,1.0000,3,0,6,0.0000,112.84,482.65,35.23,23.10,89.00,167.50,56.00,49.00,0.0000,316.05,1,0,3.1959,ACCEPT,0,25,3783,501,4,200,3,0,0,0,0
276,0,1,1,ACCEPT,6.3558,1.0000,3,1,5,0.0000,113.38,484.45,35.23,23.10,90.00,169.00,58.00,48.00,0.0000,316.31,1,0,3.1687,ACCEPT,0,22,3883,479,4,200,3,0,0,0,0
277,0,1,1,ACCEPT,6.5027,1.0000,3,3,6,0.0000,115.02,486.60,35.23,23.10,90.00,170.00,58.00,48.00,0.0000,317.59,1,0,3.1297,ACCEPT,0,22,4035,473,4,200,3,0,0,0,0
278,0,1,0,NEGATIVE_PEAK,-4.2339,1.0000,-3,-13,0,0.0000,115.02,486.60,35.23,23.10,89.50,169.00,57.00,48.00,0.0000,318.63,0,0,0.0000,NOT_RUN,0,20,4062,0,4,200,3,0,0,0,0
279,0,1,0,NEGATIVE_PEAK,-4.2180,1.0000,-3,22,0,0.0000,115.02,486.60,35.23,23.10,91.00,170.00,58.00,44.00,0.0000,317.51,0,0,0.0000,NOT_RUN,0,21,3888,0,4,200,3,0,0,0,0
280,0,1,1,ACCEPT,6.6253,1.0000,3,1,6,0.0000,115.57,488.76,35.23,23.10,90.50,168.00,57.00,44.00,0.0000,321.74,1,0,3.3341,ACCEPT,0,21,3849,492,4,200,3,0,0,0,0
281,0,1,0,NEGATIVE_PEAK,-4.2564,1.5000,-3,-13,0,0.0000,115.57,488.76,35.23,23.10,90.00,164.50,58.00,47.00,0.0000,325.26,0,0,0.0000,NOT_RUN,0,20,3892,0,4,200,3,0,0,0,0
282,0,1,0,NEGATIVE_PEAK,-4.2451,1.5000,-3,-13,0,0.0000,115.57,488.76,35.23,23.10,91.00,163.50,60.00,45.00,0.0000,326.18,0,0,0.0000,NOT_RUN,0,20,3856,0,4,200,3,0,0,0,0
283,0,1,0,NEGATIVE_PEAK,-4.2148,1.0000,-3,-17,0,0.0000,115.57,488.76,35.23,23.10,92.00,160.00,58.00,48.00,0.0000,329.60,0,0,0.0000,NOT_RUN,0,20,3862,0,4,200,3,0,0,0,0
284,0,1,0,NEGATIVE_PEAK,-4.2431,1.5000,-3,-19,0,0.3333,115.57,488.76,35.23,23.10,92.50,157.00,61.00,50.00,0.0000,332.56,0,0,0.0000,NOT_RUN,0,20,3763,0,4,200,3,0,0,0,0
285,0,1,1,ACCEPT,6.6493,1.0000,3,5,6,0.3333,118.30,490.91,35.23,23.10,94.50,155.50,59.00,47.00,0.0000,336.26,1,0,3.2505,ACCEPT,0,20,3751,492,4,200,3,0,0,0,0
286,0,1,0,NEGATIVE_PEAK,-4.2314,1.0000,-3,-17,0,0.0000,118.30,490.91,35.23,23.10,94.00,155.00,58.00,46.00,0.0000,336.79,0,0,0.0000,NOT_RUN,0,20,3743,0,4,200,3,0,0,0,0
287,0,1,0,NEGATIVE_PEAK,-4.2586,1.5000,-3,17,0,0.3333,118.30,490.91,35.23,23.10,95.00,156.00,58.00,44.00,0.0000,335.72,0,0,0.0000,NOT_RUN,0,20,3882,0,4,200,3,0,0,0,0
288,0,1,0,NEGATIVE_PEAK,-4.2845,1.5000,-3,-9,0,0.3333,118.30,490.91,35.23,23.10,95.50,157.50,59.00,39.00,0.0000,334.19,0,0,0.0000,NOT_RUN,0,20,3668,0,4,200,3,0,0,0,0
289,0,1,0,LOW_PSR,4.8523,1.0000,2,2,6,0.5000,118.30,490.91,35.23,23.10,96.00,157.50,60.00,37.00,0.0000,334.16,0,0,0.0000,NOT_RUN,0,20,3681,0,4,200,2,0,0,0,0
290,0,1,0,NEGATIVE_PEAK,-2.4902,1.0000,-2,0,0,1.0000,118.30,490.91,35.23,23.10,96.00,157.50,60.00,37.00,0.0000,334.16,0,0,0.0000,NOT_RUN,0,20,3480,0,4,200,2,0,0,0,0
291,0,1,0,NEGATIVE_PEAK,-2.5030,1.0000,-2,0,0,1.0000,118.30,490.91,35.23,23.10,97.00,157.50,62.00,37.00,0.0000,334.09,0,0,0.0000,NOT_RUN,0,21,3375,0,4,200,3,0,0,0,0
292,0,1,0,NEGATIVE_PEAK,-4.2766,1.0000,-3,22,0,0.6667,118.30,490.91,35.23,23.10,98.00,157.50,60.00,39.00,0.0000,334.03,0,0,0.0000,NOT_RUN,0,20,3425,0,4,200,3,0,0,0,0
293,0,1,0,NEGATIVE_PEAK,-2.4722,1.0000,-2,0,0,1.0000,118.30,490.91,35.23,23.10,99.00,156.00,62.00,40.00,0.0000,335.47,0,0,0.0000,NOT_RUN,0,21,3233,0,4,200,3,0,0,0,0
294,0,1,0,NEGATIVE_PEAK,-2.4874,1.0000,-2,0,0,1.0000,118.30,490.91,35.23,23.10,99.50,154.50,61.00,43.00,0.0000,336.94,0,0,0.0000,NOT_RUN,0,21,3107,0,4,200,3,0,0,0,0
295,0,1,0,NEGATIVE_PEAK,-2.4994,1.0000,-2,0,0,1.0000,118.30,490.91,35.23,23.10,99.50,153.00,61.00,46.00,0.0000,338.44,0,0,0.0000,NOT_RUN,0,21,3074,0,4,200,3,0,0,0,0
296,0,1,0,NEGATIVE_PEAK,-2.5157,1.0000,-2,0,0,1.0000,118.30,490.91,35.23,23.10,98.50,152.00,63.00,48.00,0.0000,339.49,0,0,0.0000,NOT_RUN,0,21,2969,0,4,200,3,0,0,0,0
297,0,1,0,NEGATIVE_PEAK,-2.5339,1.0000,-2,0,0,1.0000,118.30,490.91,35.23,23.10,98.00,151.50,64.00,51.00,0.0000,340.02,0,0,0.0000,NOT_RUN,0,21,3082,0,4,200,3,0,0,0,0
298,0,1,0,NEGATIVE_PEAK,-2.5227,1.0000,-2,0,0,1.0000,118.30,490.91,35.23,23.10,98.50,151.00,65.00,52.00,0.0000,340.49,0,0,0.0000,NOT_RUN,0,21,2892,0,4,200,3,0,0,0,0
299,0,1,0,NEGATIVE_PEAK,-2.5179,1.0000,-2,0,0,1.0000,118.30,490.91,35.23,23.10,99.00,151.00,66.00,50.00,0.0000,340.46,0,0,0.0000,NOT_RUN,0,21,2947,0,4,200,3,0,0,0,0
300,0,1,0,NEGATIVE_PEAK,-2.5185,1.0000,-2,0,0,1.0000,118.30,490.91,35.23,23.10,97.00,151.00,68.00,48.00,0.0000,340.58,0,0,0.0000,NOT_RUN,0,21,2806,0,4,200,3,0,0,0,0
301,0,1,0,NEGATIVE_PEAK,-2.5289,1.0000,-2,0,0,1.0000,118.30,490.91,35.23,23.10,97.00,151.00,70.00,48.00,0.0000,340.58,0,0,0.0000,NOT_RUN,0,21,2759,0,4,200,3,0,0,0,0
302,0,1,0,NEGATIVE_PEAK,-2.5387,1.0000,-2,0,0,1.0000,118.30,490.91,35.23,23.10,96.00,152.00,72.00,46.00,0.0000,339.65,0,0,0.0000,NOT_RUN,0,21,2600,0,4,200,3,0,0,0,0
303,0,1,0,NEGATIVE_PEAK,-2.5383,1.0000,-2,0,0,1.0000,118.30,490.91,35.23,23.10,96.50,152.00,73.00,44.00,0.0000,339.61,0,0,0.0000,NOT_RUN,0,21,2593,0,4,200,3,0,0,0,0
304,0,1,0,NEGATIVE_PEAK,-2.5333,1.0000,-2,0,0,1.0000,118.30,490.91,35.23,23.10,96.00,153.50,74.00,43.00,0.0000,338.15,0,0,0.0000,NOT_RUN,0,21,2464,0,4,200,3,0,0,0,0
305,0,1,0,NEGATIVE_PEAK,-2.5449,1.0000,-2,0,0,1.0000,118.30,490.91,35.23,23.10,97.00,154.50,74.00,41.00,0.0000,337.09,0,0,0.0000,NOT_RUN,0,21,2440,0,4,200,2,0,0,0,0
306,0,1,0,NEGATIVE_PEAK,-2.5487,1.0000,-2,0,0,1.0000,118.30,490.91,35.23,23.10,97.50,154.50,75.00,43.00,0.0000,337.06,0,0,0.0000,NOT_RUN,0,21,2309,0,4,200,3,0,0,0,0
307,0,1,0,NEGATIVE_PEAK,-2.5253,1.0000,-2,0,0,1.0000,118.30,490.91,35.23,23.10,97.50,154.50,75.00,43.00,0.0000,337.06,0,0,0.0000,NOT_RUN,0,21,2157,0,4,200,3,0,0,0,0
308,0,1,0,NEGATIVE_PEAK,-2.5392,1.0000,-2,0,0,1.0000,118.30,490.91,35.23,23.10,100.50,155.00,71.00,42.00,0.0000,336.39,0,0,0.0000,NOT_RUN,0,21,1849,0,4,200,3,0,0,0,0
309,0,1,0,NEGATIVE_PEAK,-2.5734,1.0000,-2,0,0,1.0000,118.30,490.91,35.23,23.10,102.50,155.50,65.00,43.00,0.0000,335.79,0,0,0.0000,NOT_RUN,0,20,1957,0,4,200,3,0,0,0,0
310,0,1,0,NEGATIVE_PEAK,-2.5550,1.0000,-2,0,0,1.0000,118.30,490.91,35.23,23.10,104.00,155.50,62.00,43.00,0.0000,335.72,0,0,0.0000,NOT_RUN,0,21,2093,0,4,200,3,0,0,0,0
311,0,1,0,NEGATIVE_PEAK,-4.3658,1.5000,-3,-13,0,0.6667,118.30,490.91,35.23,23.10,104.00,156.50,64.00,41.00,0.0000,334.72,0,0,0.0000,NOT_RUN,0,21,1893,0,4,200,3,0,0,0,0
312,0,1,0,NEGATIVE_PEAK,-2.5574,1.0000,-2,0,0,1.0000,118.30,490.91,35.23,23.10,103.50,157.00,63.00,40.00,0.0000,334.24,0,0,0.0000,NOT_RUN,0,21,2145,0,4,200,3,0,0,0,0
313,0,1,0,NEGATIVE_PEAK,-2.5246,1.0000,-2,0,0,1.0000,118.30,490.91,35.23,23.10,103.00,157.50,64.00,41.00,0.0000,333.77,0,0,0.0000,NOT_RUN,0,20,2292,0,4,200,3,0,0,0,0
314,0,1,0,NEGATIVE_PEAK,-2.5236,1.0000,-2,0,0,1.0000,118.30,490.91,35.23,23.10,102.00,158.00,66.00,42.00,0.0000,333.31,0,0,0.0000,NOT_RUN,0,20,2240,0,4,200,3,0,0,0,0
315,0,1,0,NEGATIVE_PEAK,-2.5385,1.0000,-2,0,0,1.0000,118.30,490.91,35.23,23.10,100.50,156.50,65.00,43.00,0.0000,334.89,0,0,0.0000,NOT_RUN,0,21,2606,0,4,200,3,0,0,0,0
316,0,1,0,NEGATIVE_PEAK,-2.5420,1.0000,-2,0,0,1.0000,118.30,490.91,35.23,23.10,100.00,156.00,66.00,42.00,0.0000,335.41,0,0,0.0000,NOT_RUN,0,21,2706,0,4,200,3,0,0,0,0
317,0,1,0,NEGATIVE_PEAK,-2.5308,1.0000,-2,0,0,1.0000,118.30,490.91,35.23,23.10,99.50,157.50,65.00,43.00,0.0000,333.94,0,0,0.0000,NOT_RUN,0,20,2509,0,4,200,3,0,0,0,0
318,0,1,0,NEGATIVE_PEAK,-2.5957,1.0000,-2,0,0,1.0000,118.30,490.91,35.23,23.10,100.00,159.00,66.00,50.00,0.0000,332.42,0,0,0.0000,NOT_RUN,0,21,3334,0,4,200,2,0,0,0,0
319,0,1,0,NEGATIVE_PEAK,-2.6010,1.0000,-2,0,0,1.0000,118.30,490.91,35.23,23.10,99.00,159.00,68.00,50.00,0.0000,332.47,0,0,0.0000,NOT_RUN,0,19,3584,0,4,200,3,0,0,0,0
320,0,1,0,NEGATIVE_PEAK,-2.5137,1.0000,-2,0,0,1.0000,118.30,490.91,35.23,23.10,98.00,159.50,70.00,51.00,0.0000,332.04,0,0,0.0000,NOT_RUN,0,22,3325,0,4,200,2,0,0,0,0
321,0,1,0,NEGATIVE_PEAK,-4.2656,1.5000,-3,-10,0,0.6667,118.30,490.91,35.23,23.10,98.00,159.50,70.00,51.00,0.0000,332.04,0,0,0.0000,NOT_RUN,0,22,4125,0,4,200,3,0,0,0,0
322,0,1,0,NEGATIVE_PEAK,-4.3944,1.5000,-3,-9,0,0.6667,118.30,490.91,35.23,23.10,97.50,160.50,71.00,51.00,0.0000,331.07,0,0,0.0000,NOT_RUN,0,23,3827,0,4,200,3,0,0,0,0
323,0,1,0,NEGATIVE_PEAK,-4.2752,1.5000,-3,-10,0,0.6667,118.30,490.91,35.23,23.10,98.00,158.00,72.00,48.00,0.0000,333.53,0,0,0.0000,NOT_RUN,0,23,3292,0,4,200,3,0,0,0,0
324,0,1,0,NEGATIVE_PEAK,-2.4487,1.0000,-2,0,0,1.0000,118.30,490.91,35.23,23.10,96.50,158.00,75.00,48.00,0.0000,333.63,0,0,0.0000,NOT_RUN,0,23,2945,0,4,200,2,0,0,0,0
325,0,1,0,NEGATIVE_PEAK,-2.5048,1.0000,-2,0,0,1.0000,118.30,490.91,35.23,23.10,95.50,159.50,77.00,49.00,0.0000,332.20,0,0,0.0000,NOT_RUN,0,23,3156,0,4,200,2,0,0,0,0
326,0,1,0,NEGATIVE_PEAK,-4.3551,1.5000,-3,-23,0,0.6667,118.30,490.91,35.23,23.10,95.00,158.50,78.00,47.00,0.0000,333.23,0,0,0.0000,NOT_RUN,0,23,2671,0,4,200,3,0,0,0,0
327,0,1,0,NEGATIVE_PEAK,-4.3723,1.5000,-3,-23,0,0.6667,118.30,490.91,35.23,23.10,94.00,158.50,82.00,45.00,0.0000,333.30,0,0,0.0000,NOT_RUN,0,22,2473,0,4,200,3,0,0,0,0
328,0,1,0,NEGATIVE_PEAK,-4.3793,1.5000,-3,-22,0,0.6667,118.30,490.91,35.23,23.10,94.50,156.50,83.00,45.00,0.0000,335.26,0,0,0.0000,NOT_RUN,0,23,2148,0,4,200,3,0,0,0,0
329,0,1,0,NEGATIVE_PEAK,-4.3834,1.5000,-3,-21,0,0.6667,118.30,490.91,35.23,23.10,94.00,156.50,86.00,43.00,0.0000,335.30,0,0,0.0000,NOT_RUN,0,24,1975,0,4,200,3,0,0,0,0
330,0,1,0,NEGATIVE_PEAK,-4.3973,1.5000,-3,-21,0,0.6667,118.30,490.91,35.23,23.10,94.50,155.50,85.00,41.00,0.0000,336.26,0,0,0.0000,NOT_RUN,0,23,2156,0,4,200,3,0,0,0,0
331,0,1,0,NEGATIVE_PEAK,-4.4118,1.5000,-3,-21,0,0.6667,118.30,490.91,35.23,23.10,95.00,154.50,84.00,41.00,0.0000,337.22,0,0,0.0000,NOT_RUN,0,24,2120,0,4,200,3,0,0,0,0
332,0,1,0,NEGATIVE_PEAK,-4.4160,1.5000,-3,-20,0,0.6667,118.30,490.91,35.23,23.10,95.00,155.00,84.00,42.00,0.0000,336.72,0,0,0.0000,NOT_RUN,0,23,2202,0,4,200,3,0,0,0,0
333,0,1,0,NEGATIVE_PEAK,-4.3805,1.5000,-3,-21,0,0.6667,118.30,490.91,35.23,23.10,95.00,154.00,84.00,44.00,0.0000,337.72,0,0,0.0000,NOT_RUN,0,22,1722,0,4,200,3,0,0,0,0
334,0,1,0,NEGATIVE_PEAK,-4.4173,1.5000,-3,-19,0,0.6667,118.30,490.91,35.23,23.10,94.50,154.00,87.00,46.00,0.0000,337.75,0,0,0.0000,NOT_RUN,0,24,1863,0,4,200,3,0,0,0,0
335,0,1,0,NEGATIVE_PEAK,-4.4847,1.5000,-3,-18,0,0.6667,118.30,490.91,35.23,23.10,95.00,153.50,88.00,47.00,0.0000,338.22,0,0,0.0000,NOT_RUN,0,22,1810,0,4,200,3,0,0,0,0
336,0,1,0,NEGATIVE_PEAK,-4.4633,1.5000,-3,-18,0,0.3333,118.30,490.91,35.23,23.10,95.50,153.50,87.00,47.00,0.0000,338.18,0,0,0.0000,NOT_RUN,0,22,1730,0,4,200,3,0,0,0,0
337,0,1,0,NEGATIVE_PEAK,-4.4843,1.5000,-3,-17,0,0.3333,118.30,490.91,35.23,23.10,97.00,153.50,86.00,47.00,0.0000,338.09,0,0,0.0000,NOT_RUN,0,21,1680,0,4,200,3,0,0,0,0
338,0,1,0,NEGATIVE_PEAK,-4.4919,1.5000,-3,-17,0,0.3333,118.30,490.91,35.23,23.10,97.00,153.00,86.00,46.00,0.0000,338.59,0,0,0.0000,NOT_RUN,0,22,1576,0,4,200,3,0,0,0,0
339,0,1,0,NEGATIVE_PEAK,-4.4549,1.5000,-3,-17,0,0.3333,118.30,490.91,35.23,23.10,97.50,154.50,85.00,47.00,0.0000,337.06,0,0,0.0000,NOT_RUN,0,22,1706,0,4,200,3,0,0,0,0
340,0,1,0,NEGATIVE_PEAK,-4.4650,1.5000,-3,-17,0,0.3333,118.30,490.91,35.23,23.10,95.50,154.00,87.00,48.00,0.0000,337.68,0,0,0.0000,NOT_RUN,0,22,1699,0,4,200,3,0,0,0,0
341,0,1,0,NEGATIVE_PEAK,-4.4975,1.5000,-3,-17,0,0.6667,118.30,490.91,35.23,23.10,96.00,154.50,84.00,47.00,0.0000,337.15,0,0,0.0000,NOT_RUN,0,23,1806,0,4,200,3,0,0,0,0
342,0,1,0,NEGATIVE_PEAK,-4.4704,1.5000,-3,-18,0,0.6667,118.30,490.91,35.23,23.10,96.00,155.50,84.00,47.00,0.0000,336.15,0,0,0.0000,NOT_RUN,0,22,1773,0,4,200,3,0,0,0,0
343,0,1,0,NEGATIVE_PEAK,-4.5007,1.5000,-3,-17,0,0.6667,118.30,490.91,35.23,23.10,95.00,155.50,86.00,49.00,0.0000,336.22,0,0,0.0000,NOT_RUN,0,22,1684,0,4,200,3,0,0,0,0
344,0,1,0,NEGATIVE_PEAK,-4.4691,1.5000,-3,-18,0,0.6667,118.30,490.91,35.23,23.10,95.00,157.00,86.00,48.00,0.0000,334.73,0,0,0.0000,NOT_RUN,0,22,1708,0,4,200,3,0,0,0,0
345,0,1,0,NEGATIVE_PEAK,-4.4649,1.5000,-3,-19,0,0.6667,118.30,490.91,35.23,23.10,95.00,157.50,84.00,49.00,0.0000,334.23,0,0,0.0000,NOT_RUN,0,22,1712,0,4,200,3,0,0,0,0
346,0,1,0,NEGATIVE_PEAK,-4.4393,1.5000,-3,-20,0,0.6667,118.30,490.91,35.23,23.10,95.50,157.00,83.00,48.00,0.0000,334.69,0,0,0.0000,NOT_RUN,0,22,1800,0,4,200,3,0,0,0,0
347,0,1,0,NEGATIVE_PEAK,-4.4757,1.5000,-3,-19,0,0.6667,118.30,490.91,35.23,23.10,96.00,158.50,84.00,51.00,0.0000,333.16,0,0,0.0000,NOT_RUN,0,24,1819,0,4,200,3,0,0,0,0
348,0,1,0,NEGATIVE_PEAK,-4.4442,1.5000,-3,-20,0,0.6667,118.30,490.91,35.23,23.10,96.50,158.50,81.00,53.00,0.0000,333.13,0,0,0.0000,NOT_RUN,0,23,1794,0,4,200,3,0,0,0,0
349,0,1,0,NEGATIVE_PEAK,-4.4148,1.5000,-3,-20,0,0.6667,118.30,490.91,35.23,23.10,96.00,158.00,82.00,58.00,0.0000,333.66,0,0,0.0000,NOT_RUN,0,25,1955,0,4,200,3,0,0,0,0
350,0,1,0,NEGATIVE_PEAK,-4.3939,1.5000,-3,-22,0,0.6667,118.30,490.91,35.23,23.10,97.00,158.00,78.00,60.00,0.0000,333.60,0,0,0.0000,NOT_RUN,0,24,2146,0,4,200,3,0,0,0,0
351,0,1,0,NEGATIVE_PEAK,-4.4220,1.5000,-3,-21,0,0.6667,118.30,490.91,35.23,23.10,99.00,158.00,76.00,62.00,0.0000,333.47,0,0,0.0000,NOT_RUN,0,24,2195,0,4,200,3,0,0,0,0
352,0,1,0,NEGATIVE_PEAK,-2.5470,1.0000,-2,0,0,1.0000,118.30,490.91,35.23,23.10,99.00,157.50,74.00,63.00,0.0000,333.97,0,0,0.0000,NOT_RUN,0,24,2126,0,4,200,2,0,0,0,0
353,0,1,0,NEGATIVE_PEAK,-4.4691,1.5000,-3,-21,0,0.6667,118.30,490.91,35.23,23.10,98.50,158.50,73.00,65.00,0.0000,333.00,0,0,0.0000,NOT_RUN,0,24,2014,0,4,200,3,0,0,0,0
354,0,1,0,NEGATIVE_PEAK,-4.4211,1.5000,-3,-21,0,0.6667,118.30,490.91,35.23,23.10,98.50,158.00,75.00,68.00,0.0000,333.50,0,0,0.0000,NOT_RUN,0,24,1990,0,4,200,3,0,0,0,0
355,0,1,0,NEGATIVE_PEAK,-4.3911,1.5000,-3,-21,0,0.6667,118.30,490.91,35.23,23.10,99.00,159.00,74.00,66.00,0.0000,332.47,0,0,0.0000,NOT_RUN,0,24,2064,0,4,200,3,0,0,0,0
356,0,1,0,NEGATIVE_PEAK,-4.4239,1.5000,-3,-21,0,0.6667,118.30,490.91,35.23,23.10,99.00,158.00,74.00,64.00,0.0000,333.47,0,0,0.0000,NOT_RUN,0,24,2077,0,4,200,3,0,0,0,0
357,0,1,0,NEGATIVE_PEAK,-4.4354,1.5000,-3,-20,0,0.6667,118.30,490.91,35.23,23.10,99.50,156.50,75.00,63.00,0.0000,334.94,0,0,0.0000,NOT_RUN,0,23,1875,0,4,200,3,0,0,0,0
358,0,1,0,NEGATIVE_PEAK,-4.4210,1.5000,-3,-20,0,0.6667,118.30,490.91,35.23,23.10,100.00,157.00,74.00,60.00,0.0000,334.42,0,0,0.0000,NOT_RUN,0,23,1721,0,4,200,3,0,0,0,0
359,0,1,0,NEGATIVE_PEAK,-4.4207,1.5000,-3,-20,0,0.6667,118.30,490.91,35.23,23.10,100.50,157.00,75.00,56.00,0.0000,334.39,0,0,0.0000,NOT_RUN,0,22,1590,0,4,200,3,0,0,0,0
360,0,1,0,NEGATIVE_PEAK,-4.3728,1.5000,-3,-20,0,0.6667,118.30,490.91,35.23,23.10,101.00,156.50,74.00,51.00,0.0000,334.86,0,0,0.0000,NOT_RUN,0,23,1740,0,4,200,3,0,0,0,0
361,0,1,0,NEGATIVE_PEAK,-4.4398,1.5000,-3,-19,0,0.6667,118.30,490.91,35.23,23.10,101.00,156.00,74.00,50.00,0.0000,335.36,0,0,0.0000,NOT_RUN,0,22,1809,0,4,200,3,0,0,0,0
362,0,1,0,NEGATIVE_PEAK,-4.4449,1.5000,-3,-18,0,0.6667,118.30,490.91,35.23,23.10,101.00,155.00,74.00,46.00,0.0000,336.36,0,0,0.0000,NOT_RUN,0,22,1591,0,4,200,3,0,0,0,0
363,0,1,0,NEGATIVE_PEAK,-4.4460,1.5000,-3,-17,0,0.6667,118.30,490.91,35.23,23.10,102.00,155.00,74.00,40.00,0.0000,336.31,0,0,0.0000,NOT_RUN,0,23,1692,0,4,200,3,0,0,0,0
364,0,1,0,NEGATIVE_PEAK,-4.4845,1.5000,-3,-17,0,0.3333,118.30,490.91,35.23,23.10,101.50,154.50,73.00,39.00,0.0000,336.83,0,0,0.0000,NOT_RUN,0,23,1555,0,4,200,3,0,0,0,0
365,0,1,0,NEGATIVE_PEAK,-4.4461,1.5000,-3,-17,0,0.3333,118.30,490.91,35.23,23.10,102.00,153.50,74.00,35.00,0.0000,337.81,0,0,0.0000,NOT_RUN,0,23,1816,0,4,200,3,0,0,0,0
366,0,1,0,NEGATIVE_PEAK,-4.4640,1.5000,-3,-15,0,0.3333,118.30,490.91,35.23,23.10,102.00,154.50,74.00,33.00,0.0000,336.81,0,0,0.0000,NOT_RUN,0,24,1648,0,4,200,3,0,0,0,0
0,0,0,0,ZERO_RESPONSE,0.0000,0.0000,0,0,0,0.0000,96.50,206.50,85.00,33.00,96.50,206.50,85.00,33.00,1.0000,0.00,1,0,0.0000,NOT_RUN,0,0,4101,22740,5,250,0,0,0,0,0
1,0,1,1,ACCEPT,53.1244,3.5691,671,0,0,1.0000,96.50,206.50,85.00,33.00,96.00,206.50,84.00,33.00,0.9882,0.50,1,0,3.3318,ACCEPT,0,1015,4013,22758,5,250,671,0,0,0,0
2,0,1,1,ACCEPT,51.9731,3.5208,676,0,0,1.0000,96.50,206.50,85.00,33.00,96.00,206.50,84.00,33.00,0.9882,0.50,1,0,3.3457,ACCEPT,0,1040,3984,23276,5,250,676,0,0,0,0
3,0,1,1,ACCEPT,47.9588,3.3889,671,0,0,1.0000,96.50,206.50,85.00,33.00,95.50,207.00,85.00,34.00,0.9483,1.12,1,0,3.3155,ACCEPT,0,1030,3908,22521,5,250,671,0,0,0,0
4,0,1,1,ACCEPT,41.8998,3.2474,630,0,0,1.0000,96.50,206.50,85.00,33.00,96.50,206.00,83.00,36.00,0.8969,0.50,1,0,3.2102,ACCEPT,0,990,3840,22005,5,250,630,0,0,0,0
5,0,1,1,ACCEPT,39.7404,2.9193,651,0,-1,0.9892,96.50,205.98,85.00,33.00,96.50,205.50,83.00,37.00,0.8731,0.48,1,0,3.1842,ACCEPT,0,1016,3779,21374,5,250,651,0,0,0,0
6,0,1,1,ACCEPT,36.9821,3.2130,694,0,0,1.0000,96.50,205.98,85.00,33.00,98.00,203.00,80.00,38.00,0.8019,3.34,1,0,3.1203,ACCEPT,0,1135,3727,22090,5,250,694,0,0,0,0
7,0,1,1,ACCEPT,34.4356,2.5016,803,0,-2,0.9166,96.50,204.95,85.00,33.00,98.50,201.50,77.00,41.00,0.7428,3.99,1,0,3.1382,ACCEPT,0,1409,3697,21831,5,250,803,0,0,0,0
8,0,1,1,ACCEPT,32.9767,2.3259,835,0,-1,0.9964,96.50,204.44,85.00,33.00,100.50,201.50,75.00,39.00,0.7604,4.96,1,0,3.1669,ACCEPT,0,1457,3694,20597,5,250,835,0,0,0,0
9,0,1,1,ACCEPT,31.3145,2.6333,869,0,0,1.0000,96.50,204.44,85.00,33.00,100.50,201.50,75.00,39.00,0.7604,4.96,1,0,3.0591,ACCEPT,0,1665,3731,20300,5,250,869,0,0,0,0
10,0,1,1,ACCEPT,30.6167,2.4659,905,0,-2,0.9017,96.50,203.41,85.00,33.00,100.50,198.50,75.00,41.00,0.6931,6.33,1,0,3.1009,ACCEPT,0,1797,3746,19668,5,250,905,0,0,0,0
11,0,1,1,ACCEPT,31.2039,2.4860,885,-1,-1,0.9808,95.17,202.89,85.00,33.00,100.00,197.00,74.00,40.00,0.6472,7.62,1,0,2.9193,ACCEPT,0,1781,3790,18570,5,250,885,0,0,0,0
12,0,1,1,ACCEPT,31.2398,2.4945,908,1,-2,0.8844,96.50,201.86,85.00,33.00,99.50,194.50,75.00,39.00,0.5997,7.95,1,0,3.0516,ACCEPT,0,1957,3780,19121,5,250,908,0,0,0,0
13,0,1,1,ACCEPT,31.3615,2.6331,890,-1,-1,0.9303,95.17,201.34,85.00,33.00,100.00,194.00,74.00,38.00,0.5897,8.79,1,0,3.0301,ACCEPT,0,1872,3806,18813,5,250,890,0,0,0,0
14,0,1,1,ACCEPT,31.9903,2.6203,904,1,0,0.9823,96.50,201.34,85.00,33.00,100.00,194.00,76.00,36.00,0.5936,8.14,1,0,3.0356,ACCEPT,0,1898,3818,19043,5,250,904,0,0,0,0
15,0,1,1,ACCEPT,31.4080,2.7293,857,-1,-2,0.8810,95.17,200.31,85.00,33.00,100.00,195.00,74.00,34.00,0.6448,7.18,1,0,3.0592,ACCEPT,0,1829,3796,18833,5,250,857,0,0,0,0
16,0,1,1,ACCEPT,31.2842,2.8856,883,1,-1,0.9354,96.50,199.80,85.00,33.00,99.50,195.00,75.00,32.00,0.6644,5.66,1,0,3.0429,ACCEPT,0,1933,3755,19320,5,250,883,0,0,0,0
17,0,1,1,ACCEPT,31.2222,2.6783,841,-1,-2,0.8989,95.17,198.77,85.00,33.00,100.00,196.00,74.00,30.00,0.7336,5.56,1,0,3.1043,ACCEPT,0,1814,3794,18834,5,250,841,0,0,0,0
18,0,1,1,ACCEPT,32.1911,2.9313,853,1,-1,0.9285,96.50,198.25,85.00,33.00,100.00,196.00,74.00,28.00,0.7387,4.16,1,0,3.0673,ACCEPT,0,1810,3777,19395,5,250,853,0,0,0,0
19,0,1,1,ACCEPT,31.3963,2.6391,797,0,0,1.0000,96.50,198.25,85.00,33.00,99.50,197.00,75.00,26.00,0.6952,3.25,1,0,3.1087,ACCEPT,0,1715,3748,19397,5,250,797,0,0,0,0
20,0,1,1,ACCEPT,31.8602,2.5611,817,0,-1,0.9939,96.50,197.73,85.00,33.00,99.50,197.00,77.00,24.00,0.6588,3.09,1,0,3.1031,ACCEPT,0,1736,3766,19716,5,250,817,0,0,0,0
21,0,1,1,ACCEPT,31.9812,2.6070,816,0,0,1.0000,96.50,197.73,85.00,33.00,100.00,197.00,76.00,24.00,0.6503,3.58,1,0,3.1449,ACCEPT,0,1730,3762,20057,5,250,816,0,0,0,0
22,0,1,1,ACCEPT,31.0112,2.5015,818,0,-1,0.9914,96.50,197.22,85.00,33.00,100.50,197.00,75.00,24.00,0.6417,4.01,1,0,3.1650,ACCEPT,0,1739,3735,19351,5,250,818,0,0,0,0
23,0,1,1,ACCEPT,31.8455,2.7177,799,0,1,0.9524,96.50,197.73,85.00,33.00,101.50,198.00,75.00,22.00,0.5882,5.01,1,0,3.1241,ACCEPT,0,1652,3749,19486,5,250,799,0,0,0,0
24,0,1,1,ACCEPT,31.8954,2.5688,822,1,0,0.9720,97.83,197.73,85.00,33.00,101.50,198.00,75.00,22.00,0.5882,3.68,1,0,3.1719,ACCEPT,0,1706,3703,18903,5,250,822,0,0,0,0
25,0,1,1,ACCEPT,32.7303,2.7338,842,1,0,0.9786,99.16,197.73,85.00,33.00,102.50,198.50,75.00,21.00,0.5615,3.43,1,0,3.0988,ACCEPT,0,1724,3748,18863,5,250,842,0,0,0,0
26,0,1,1,ACCEPT,33.1982,2.7500,880,0,0,1.0000,99.16,197.73,85.00,33.00,102.00,198.50,76.00,21.00,0.5690,2.95,1,0,3.1615,ACCEPT,0,1796,3755,18077,5,250,880,0,0,0,0
27,0,1,1,ACCEPT,33.5581,2.7015,905,1,0,0.9746,100.48,197.73,85.00,33.00,103.00,199.50,74.00,21.00,0.5540,3.07,1,0,3.0745,ACCEPT,0,1866,3729,17384,5,250,905,0,0,0,0
28,0,1,1,ACCEPT,33.6592,2.8354,896,1,0,0.9866,101.81,197.73,85.00,33.00,104.00,199.00,76.00,20.00,0.5419,2.53,1,0,2.8834,ACCEPT,0,1749,3746,16479,5,250,896,0,0,0,0
29,0,1,1,ACCEPT,35.1040,2.7121,895,-1,0,0.9933,100.48,197.73,85.00,33.00,104.50,199.50,75.00,21.00,0.5615,4.39,1,0,3.2102,ACCEPT,0,1700,3739,15952,5,250,895,0,0,0,0
30,0,1,1,ACCEPT,35.1717,2.8287,925,1,0,0.9676,101.81,197.73,85.00,33.00,104.50,200.00,75.00,20.00,0.5348,3.52,1,0,3.0201,ACCEPT,0,1761,3759,15290,5,250,925,0,0,0,0
31,0,1,1,ACCEPT,35.3872,2.7086,883,-1,0,0.9921,100.48,197.73,85.00,33.00,105.00,200.00,74.00,20.00,0.5276,5.05,1,0,3.2198,ACCEPT,0,1650,3699,14886,5,250,883,0,0,0,0
32,0,1,1,ACCEPT,35.4715,2.6319,908,1,0,0.9747,101.81,197.73,85.00,33.00,105.00,200.00,74.00,20.00,0.5276,3.91,1,0,2.9815,ACCEPT,0,1690,3732,14398,5,250,908,0,0,0,0
33,0,1,1,ACCEPT,36.1839,2.7108,881,-1,1,0.9659,100.48,198.25,85.00,33.00,104.50,200.00,75.00,20.00,0.5348,4.38,1,0,3.1673,ACCEPT,0,1590,3721,13999,5,250,881,0,0,0,0
34,0,1,1,ACCEPT,37.4553,3.0717,943,1,1,0.9364,101.81,198.77,85.00,33.00,104.50,199.50,75.00,19.00,0.5080,2.79,1,0,3.0138,ACCEPT,0,1668,3767,14314,5,250,943,0,0,0,0
35,0,1,1,ACCEPT,37.5544,2.8450,936,-1,-1,0.9722,100.48,198.25,85.00,33.00,104.50,200.00,75.00,20.00,0.5348,4.38,1,0,3.2000,ACCEPT,0,1666,3691,14115,5,250,936,0,0,0,0
36,0,1,1,ACCEPT,37.8842,2.8758,949,1,2,0.8799,101.81,199.28,85.00,33.00,104.00,201.00,76.00,20.00,0.5419,2.78,1,0,3.0360,ACCEPT,0,1647,3783,14381,5,250,949,0,0,0,0
37,0,1,1,ACCEPT,38.4105,2.7262,946,0,1,0.9831,101.81,199.80,85.00,33.00,104.50,201.00,75.00,20.00,0.5348,2.94,1,0,3.0715,ACCEPT,0,1649,3708,14690,5,250,946,0,0,0,0
38,0,1,1,ACCEPT,39.4987,2.7569,998,0,-1,0.9669,101.81,199.28,85.00,33.00,104.50,201.00,75.00,20.00,0.5348,3.19,1,0,3.0750,ACCEPT,0,1726,3647,14949,5,250,998,0,0,0,0
39,0,1,1,ACCEPT,40.5863,2.7240,997,-1,1,0.9368,100.48,199.80,85.00,33.00,104.50,201.50,75.00,19.00,0.5080,4.36,1,0,3.1364,ACCEPT,0,1646,3736,14944,5,250,997,0,0,0,0
40,0,1,1,ACCEPT,40.3533,2.9741,1032,1,0,0.9816,101.81,199.80,85.00,33.00,104.50,202.00,75.00,20.00,0.5348,3.48,1,0,2.9870,ACCEPT,0,1719,3709,15263,5,250,1032,0,0,0,0
41,0,1,1,ACCEPT,40.4855,2.8971,1014,-1,1,0.9635,100.48,200.31,85.00,33.00,104.00,202.50,74.00,19.00,0.5012,4.14,1,0,3.1640,ACCEPT,0,1676,3705,15077,5,250,1014,0,0,0,0
42,0,1,1,ACCEPT,40.0510,2.8356,1035,0,2,0.8908,100.48,201.34,85.00,33.00,103.50,202.00,75.00,20.00,0.5348,3.09,1,0,3.1361,ACCEPT,0,1693,3694,15814,5,250,1035,0,0,0,0
43,0,1,1,ACCEPT,40.3088,3.1916,1066,0,1,0.9550,100.48,201.86,85.00,33.00,103.00,203.00,76.00,20.00,0.5419,2.76,1,0,3.0898,ACCEPT,0,1728,3727,15848,5,250,1066,0,0,0,0
44,0,1,1,ACCEPT,39.9037,2.9510,1083,0,0,1.0000,100.48,201.86,85.00,33.00,103.00,204.00,74.00,20.00,0.5276,3.30,1,0,3.0619,ACCEPT,0,1789,3695,16360,5,250,1083,0,0,0,0
45,0,1,1,ACCEPT,38.6212,2.6902,1103,0,1,0.9746,100.48,202.38,85.00,33.00,103.00,203.50,74.00,21.00,0.5540,2.76,1,0,2.9414,ACCEPT,0,1845,3703,16904,5,250,1103,0,0,0,0
46,0,1,1,ACCEPT,36.0738,2.5986,1133,0,1,0.9365,100.48,202.89,85.00,33.00,103.00,204.00,74.00,20.00,0.5276,2.75,1,0,2.8959,ACCEPT,0,1914,3688,17678,5,250,1133,0,0,0,0
47,0,1,1,ACCEPT,35.4670,2.7136,1175,0,0,1.0000,100.48,202.89,85.00,33.00,103.00,204.50,74.00,21.00,0.5540,2.99,1,0,2.8816,ACCEPT,0,2000,3646,17166,5,250,1175,0,0,0,0
48,0,1,1,ACCEPT,33.2047,2.7358,1108,0,0,1.0000,100.48,202.89,85.00,33.00,102.50,204.00,75.00,22.00,0.5882,2.30,1,0,2.7869,ACCEPT,0,1919,3658,16153,5,250,1108,0,0,0,0
49,0,1,1,ACCEPT,32.3526,2.7028,1046,-1,0,0.9876,99.16,202.89,85.00,33.00,101.50,204.50,75.00,21.00,0.5615,2.84,1,0,3.0369,ACCEPT,0,1874,3625,15915,5,250,1046,0,0,0,0
50,0,1,1,ACCEPT,32.9507,3.0855,1046,0,0,1.0000,99.16,202.89,85.00,33.00,102.50,204.50,73.00,21.00,0.5465,3.71,1,0,2.9872,ACCEPT,0,1875,3664,15606,5,250,1046,0,0,0,0
51,0,1,1,ACCEPT,31.7572,2.6289,999,-1,-1,0.9720,97.83,202.38,85.00,33.00,101.50,204.00,73.00,22.00,0.5725,4.02,1,0,3.0452,ACCEPT,0,1796,3649,15052,5,250,999,0,0,0,0
52,0,1,1,ACCEPT,31.0771,2.5753,958,0,1,0.9843,97.83,202.89,85.00,33.00,101.00,204.50,74.00,21.00,0.5540,3.56,1,0,2.9521,ACCEPT,0,1785,3722,14231,5,250,958,0,0,0,0
53,0,1,1,ACCEPT,30.9006,2.4403,920,-1,-1,0.9522,96.50,202.38,85.00,33.00,100.50,204.00,73.00,20.00,0.5205,4.32,1,0,3.0253,ACCEPT,0,1699,3675,13327,5,250,920,0,0,0,0
54,0,1,1,ACCEPT,29.7654,2.6614,849,0,0,1.0000,96.50,202.38,85.00,33.00,100.00,204.50,72.00,21.00,0.5390,4.09,1,0,3.0207,ACCEPT,0,1632,3716,13054,5,250,849,0,0,0,0
55,0,1,1,ACCEPT,28.2245,2.6095,822,0,-1,0.9769,96.50,201.86,85.00,33.00,100.00,205.00,72.00,20.00,0.5134,4.70,1,0,2.9849,ACCEPT,0,1617,3753,12234,5,250,822,0,0,0,0
56,0,1,1,ACCEPT,28.2258,2.6304,797,0,-1,0.9724,96.50,201.34,85.00,33.00,100.00,204.50,72.00,21.00,0.5390,4.71,1,0,2.9390,ACCEPT,0,1576,3737,11729,5,250,797,0,0,0,0
57,0,1,1,ACCEPT,25.7995,2.4183,740,0,0,1.0000,96.50,201.34,85.00,33.00,99.00,203.50,74.00,19.00,0.5012,3.30,1,0,2.9129,ACCEPT,0,1583,3758,12100,5,250,740,0,0,0,0
58,0,1,1,ACCEPT,23.7043,2.1756,731,0,0,1.0000,96.50,201.34,85.00,33.00,100.00,204.00,74.00,18.00,0.4749,4.39,1,0,2.8862,ACCEPT,0,1618,3778,11622,5,250,731,0,0,0,0
59,0,1,1,ACCEPT,24.2342,2.5664,734,0,-1,0.9796,96.50,200.83,85.00,33.00,100.50,203.00,73.00,20.00,0.5205,4.55,1,0,2.8321,ACCEPT,0,1592,3778,11329,5,250,734,0,0,0,0
60,0,1,1,ACCEPT,22.5548,2.3533,706,0,-1,0.9731,96.50,200.31,85.00,33.00,100.00,205.50,74.00,23.00,0.5989,6.26,1,0,2.7699,ACCEPT,0,1598,3759,11473,5,250,706,0,0,0,0
61,0,1,1,ACCEPT,19.9581,1.8947,648,0,1,0.9969,96.50,200.83,85.00,33.00,101.00,205.00,74.00,24.00,0.6332,6.14,1,0,2.7302,ACCEPT,0,1632,3775,10452,5,250,648,0,0,0,0
62,0,1,1,ACCEPT,19.4327,2.1300,590,0,-2,0.9136,96.50,199.80,85.00,33.00,101.50,204.00,73.00,26.00,0.6465,6.53,1,0,2.7505,ACCEPT,0,1518,3698,10556,5,250,590,0,0,0,0
63,0,1,1,ACCEPT,17.5536,1.8721,556,0,-1,0.9730,96.50,199.28,85.00,33.00,101.00,204.50,74.00,25.00,0.6078,6.89,1,0,2.7276,ACCEPT,0,1598,3715,10386,5,250,556,0,0,0,0
64,0,1,1,ACCEPT,14.3969,1.4648,479,0,0,1.0000,96.50,199.28,85.00,33.00,101.00,203.50,74.00,25.00,0.6500,6.17,1,0,2.5469,ACCEPT,0,1618,3756,10382,5,250,479,0,0,0,0
65,0,1,1,ACCEPT,14.0454,1.4907,480,0,-1,0.9938,96.50,198.77,85.00,33.00,101.50,201.50,73.00,25.00,0.6506,5.70,1,0,2.5257,ACCEPT,0,1695,3747,10535,5,250,480,0,0,0,0
66,0,1,1,ACCEPT,11.6265,1.2213,447,1,-1,0.9597,97.83,198.25,88.40,34.32,101.50,200.50,75.00,27.00,0.6675,4.31,1,1,2.3591,ACCEPT,0,1875,3746,11063,5,250,447,0,0,0,0
67,0,1,1,ACCEPT,10.1308,1.2926,402,0,-1,0.9925,97.83,197.71,88.40,34.32,101.50,199.00,73.00,28.00,0.6737,3.89,1,0,2.5021,ACCEPT,0,2170,3578,11588,5,250,402,0,0,0,0
68,0,1,1,ACCEPT,10.3328,1.3301,415,0,-1,0.9855,97.83,197.17,88.40,34.32,103.00,200.00,72.00,30.00,0.6852,5.89,1,0,2.5794,ACCEPT,0,2238,3578,11774,5,250,415,0,0,0,0
69,0,1,1,ACCEPT,9.5563,1.1994,391,1,1,0.9668,99.21,197.71,88.40,34.32,103.50,198.50,71.00,31.00,0.7255,4.36,1,0,2.5580,ACCEPT,0,2294,3665,11298,5,250,391,0,0,0,0
70,0,1,1,ACCEPT,9.2919,1.2872,372,1,-2,0.8817,100.59,196.63,91.94,35.69,105.00,199.00,68.00,36.00,0.6593,5.00,1,1,2.4212,ACCEPT,0,2211,3696,11821,5,250,372,0,0,0,0
71,0,1,1,ACCEPT,10.2131,1.3605,400,1,-1,0.9425,102.03,196.08,95.61,37.12,105.50,199.00,65.00,38.00,0.5976,4.54,1,1,2.4612,ACCEPT,0,2352,3551,11869,5,250,400,0,0,0,0
72,0,1,1,ACCEPT,8.9154,1.1803,347,1,-1,0.9510,103.52,195.50,99.44,38.61,106.50,198.50,63.00,49.00,0.5412,4.23,1,1,2.3304,ACCEPT,0,2389,3378,12454,5,250,347,0,0,0,0
73,0,1,1,ACCEPT,8.4878,1.1672,363,1,-1,0.9559,105.08,194.90,103.42,40.15,108.00,196.00,62.00,52.00,0.5094,3.12,1,1,2.1475,ACCEPT,0,2724,3512,9759,5,250,363,0,0,0,0
74,0,1,1,ACCEPT,9.3180,1.2959,381,1,1,0.9423,106.70,195.52,107.55,41.76,108.50,196.00,61.00,50.00,0.5100,1.87,1,1,2.2207,ACCEPT,0,2695,3608,9024,5,250,381,0,0,0,0
75,0,1,1,ACCEPT,9.1002,1.4638,344,1,-4,0.8052,108.38,192.90,111.85,43.43,108.50,192.00,61.00,52.00,0.4923,0.91,1,1,2.1432,ACCEPT,0,2637,3723,8105,5,250,344,0,0,0,0
76,0,1,1,ACCEPT,8.3936,1.3585,288,0,-5,0.6806,108.38,189.50,116.33,45.16,107.00,189.00,62.00,52.00,0.4932,1.46,1,1,2.5156,ACCEPT,0,2472,3754,7944,5,250,288,0,0,0,0
77,0,1,1,ACCEPT,8.9448,1.4646,290,0,-3,0.9034,108.38,187.39,120.98,46.97,106.50,188.50,63.00,51.00,0.4985,2.18,1,1,2.7759,ACCEPT,0,2429,3880,7772,5,250,290,0,0,0,0
78,0,1,1,ACCEPT,9.6951,1.6162,299,0,-3,0.8428,108.38,185.19,125.82,48.85,105.50,189.00,63.00,50.00,0.4474,4.78,1,1,2.7993,ACCEPT,0,2394,3922,7920,5,250,299,0,0,0,0
79,0,1,1,ACCEPT,10.6105,1.7796,331,-1,-4,0.7069,106.41,182.12,125.82,48.85,104.50,188.00,61.00,48.00,0.4006,6.18,1,0,2.7824,ACCEPT,0,2504,3898,7745,5,250,331,0,0,0,0
80,0,1,1,ACCEPT,11.5501,1.7327,350,0,-1,0.9600,106.41,181.36,125.82,48.85,103.50,186.50,59.00,47.00,0.3947,5.91,1,0,2.8190,ACCEPT,0,2455,3901,7783,5,250,350,0,0,0,0
81,0,1,1,ACCEPT,12.5665,1.5708,366,0,-3,0.8224,106.41,179.06,125.82,48.85,104.00,181.00,60.00,42.00,0.4100,3.09,1,0,2.8461,ACCEPT,0,2417,3947,7040,5,250,366,0,0,0,0
82,0,1,1,ACCEPT,12.1079,1.2266,341,0,-4,0.8974,106.41,176.00,125.82,48.85,104.00,176.50,60.00,31.00,0.3026,2.46,1,0,2.7591,ACCEPT,0,2165,4039,7305,5,250,341,0,0,0,0
83,0,1,1,ACCEPT,11.8455,1.0836,337,0,1,0.9970,106.41,176.77,125.82,48.85,103.50,176.50,61.00,35.00,0.3474,2.92,1,0,2.8377,ACCEPT,0,2185,4080,7692,5,250,337,0,0,0,0
84,0,1,1,ACCEPT,12.2213,1.3840,346,0,-2,0.9306,106.41,175.23,125.82,48.85,104.00,175.50,62.00,43.00,0.4338,2.42,1,0,2.8188,ACCEPT,0,2208,4129,8025,5,250,346,0,0,0,0
85,0,1,1,ACCEPT,11.9429,1.3494,336,0,-2,0.9345,106.41,173.70,125.82,48.85,101.50,174.00,61.00,52.00,0.4701,4.92,1,0,2.7373,ACCEPT,0,2235,4169,7364,5,250,336,0,0,0,0
86,0,1,1,ACCEPT,12.7756,1.3872,326,0,-2,0.9264,106.41,172.17,125.82,48.85,102.00,173.00,64.00,52.00,0.4925,4.48,1,0,2.6872,ACCEPT,0,2009,4115,7021,5,250,326,0,0,0,0
87,0,1,1,ACCEPT,12.4894,1.4218,300,0,-2,0.9500,106.41,170.64,125.82,48.85,99.50,170.50,61.00,55.00,0.4569,6.91,1,0,2.4321,ACCEPT,0,1829,4086,7002,5,250,300,0,0,0,0
88,0,1,1,ACCEPT,12.5714,1.4163,296,0,-3,0.8446,106.41,168.34,125.82,48.85,97.50,170.50,59.00,49.00,0.4395,9.16,1,0,2.3373,ACCEPT,0,1780,4106,6977,5,250,296,0,0,0,0
89,0,1,1,ACCEPT,12.8742,1.3843,299,0,-1,0.9967,106.41,167.58,125.82,48.85,97.00,169.00,60.00,48.00,0.4544,9.51,1,0,2.2661,ACCEPT,0,1738,4083,7391,5,250,299,0,0,0,0
90,0,1,1,ACCEPT,12.6783,1.5327,305,0,-3,0.8328,106.41,165.28,125.82,48.85,97.50,166.50,61.00,37.00,0.3672,8.99,1,0,2.3485,ACCEPT,0,1829,4202,8856,5,250,305,0,0,0,0
91,0,1,1,ACCEPT,14.0651,1.7633,365,0,0,1.0000,106.41,165.28,125.82,48.85,99.00,163.00,62.00,30.00,0.3026,7.75,1,0,2.2809,ACCEPT,0,2111,4359,8640,5,250,365,0,0,0,0
92,0,1,1,ACCEPT,13.5133,1.3368,381,0,0,1.0000,106.41,165.28,120.98,46.97,99.50,160.50,63.00,25.00,0.2772,8.40,1,-1,2.2110,ACCEPT,0,2046,4556,8693,5,250,381,0,0,0,0
93,0,1,1,ACCEPT,15.1774,1.5548,454,0,3,0.8502,106.41,167.48,116.33,45.16,100.50,163.00,63.00,26.00,0.3118,7.42,1,-1,2.2008,ACCEPT,0,2091,4748,8414,5,250,454,0,0,0,0
94,0,1,1,ACCEPT,16.5277,1.6320,439,-1,1,0.9727,104.59,168.19,111.85,43.43,100.50,162.50,65.00,39.00,0.4543,7.00,1,-1,2.0507,ACCEPT,0,1945,4506,8555,5,250,439,0,0,0,0
95,0,1,1,ACCEPT,16.8751,1.7220,446,0,-2,0.8812,104.59,166.83,107.55,41.76,99.50,163.00,65.00,40.00,0.5143,6.37,1,-1,2.1210,ACCEPT,0,1913,4249,8801,5,250,446,0,0,0,0
96,0,1,1,ACCEPT,14.6911,1.6560,414,-1,-1,0.9638,102.91,166.17,103.42,40.15,98.00,160.50,68.00,51.00,0.5530,7.50,1,-1,2.0595,ACCEPT,0,1820,4425,9907,5,250,414,0,0,0,0
97,0,1,1,ACCEPT,13.9644,1.5685,527,0,0,1.0000,102.91,166.17,99.44,38.61,95.00,161.50,70.00,57.00,0.5271,9.18,1,-1,2.1078,ACCEPT,0,2021,4581,10161,5,250,527,0,0,0,0
98,0,1,1,ACCEPT,16.2779,1.6967,716,-1,-1,0.9651,101.35,165.57,99.44,38.61,92.50,163.00,77.00,54.00,0.5917,9.22,1,0,2.0017,ACCEPT,0,2492,4596,8965,5,250,716,0,0,0,0
99,0,1,1,ACCEPT,12.5189,1.4649,646,-1,0,0.9474,99.80,165.57,99.44,38.61,91.00,165.00,80.00,46.00,0.6971,8.82,1,0,1.7826,LOW_CONF,0,3097,4531,9142,5,250,646,0,0,0,0
100,0,1,1,ACCEPT,11.5376,1.4936,705,-2,3,0.6369,96.69,167.38,99.44,38.61,86.50,165.00,83.00,42.00,0.7229,10.46,1,-1,1.7351,LOW_CONF,0,3135,4494,9637,5,250,705,0,0,0,0
101,0,1,1,ACCEPT,12.8926,1.7605,882,0,3,0.6633,96.69,169.18,99.44,38.61,85.50,166.50,85.00,41.00,0.6970,11.50,1,-2,1.7381,LOW_CONF,0,3464,4414,10784,5,250,882,0,0,0,0
102,0,1,1,ACCEPT,11.5159,1.5734,815,-1,5,0.2896,95.13,172.19,99.44,38.61,83.50,169.00,83.00,40.00,0.6708,12.06,1,-4,1.7838,MAX_STEP,0,3179,4294,10696,5,250,815,0,0,0,0
103,0,1,1,ACCEPT,11.1317,1.4950,752,0,6,0.0758,95.13,175.80,99.44,38.61,83.00,172.00,86.00,42.00,0.6524,12.71,1,6,1.8928,MAX_STEP,0,3155,4181,9321,5,250,752,0,0,0,0
104,0,1,1,ACCEPT,12.7643,1.5806,765,0,2,0.8484,95.13,177.00,99.44,38.61,83.00,172.50,82.00,41.00,0.6267,12.94,1,6,1.6964,MAX_STEP,0,3273,4158,9414,5,250,765,0,0,0,0
105,0,1,1,ACCEPT,12.5121,1.5261,702,-1,5,0.3490,93.58,180.01,99.44,38.61,80.00,173.00,82.00,42.00,0.5448,15.28,1,5,1.5455,MAX_STEP,0,2940,4067,8437,5,250,702,0,0,0,0
106,0,1,1,ACCEPT,12.3024,1.6695,596,0,5,0.4547,93.58,183.02,99.44,38.61,80.50,173.00,81.00,42.00,0.4764,16.47,1,4,1.4016,MAX_STEP,0,2592,3943,8810,5,250,596,0,0,0,0
107,0,1,1,ACCEPT,14.2476,1.8775,659,0,2,0.8680,93.58,184.22,99.44,38.61,82.50,173.50,77.00,41.00,0.4708,15.41,1,4,1.5252,MAX_STEP,0,2572,3929,9276,5,250,659,0,0,0,0
108,0,1,1,ACCEPT,13.8018,1.7342,633,0,5,0.6319,93.58,187.23,99.44,38.61,84.50,174.00,73.00,42.00,0.4011,16.04,1,3,1.7757,MAX_STEP,0,2357,3956,10039,5,250,633,0,0,0,0
109,0,1,1,ACCEPT,15.2275,2.1105,726,0,2,0.8843,93.58,188.43,99.44,38.61,86.50,176.00,67.00,44.00,0.3987,14.30,1,3,1.4972,MAX_STEP,0,2310,4052,10612,5,250,726,0,0,0,0
110,0,1,1,ACCEPT,18.6577,2.3259,835,1,3,0.8575,95.13,190.23,99.44,38.61,88.00,176.50,66.00,43.00,0.3653,15.48,1,-3,2.1228,MAX_STEP,0,2416,4107,10471,5,250,835,0,0,0,0
111,0,1,1,ACCEPT,19.3417,2.0595,762,1,2,0.9199,96.69,191.44,95.61,37.12,90.50,178.50,61.00,43.00,0.3662,14.34,1,-1,2.1295,ACCEPT,0,2464,4205,9859,5,250,762,0,0,0,0
112,0,1,1,ACCEPT,21.3122,1.7136,706,0,3,0.7720,96.69,193.17,95.61,37.12,93.00,180.00,58.00,44.00,0.3520,13.68,1,-2,1.8259,LOW_CONF,0,2282,4251,9445,5,250,706,0,0,0,0
113,0,1,1,ACCEPT,22.4201,1.9368,705,1,1,0.9319,98.18,193.75,95.61,37.12,95.50,180.50,57.00,43.00,0.3417,13.52,1,-2,1.6935,LOW_CONF,0,2211,4337,9240,5,250,705,0,0,0,0
114,0,1,1,ACCEPT,22.4144,2.2105,672,3,1,0.8110,102.66,194.33,95.61,37.12,100.00,182.00,58.00,44.00,0.3668,12.61,1,-1,1.8911,LOW_CONF,0,2207,4422,8810,5,250,672,0,0,0,0
115,0,1,1,ACCEPT,19.8529,2.3524,534,2,3,0.7584,105.64,196.06,95.61,37.12,104.50,183.50,57.00,43.00,0.3536,12.61,1,0,1.6272,LOW_CONF,0,1979,4389,8195,5,250,534,0,0,0,0
116,0,1,1,ACCEPT,19.7461,2.4010,497,1,1,0.9457,107.13,196.64,95.61,37.12,105.50,185.00,55.00,46.00,0.3712,11.75,1,0,1.5793,LOW_CONF,0,1841,4555,7710,5,250,497,0,0,0,0
117,0,1,1,ACCEPT,15.8755,1.6711,376,2,0,0.9229,110.12,196.64,95.61,37.12,107.50,189.50,49.00,53.00,0.4203,7.61,1,-1,1.1902,LOW_CONF,0,1793,4541,6819,5,250,376,0,0,0,0
118,0,1,1,ACCEPT,10.9185,1.3758,227,1,0,0.9912,111.61,196.64,95.61,37.12,108.00,194.00,46.00,60.00,0.3711,4.47,1,-4,1.8150,MAX_STEP,0,1456,4495,5876,5,250,227,0,0,0,0
119,0,1,1,ACCEPT,11.1090,1.5368,209,0,1,0.9234,111.61,197.22,95.61,37.12,107.00,197.00,42.00,60.00,0.3457,4.61,1,-5,1.8081,MAX_STEP,0,1310,4514,5594,5,250,209,0,0,0,0
120,0,1,1,ACCEPT,7.5086,1.1318,146,-3,12,0.2740,107.13,204.16,95.61,37.12,109.00,205.00,38.00,56.00,0.3306,2.05,1,-11,1.4640,MAX_STEP,0,1439,4530,4819,5,250,146,0,0,0,0
121,0,1,1,ACCEPT,10.4828,1.4016,178,-4,7,0.4045,101.16,208.20,95.61,37.12,108.00,209.00,40.00,48.00,0.3727,6.88,1,-7,1.0339,MAX_STEP,0,1431,4566,4964,5,250,178,0,0,0,0
122,0,1,1,ACCEPT,11.8829,1.6462,214,0,2,0.9112,101.16,209.36,95.61,37.12,105.00,211.50,48.00,53.00,0.4133,4.39,1,-2,1.5998,LOW_CONF,0,1587,4671,5698,5,250,214,0,0,0,0
123,0,1,1,ACCEPT,6.7840,1.2623,154,-1,1,0.9481,99.67,209.94,95.61,37.12,95.00,210.00,58.00,44.00,0.5453,4.67,1,-3,1.6869,MAX_STEP,0,1464,4544,7816,5,250,154,0,0,0,0
124,0,1,1,ACCEPT,10.6684,1.7143,336,-1,6,0.5833,98.18,213.41,95.61,37.12,89.50,210.50,69.00,47.00,0.6054,9.15,1,-5,1.9375,MAX_STEP,0,1630,4326,11742,5,250,336,0,0,0,0
125,0,1,1,ACCEPT,13.1664,1.6061,583,0,-3,0.8148,98.18,211.67,95.61,37.12,87.50,207.50,71.00,47.00,0.6200,11.47,1,-5,1.8151,MAX_STEP,0,2362,4324,12976,5,250,583,0,0,0,0
126,0,1,1,ACCEPT,13.2397,1.5271,704,-1,-9,0.2358,96.69,206.47,95.61,37.12,87.50,212.00,71.00,50.00,0.5904,10.72,1,-5,1.3857,MAX_STEP,0,2482,4218,14274,5,250,704,0,0,0,0
127,0,1,1,ACCEPT,9.7454,1.3158,600,0,-6,0.5033,96.69,203.00,95.61,37.12,85.00,208.50,76.00,39.00,0.5886,12.92,1,5,1.8462,MAX_STEP,0,2599,4145,15833,5,250,600,0,0,0,0
128,0,1,1,ACCEPT,8.5783,1.0663,627,-1,-5,0.4864,95.20,200.11,95.61,37.12,85.50,206.00,73.00,32.00,0.5519,11.34,1,5,1.9737,MAX_STEP,0,2903,4084,16368,5,250,627,0,0,0,0
129,0,1,1,ACCEPT,13.0988,1.2961,871,2,11,0.0964,98.18,206.47,95.61,37.12,85.00,204.50,72.00,39.00,0.6694,13.33,1,-13,1.1882,MAX_STEP,0,3080,4136,16539,5,250,871,0,0,0,0
130,0,1,1,ACCEPT,11.4841,1.4729,598,3,6,0.6455,102.66,209.94,95.61,37.12,88.00,204.00,64.00,48.00,0.5480,15.81,1,0,1.9275,LOW_CONF,0,3222,4228,11603,5,250,598,0,0,0,0
131,0,1,1,ACCEPT,12.8653,1.6174,427,-1,0,0.9813,101.16,209.94,95.61,37.12,91.00,202.50,54.00,47.00,0.4433,12.59,1,0,1.6347,LOW_CONF,0,2591,4304,10611,5,250,427,0,0,0,0
132,0,1,1,ACCEPT,8.8780,1.3789,262,-1,-1,0.9695,99.67,209.36,95.61,37.12,92.00,205.00,36.00,42.00,0.3340,8.82,1,-6,2.0524,MAX_STEP,0,2214,4427,9205,5,250,262,0,0,0,0
133,0,1,1,ACCEPT,6.2148,1.0465,180,-2,-17,0.6222,96.69,199.53,95.61,37.12,94.00,207.50,36.00,41.00,0.2866,8.41,1,-7,1.7410,MAX_STEP,0,1955,4558,9374,5,250,180,0,0,0,0
134,0,1,1,ACCEPT,7.1180,1.0496,254,1,3,0.9213,98.18,201.27,95.61,37.12,94.00,208.00,40.00,40.00,0.3284,7.93,1,-6,1.5651,MAX_STEP,0,2480,4658,12099,5,250,254,0,0,0,0
135,0,1,1,ACCEPT,10.4198,1.6382,498,0,7,0.5000,98.18,205.31,95.61,37.12,90.50,206.50,49.00,33.00,0.4556,7.77,1,8,1.6604,MAX_STEP,0,2660,4636,12587,5,250,498,0,0,0,0
136,0,1,1,ACCEPT,11.6799,1.4329,619,1,2,0.9305,99.67,206.47,95.61,37.12,83.50,204.50,65.00,25.00,0.4490,16.29,1,13,1.0620,MAX_STEP,0,2767,4319,14596,5,250,619,0,0,0,0
137,0,1,1,ACCEPT,14.8546,1.8839,795,-1,1,0.9459,98.18,207.05,95.61,37.12,83.00,204.00,66.00,20.00,0.3690,15.48,1,-14,1.2420,MAX_STEP,0,3174,4234,14007,5,250,795,0,0,0,0
138,0,1,1,ACCEPT,14.9592,1.6880,687,1,2,0.8734,99.67,208.20,95.61,37.12,78.50,203.50,71.00,15.00,0.2531,21.69,1,-14,1.0966,MAX_STEP,0,3026,4194,12993,5,250,687,0,0,0,0
139,0,1,1,ACCEPT,16.9347,2.1023,637,1,2,0.8367,101.16,209.36,95.61,37.12,74.00,201.00,72.00,22.00,0.3054,28.42,1,-12,1.0955,MAX_STEP,0,2449,4237,13318,5,250,637,0,0,0,0
140,0,1,1,ACCEPT,19.6354,2.1940,735,1,1,0.9401,102.66,209.94,95.61,37.12,73.00,200.00,66.00,24.00,0.2586,31.28,1,-8,1.1647,MAX_STEP,0,2395,4251,13116,5,250,735,0,0,0,0
141,0,1,1,ACCEPT,16.6055,1.5823,625,1,5,0.7120,104.15,212.83,95.61,37.12,68.50,200.50,59.00,35.00,0.2137,37.72,1,-7,1.4653,MAX_STEP,0,2268,4123,12332,5,250,625,0,0,0,0
142,0,1,1,ACCEPT,13.0938,1.8051,500,1,13,0.4100,105.64,220.34,95.61,37.12,65.00,201.00,50.00,46.00,0.1392,45.01,1,10,2.1718,MAX_STEP,0,2308,4202,10521,5,250,500,0,0,0,0
143,0,1,1,ACCEPT,12.3857,1.8767,426,-1,5,0.5164,104.15,223.23,95.61,37.12,65.00,202.00,42.00,52.00,0.1372,44.54,1,7,1.3869,MAX_STEP,0,2388,4573,8506,5,250,426,0,0,0,0
144,0,1,1,ACCEPT,5.1053,1.0116,174,2,3,0.7759,107.13,224.97,95.61,37.12,61.50,202.00,29.00,56.00,0.0823,51.09,1,-12,1.1427,MAX_STEP,0,2241,4840,6924,5,250,174,0,0,0,0
145,0,1,1,ACCEPT,5.9095,1.0352,147,1,-4,0.9388,108.62,222.66,95.61,37.12,53.50,201.50,17.00,57.00,0.0068,59.05,1,-11,1.0363,MAX_STEP,0,1835,5102,5014,5,250,147,0,0,0,0
146,0,1,1,ACCEPT,6.5561,1.0082,123,0,-10,0.9837,108.62,216.88,95.61,37.12,53.00,199.50,16.00,53.00,0.0011,58.28,1,-13,1.0231,MAX_STEP,0,1340,5047,5389,5,250,123,0,0,0,0
147,0,1,1,ACCEPT,8.8151,1.2817,182,1,1,0.9231,110.12,217.45,95.61,37.12,49.50,197.50,29.00,55.00,0.0086,63.82,1,-13,1.0181,MAX_STEP,0,1434,5064,6705,5,250,182,0,0,0,0
148,0,1,1,ACCEPT,9.4101,1.3770,252,1,3,0.8214,111.61,219.19,95.61,37.12,46.00,195.50,42.00,49.00,0.0112,69.75,1,-12,1.0046,MAX_STEP,0,1864,5101,6522,5,250,252,0,0,0,0
149,0,1,1,ACCEPT,10.3461,1.4180,268,0,-1,0.9963,111.61,218.61,95.61,37.12,45.50,193.50,47.00,43.00,0.0141,70.72,1,-13,1.0569,MAX_STEP,0,1828,5144,5572,5,250,268,0,0,0,0
150,0,1,1,ACCEPT,11.5707,1.5322,262,1,-1,0.9504,113.10,218.03,95.61,37.12,45.50,191.00,57.00,34.00,0.0137,72.81,1,-13,1.0239,MAX_STEP,0,1598,5080,5242,5,250,262,0,0,0,0
151,0,1,1,ACCEPT,12.5081,1.6812,269,1,1,0.8885,114.59,218.61,95.61,37.12,45.00,186.50,60.00,25.00,0.0000,76.64,1,-12,1.0151,MAX_STEP,0,1497,5007,5279,5,250,269,0,0,0,0
152,0,1,1,ACCEPT,13.5778,1.7262,290,0,0,1.0000,114.59,218.61,95.61,37.12,45.00,185.50,60.00,23.00,0.0000,77.07,1,-13,1.0646,MAX_STEP,0,1511,5017,5204,5,250,290,0,0,0,0
153,0,1,1,ACCEPT,14.9363,1.9325,315,1,1,0.9397,116.09,219.19,95.61,37.12,46.00,184.00,60.00,16.00,0.0000,78.42,1,-11,0.9784,MAX_STEP,0,1498,5112,4948,5,250,315,0,0,0,0
154,0,1,1,ACCEPT,16.2825,2.1824,323,0,3,0.8050,116.09,220.92,95.61,37.12,48.00,183.50,56.00,19.00,0.0000,77.69,1,-13,1.0377,MAX_STEP,0,1408,5107,4726,5,250,323,0,0,0,0
155,0,1,1,ACCEPT,17.2221,2.2400,336,1,0,0.9851,117.58,220.92,95.61,37.12,48.50,182.50,51.00,21.00,0.0000,79.04,1,-14,0.9437,MAX_STEP,0,1412,5132,4841,5,250,336,0,0,0,0
156,0,1,1,ACCEPT,17.9601,2.1615,348,-1,2,0.8707,116.09,222.08,95.61,37.12,53.50,176.50,41.00,25.00,0.0000,77.42,1,-14,1.1470,MAX_STEP,0,1396,5143,4331,5,250,348,0,0,0,0
157,0,1,1,ACCEPT,19.3167,2.4094,359,1,3,0.7939,117.58,223.81,95.61,37.12,61.00,172.00,22.00,32.00,0.0000,76.72,1,-11,0.9809,MAX_STEP,0,1317,5126,4353,5,250,359,0,0,0,0
158,0,1,1,ACCEPT,19.9952,2.2050,355,0,0,1.0000,117.58,223.81,95.61,37.12,60.50,174.00,23.00,30.00,0.0000,75.76,1,-12,1.0018,MAX_STEP,0,1277,5095,4147,5,250,355,0,0,0,0
159,0,1,1,ACCEPT,21.8221,2.3043,371,0,3,0.6792,117.58,225.55,95.61,37.12,65.00,176.00,14.00,28.00,0.0000,72.25,1,-12,1.0520,MAX_STEP,0,1187,5119,4020,5,250,371,0,0,0,0
160,0,1,1,ACCEPT,22.9360,2.1492,389,1,3,0.6607,119.07,227.28,95.61,37.12,73.50,179.00,33.00,30.00,0.0000,66.39,1,-10,0.9388,MAX_STEP,0,1186,5056,3869,5,250,389,0,0,0,0
161,0,1,1,ACCEPT,23.9557,2.3193,385,0,4,0.6156,119.07,229.59,95.61,37.12,78.00,178.50,38.00,33.00,0.0000,65.55,1,-12,1.0000,MAX_STEP,0,1124,5086,3636,5,250,385,0,0,0,0
162,0,1,1,ACCEPT,24.8294,2.2229,389,1,3,0.6967,120.56,231.33,95.61,37.12,82.50,177.50,49.00,23.00,0.0000,65.93,1,-14,0.9331,MAX_STEP,0,1095,5108,3376,5,250,389,0,0,0,0
163,0,1,1,ACCEPT,25.2093,2.3987,367,0,6,0.3542,120.56,234.80,95.61,37.12,85.00,184.00,60.00,28.00,0.0000,62.01,1,-11,0.9613,MAX_STEP,0,991,5094,3339,5,250,367,0,0,0,0
164,0,1,1,ACCEPT,25.4943,2.4040,363,0,1,0.9339,120.56,235.38,95.61,37.12,87.50,184.00,65.00,30.00,0.0000,61.09,1,-12,1.0278,MAX_STEP,0,1031,5104,3054,5,250,363,0,0,0,0
165,0,1,1,ACCEPT,27.5380,2.2118,376,0,5,0.3989,120.56,238.27,95.61,37.12,94.50,179.50,63.00,31.00,0.0000,64.29,1,-13,1.1042,MAX_STEP,0,924,5069,3318,5,250,376,0,0,0,0
166,0,1,1,ACCEPT,27.4698,2.1497,402,1,4,0.5547,122.05,240.58,95.61,37.12,97.50,177.50,59.00,31.00,0.0000,67.69,1,-10,0.9553,MAX_STEP,0,1002,5076,3199,5,250,402,0,0,0,0
167,0,1,1,ACCEPT,27.8171,2.3613,366,0,1,0.9590,122.05,241.16,95.61,37.12,97.50,174.00,59.00,26.00,0.0000,71.50,1,-10,0.9455,MAX_STEP,0,938,5109,2995,5,250,366,0,0,0,0
168,0,1,1,ACCEPT,28.7294,2.3038,364,0,4,0.4973,122.05,243.47,95.61,37.12,98.00,175.50,54.00,27.00,0.0000,72.10,1,-14,0.9299,MAX_STEP,0,859,5093,3189,5,250,364,0,0,0,0
169,0,1,1,ACCEPT,28.9372,2.1080,371,-1,5,0.4825,120.56,246.36,95.61,37.12,94.50,177.00,53.00,30.00,0.0000,74.09,1,-13,1.0511,MAX_STEP,0,862,5060,3144,5,250,371,0,0,0,0
170,0,1,1,ACCEPT,30.1948,2.3910,373,0,2,0.8981,120.56,247.52,95.61,37.12,92.50,177.00,49.00,34.00,0.0000,75.89,1,-13,1.0588,MAX_STEP,0,863,5078,3127,5,250,373,0,0,0,0
171,0,1,1,ACCEPT,31.0844,2.3548,365,0,2,0.8986,120.56,248.67,95.61,37.12,90.50,178.00,35.00,40.00,0.0000,76.80,1,-11,0.9837,MAX_STEP,0,807,5089,3160,5,250,365,0,0,0,0
172,0,1,1,ACCEPT,30.8822,2.1497,359,-1,3,0.6852,119.07,250.41,95.61,37.12,85.50,180.00,27.00,42.00,0.0000,78.00,1,-14,1.1217,MAX_STEP,0,791,5083,3063,5,250,359,0,0,0,0
173,0,1,1,ACCEPT,32.4819,2.2788,376,1,3,0.6995,120.56,252.14,95.61,37.12,83.00,180.50,22.00,43.00,0.0000,80.89,1,-14,0.9486,MAX_STEP,0,774,5037,3257,5,250,376,0,0,0,0
174,0,1,1,ACCEPT,32.7507,2.2919,369,-1,2,0.8049,119.07,253.30,95.61,37.12,79.00,178.00,26.00,36.00,0.0000,85.30,1,-12,1.0729,MAX_STEP,0,792,5123,3320,5,250,369,0,0,0,0
175,0,1,1,ACCEPT,33.8420,2.1356,378,1,2,0.8201,120.56,254.45,95.61,37.12,74.00,175.50,42.00,31.00,0.0000,91.66,1,13,0.9403,MAX_STEP,0,777,5070,3975,5,250,378,0,0,0,0
176,0,1,1,ACCEPT,34.1927,2.3889,387,-1,1,0.9044,119.07,255.03,95.61,37.12,73.00,175.50,48.00,31.00,0.0000,91.91,1,-12,1.0180,MAX_STEP,0,773,5119,3843,5,250,387,0,0,0,0
177,0,1,1,ACCEPT,34.8266,2.1124,376,1,1,0.9628,120.56,255.61,95.61,37.12,71.50,170.00,57.00,24.00,0.0000,98.67,1,13,0.9562,MAX_STEP,0,719,5070,4499,5,250,376,0,0,0,0
178,0,1,1,ACCEPT,33.7835,2.2874,382,-1,0,0.9764,119.07,255.61,95.61,37.12,71.50,166.00,59.00,18.00,0.0000,101.45,1,-12,1.0100,MAX_STEP,0,767,5074,4381,5,250,382,0,0,0,0
179,0,1,1,ACCEPT,34.6846,2.1864,387,1,1,0.9819,120.56,256.19,95.61,37.12,73.50,163.00,55.00,22.00,0.0000,104.40,1,13,0.9364,MAX_STEP,0,748,5061,4817,5,250,387,0,0,0,0
180,0,1,1,ACCEPT,34.3809,2.2647,385,-1,1,0.9169,119.07,256.77,95.61,37.12,77.00,161.00,50.00,24.00,0.0000,104.60,1,-13,1.0576,MAX_STEP,0,749,5095,4470,5,250,385,0,0,0,0
181,0,1,1,ACCEPT,35.5946,2.2184,386,1,0,0.9896,120.56,256.77,95.61,37.12,80.00,158.00,42.00,32.00,0.0000,106.77,1,13,0.9556,MAX_STEP,0,716,5074,5075,5,250,386,0,0,0,0
182,0,1,1,ACCEPT,34.9183,2.2717,393,-1,0,0.9847,119.07,256.77,95.61,37.12,82.00,157.50,38.00,35.00,0.0000,105.96,1,-12,0.9949,MAX_STEP,0,749,5104,4798,5,250,393,0,0,0,0
183,0,1,1,ACCEPT,36.7638,2.2308,406,1,1,0.9729,120.56,257.34,95.61,37.12,87.50,157.00,23.00,38.00,0.0000,105.65,1,-13,0.9333,MAX_STEP,0,756,5062,5413,5,250,406,0,0,0,0
184,0,1,1,ACCEPT,35.0616,2.3073,413,-1,1,0.9153,119.07,257.92,95.61,37.12,92.50,159.00,27.00,46.00,0.0000,102.43,1,-12,1.0045,MAX_STEP,0,808,5088,5136,5,250,413,0,0,0,0
185,0,1,1,ACCEPT,37.2137,2.2582,411,0,0,1.0000,119.07,257.92,95.61,37.12,97.00,160.50,32.00,47.00,0.0000,99.89,1,-11,0.9779,MAX_STEP,0,762,5077,5754,5,250,411,0,0,0,0
186,0,1,1,ACCEPT,37.4426,2.4167,435,0,1,0.9816,119.07,258.50,95.61,37.12,99.50,161.50,33.00,47.00,0.0000,98.95,1,-11,0.9384,MAX_STEP,0,816,5056,5670,5,250,435,0,0,0,0
187,0,1,1,ACCEPT,37.4566,2.4699,410,0,0,1.0000,119.07,258.50,95.61,37.12,99.00,159.00,34.00,44.00,0.0000,101.50,1,-14,0.9383,MAX_STEP,0,757,5059,5960,5,250,410,0,0,0,0
188,0,1,1,ACCEPT,38.8561,2.3771,416,0,1,0.9688,119.07,259.08,95.61,37.12,98.00,158.50,34.00,41.00,0.0000,102.76,1,-14,0.9364,MAX_STEP,0,761,5055,6051,5,250,416,0,0,0,0
189,0,1,1,ACCEPT,38.3737,2.2368,425,-1,3,0.6847,117.58,260.81,95.61,37.12,96.00,158.00,32.00,36.00,0.0000,105.05,1,-15,0.9625,MAX_STEP,0,801,5085,6044,5,250,425,0,0,0,0
190,0,1,1,ACCEPT,38.7815,2.2011,405,-1,3,0.7481,116.09,262.55,95.61,37.12,95.00,158.00,36.00,34.00,0.0000,106.65,1,-13,1.0651,MAX_STEP,0,732,5110,6317,5,250,405,0,0,0,0
191,0,1,1,ACCEPT,39.3920,2.2732,416,1,1,0.9591,117.58,263.12,95.61,37.12,94.50,157.50,35.00,33.00,0.0000,108.12,1,13,0.9419,MAX_STEP,0,741,5091,6631,5,250,416,0,0,0,0
192,0,1,1,ACCEPT,39.0902,2.4080,419,-1,4,0.5203,116.09,265.44,95.61,37.12,93.50,158.50,35.00,29.00,0.0000,109.30,1,-14,0.9490,MAX_STEP,0,823,4999,6350,5,250,419,0,0,0,0
193,0,1,1,ACCEPT,40.1018,2.2816,397,-1,4,0.5516,114.59,267.75,95.61,37.12,93.00,158.50,36.00,29.00,0.0000,111.36,1,-12,1.0061,MAX_STEP,0,731,4969,6366,5,250,397,0,0,0,0
194,0,1,1,ACCEPT,40.3344,2.6757,396,0,0,1.0000,114.59,267.75,95.61,37.12,91.00,159.00,38.00,28.00,0.0000,111.28,1,-14,0.9679,MAX_STEP,0,759,4929,6681,5,250,396,0,0,0,0
195,0,1,1,ACCEPT,40.6894,2.6688,427,0,3,0.6511,114.59,269.48,95.61,37.12,91.50,160.00,37.00,26.00,0.0000,111.89,1,-11,0.9622,MAX_STEP,0,779,4933,6705,5,250,427,0,0,0,0
196,0,1,1,ACCEPT,41.2271,2.5697,424,0,5,0.3679,114.59,272.38,95.61,37.12,92.00,160.50,36.00,23.00,0.0000,114.13,1,-12,0.9899,MAX_STEP,0,768,4980,6952,5,250,424,0,0,0,0
197,0,1,1,ACCEPT,40.4939,2.5774,433,0,1,0.9238,114.59,272.95,95.61,37.12,92.00,161.50,38.00,21.00,0.0000,113.72,1,-13,1.0228,MAX_STEP,0,835,4988,6887,5,250,433,0,0,0,0
198,0,1,1,ACCEPT,41.4740,2.3152,426,1,2,0.8005,116.09,274.11,95.61,37.12,93.00,162.00,38.00,20.00,0.0000,114.46,1,-14,0.9369,MAX_STEP,0,773,5087,7223,5,250,426,0,0,0,0
199,0,1,1,ACCEPT,42.4013,2.3913,440,1,3,0.7318,117.58,275.84,95.61,37.12,93.00,163.00,38.00,22.00,0.0000,115.49,1,-13,0.9388,MAX_STEP,0,793,5095,7261,5,250,440,0,0,0,0
200,0,1,1,ACCEPT,41.6166,2.3237,402,-1,0,0.9975,116.09,275.84,95.61,37.12,93.50,162.50,37.00,21.00,0.0000,115.57,1,-13,1.0880,MAX_STEP,0,751,5201,6959,5,250,402,0,0,0,0
201,0,1,1,ACCEPT,40.8224,2.3587,434,1,2,0.8226,117.58,277.00,95.61,37.12,94.00,162.50,38.00,21.00,0.0000,116.90,1,-13,1.0098,MAX_STEP,0,807,5141,7392,5,250,434,0,0,0,0
202,0,1,1,ACCEPT,42.0996,2.2620,423,1,1,0.9669,119.07,277.58,95.61,37.12,95.00,162.00,38.00,22.00,0.0000,118.06,1,-9,0.9460,MAX_STEP,0,771,5171,7442,5,250,423,0,0,0,0
203,0,1,1,ACCEPT,42.5085,2.6818,413,0,0,1.0000,119.07,277.58,95.61,37.12,95.00,162.50,38.00,23.00,0.0000,117.57,1,-9,0.9421,MAX_STEP,0,743,5126,7316,5,250,413,0,0,0,0
204,0,1,1,ACCEPT,41.8907,2.6115,410,0,1,0.9878,119.07,278.16,95.61,37.12,95.50,162.50,37.00,23.00,0.0000,118.03,1,-14,0.9560,MAX_STEP,0,766,5129,7511,5,250,410,0,0,0,0
205,0,1,1,ACCEPT,41.4127,2.4909,411,0,1,0.9343,119.07,278.73,95.61,37.12,96.00,163.00,38.00,22.00,0.0000,118.01,1,-12,0.9973,MAX_STEP,0,783,5154,6995,5,250,411,0,0,0,0
206,0,1,1,ACCEPT,41.4808,2.3376,367,1,0,0.9946,120.56,278.73,95.61,37.12,95.50,163.50,39.00,21.00,0.0000,117.93,1,-8,0.9348,MAX_STEP,0,663,5141,7079,5,250,367,0,0,0,0
207,0,1,1,ACCEPT,41.6772,2.5035,353,-1,0,0.9887,119.07,278.73,95.61,37.12,96.00,162.00,38.00,20.00,0.0000,118.99,1,-13,1.0491,MAX_STEP,0,631,5176,6553,5,250,353,0,0,0,0
208,0,1,1,ACCEPT,43.2106,2.5704,365,1,1,0.9699,120.56,279.31,95.61,37.12,96.00,163.00,38.00,18.00,0.0000,118.88,1,-9,0.9311,MAX_STEP,0,631,5132,7264,5,250,365,0,0,0,0
209,0,1,1,ACCEPT,42.9088,2.5000,370,-1,1,0.9649,119.07,279.89,95.61,37.12,95.50,163.00,39.00,18.00,0.0000,119.24,1,-13,1.1128,MAX_STEP,0,664,5197,6443,5,250,370,0,0,0,0
210,0,1,1,ACCEPT,43.2211,2.6977,348,1,0,0.9799,120.56,279.89,95.61,37.12,95.00,163.50,40.00,17.00,0.0000,119.16,1,-9,0.9420,MAX_STEP,0,629,5115,6438,5,250,348,0,0,0,0
211,0,1,1,ACCEPT,43.3329,2.5403,315,-1,0,0.9841,119.07,279.89,95.61,37.12,94.50,162.50,41.00,17.00,0.0000,119.93,1,-13,1.0650,MAX_STEP,0,574,5168,5925,5,250,315,0,0,0,0
212,0,1,1,ACCEPT,44.1092,2.4921,314,1,0,0.9904,120.56,279.89,95.61,37.12,93.50,162.50,43.00,17.00,0.0000,120.47,1,-9,0.9479,MAX_STEP,0,572,5112,6723,5,250,314,0,0,0,0
213,0,1,1,ACCEPT,44.5001,2.5476,321,-1,1,0.9657,119.07,280.47,95.61,37.12,93.50,162.50,45.00,17.00,0.0000,120.71,1,-12,1.0341,MAX_STEP,0,546,5193,6111,5,250,321,0,0,0,0
214,0,1,1,ACCEPT,44.2077,2.4370,329,1,1,0.9422,120.56,281.05,95.61,37.12,92.50,164.00,45.00,20.00,0.0000,120.36,1,-13,0.9461,MAX_STEP,0,585,5131,6013,5,250,329,0,0,0,0
215,0,1,1,ACCEPT,42.9380,2.5487,288,-1,0,0.9826,119.07,281.05,95.61,37.12,91.50,165.00,47.00,22.00,0.0000,119.28,1,-13,1.0698,MAX_STEP,0,541,5158,5088,5,250,288,0,0,0,0
216,0,1,1,ACCEPT,43.4481,2.5000,265,1,0,0.9925,120.56,281.05,95.61,37.12,90.50,165.50,49.00,27.00,0.0000,119.39,1,-13,0.9479,MAX_STEP,0,494,5131,6115,5,250,265,0,0,0,0
217,0,1,1,ACCEPT,44.4905,2.6981,286,-1,1,0.9301,119.07,281.62,95.61,37.12,90.00,165.50,50.00,33.00,0.0000,119.71,1,-13,1.0430,MAX_STEP,0,512,5156,5188,5,250,286,0,0,0,0
218,0,1,1,ACCEPT,43.7221,2.5192,262,1,0,0.9885,120.56,281.62,95.61,37.12,89.00,166.00,50.00,36.00,0.0000,119.86,1,-13,0.9488,MAX_STEP,0,475,5110,5810,5,250,262,0,0,0,0
219,0,1,1,ACCEPT,44.6216,2.7553,259,-1,1,0.9344,119.07,282.20,95.61,37.12,89.00,164.00,52.00,40.00,0.0000,121.97,1,-12,1.0369,MAX_STEP,0,468,5182,4693,5,250,259,0,0,0,0
220,0,1,1,ACCEPT,43.2373,2.4362,229,1,3,0.7598,120.56,283.94,95.61,37.12,88.50,166.00,55.00,46.00,0.0000,122.22,1,-13,0.9609,MAX_STEP,0,410,5158,4788,5,250,229,0,0,0,0
221,0,1,1,ACCEPT,42.8445,2.5802,209,-1,-1,0.9713,119.07,283.36,95.61,37.12,88.50,166.00,53.00,48.00,0.0000,121.28,1,-13,1.0811,MAX_STEP,0,376,5199,4286,5,250,209,0,0,0,0
222,0,1,1,ACCEPT,43.4473,2.6842,204,1,2,0.7990,120.56,284.52,95.61,37.12,88.50,165.50,53.00,49.00,0.0000,123.26,1,-10,0.9449,MAX_STEP,0,375,5161,5160,5,250,204,0,0,0,0
223,0,1,1,ACCEPT,41.1430,2.3617,222,-1,0,0.9910,119.07,284.52,95.61,37.12,89.00,166.00,56.00,50.00,0.0000,122.27,1,-14,1.1384,MAX_STEP,0,426,5220,4985,5,250,222,0,0,0,0
224,0,1,1,ACCEPT,44.0835,2.9367,232,1,1,0.8966,120.56,285.09,95.61,37.12,88.50,167.00,55.00,52.00,0.0000,122.37,1,-12,0.9814,MAX_STEP,0,424,5169,4753,5,250,232,0,0,0,0
225,0,1,1,ACCEPT,42.1987,2.7532,212,0,3,0.7642,120.56,286.83,95.61,37.12,89.00,167.50,56.00,49.00,0.0000,123.43,1,-12,1.0506,MAX_STEP,0,400,5140,4527,5,250,212,0,0,0,0
226,0,1,1,ACCEPT,44.7848,2.6076,206,0,1,0.9515,120.56,287.41,95.61,37.12,90.00,169.00,58.00,48.00,0.0000,122.29,1,-14,1.0981,MAX_STEP,0,365,5140,4502,5,250,206,0,0,0,0
227,0,1,1,ACCEPT,44.0538,2.3882,203,1,1,0.9113,122.05,287.98,95.61,37.12,90.00,170.00,58.00,48.00,0.0000,122.26,1,-11,0.9762,MAX_STEP,0,355,5079,4646,5,250,203,0,0,0,0
228,0,1,1,ACCEPT,43.1802,2.7671,202,0,1,0.9505,122.05,288.56,95.61,37.12,89.50,169.00,57.00,48.00,0.0000,123.92,1,-12,1.0073,MAX_STEP,0,373,5114,4180,5,250,202,0,0,0,0
229,0,1,1,ACCEPT,42.8023,2.4868,189,1,1,0.9153,123.55,289.14,95.61,37.12,91.00,170.00,58.00,44.00,0.0000,123.51,1,-11,0.9504,MAX_STEP,0,345,5100,4268,5,250,189,0,0,0,0
230,0,1,1,ACCEPT,42.2859,2.3974,187,-1,2,0.8663,122.05,290.30,95.61,37.12,90.50,168.00,57.00,44.00,0.0000,126.30,1,-14,1.1187,MAX_STEP,0,334,5111,4084,5,250,187,0,0,0,0
231,0,1,1,ACCEPT,43.8052,2.8507,191,1,1,0.8901,123.55,290.88,95.61,37.12,90.00,164.50,58.00,47.00,0.0000,130.75,1,-13,1.0516,MAX_STEP,0,336,5037,4365,5,250,191,0,0,0,0
232,0,1,1,ACCEPT,41.5484,2.1905,184,1,1,0.9620,125.04,291.45,95.61,37.12,91.00,163.50,60.00,45.00,0.0000,132.40,1,-11,0.9729,MAX_STEP,0,347,5153,4016,5,250,184,0,0,0,0
233,0,1,1,ACCEPT,42.6789,2.3056,166,-1,1,0.9337,123.55,292.03,95.61,37.12,92.00,160.00,58.00,48.00,0.0000,135.75,1,-14,1.1158,MAX_STEP,0,285,5136,4101,5,250,166,0,0,0,0
234,0,1,1,ACCEPT,44.2354,2.8730,181,1,1,0.9227,125.04,292.61,95.61,37.12,92.50,157.00,61.00,50.00,0.0000,139.46,1,-13,1.0806,MAX_STEP,0,318,5086,4254,5,250,181,0,0,0,0
235,0,1,1,ACCEPT,44.5212,2.6143,183,1,0,0.9781,126.53,292.61,95.61,37.12,94.50,155.50,59.00,47.00,0.0000,140.80,1,-12,1.0088,MAX_STEP,0,316,5102,4333,5,250,183,0,0,0,0
236,0,1,1,ACCEPT,41.9488,2.3247,179,-1,1,0.9553,125.04,293.19,95.61,37.12,94.00,155.00,58.00,46.00,0.0000,141.63,1,-16,1.0739,AT_SEARCH_RAIL,0,340,5122,4159,5,250,179,0,0,0,0
237,0,1,1,ACCEPT,41.9064,2.5753,188,1,2,0.7872,126.53,294.34,95.61,37.12,95.00,156.00,58.00,44.00,0.0000,141.89,1,-14,1.1109,MAX_STEP,0,345,5026,4820,5,250,188,0,0,0,0
238,0,1,1,ACCEPT,43.5280,2.4568,199,1,1,0.9095,128.02,294.92,95.61,37.12,95.50,157.50,59.00,39.00,0.0000,141.22,1,-13,1.0735,MAX_STEP,0,354,5047,4895,5,250,199,0,0,0,0
239,0,1,1,ACCEPT,40.5005,2.7353,186,0,0,1.0000,128.02,294.92,95.61,37.12,96.00,157.50,60.00,37.00,0.0000,141.10,1,-14,1.0906,MAX_STEP,0,378,5038,4972,5,250,186,0,0,0,0
240,0,1,1,ACCEPT,43.9299,2.7273,210,1,1,0.9095,129.52,295.50,95.61,37.12,96.00,157.50,60.00,37.00,0.0000,142.01,1,-12,1.0497,MAX_STEP,0,367,4999,4910,5,250,210,0,0,0,0
241,0,1,1,ACCEPT,42.1201,2.8730,181,0,0,1.0000,129.52,295.50,95.61,37.12,97.00,157.50,62.00,37.00,0.0000,141.78,1,-14,1.0593,MAX_STEP,0,329,4965,5137,5,250,181,0,0,0,0
242,0,1,1,ACCEPT,42.3399,2.9104,195,0,1,0.9795,129.52,296.08,95.61,37.12,98.00,157.50,60.00,39.00,0.0000,142.12,1,-15,1.0492,MAX_STEP,0,355,4969,4819,5,250,195,0,0,0,0
243,0,1,1,ACCEPT,40.5100,2.4430,193,1,1,0.9067,131.01,296.66,95.61,37.12,99.00,156.00,62.00,40.00,0.0000,144.25,1,-13,1.0370,MAX_STEP,0,376,4965,4923,5,250,193,0,0,0,0
244,0,1,1,ACCEPT,41.1472,2.9219,187,0,1,0.9465,131.01,297.23,95.61,37.12,99.50,154.50,61.00,43.00,0.0000,146.17,1,-14,1.0488,MAX_STEP,0,362,4970,4661,5,250,187,0,0,0,0
245,0,1,1,ACCEPT,40.4976,2.7794,189,0,1,0.9153,131.01,297.81,95.61,37.12,99.50,153.00,61.00,46.00,0.0000,148.20,1,-14,1.0547,MAX_STEP,0,369,4981,4835,5,250,189,0,0,0,0
246,0,1,1,ACCEPT,40.5383,2.3529,200,1,1,0.9600,132.50,298.39,95.61,37.12,98.50,152.00,63.00,48.00,0.0000,150.29,1,-12,0.9845,MAX_STEP,0,375,5011,4393,5,250,200,0,0,0,0
247,0,1,1,ACCEPT,40.7423,2.5634,182,-1,3,0.7637,131.01,300.12,95.61,37.12,98.00,151.50,64.00,51.00,0.0000,152.25,1,-15,1.0322,MAX_STEP,0,339,5031,4325,5,250,182,0,0,0,0
248,0,1,1,ACCEPT,42.2842,2.8710,178,1,0,0.9719,132.50,300.12,95.61,37.12,98.50,151.00,65.00,52.00,0.0000,152.95,1,-13,1.0520,MAX_STEP,0,330,5092,4820,5,250,178,0,0,0,0
249,0,1,1,ACCEPT,41.3881,2.3333,196,-1,1,0.9133,131.01,300.70,95.61,37.12,99.00,151.00,66.00,50.00,0.0000,153.09,1,15,0.9475,MAX_STEP,0,378,5036,4613,5,250,196,0,0,0,0
250,0,1,1,ACCEPT,41.8586,2.7826,192,1,1,0.9479,132.50,301.28,95.61,37.12,97.00,151.00,68.00,48.00,0.0000,154.42,1,-14,1.0472,MAX_STEP,0,361,4982,5533,5,250,192,0,0,0,0
251,0,1,1,ACCEPT,40.5342,2.9041,212,0,1,0.9434,132.50,301.86,95.61,37.12,97.00,151.00,70.00,48.00,0.0000,154.98,1,-15,1.0033,MAX_STEP,0,420,5021,4904,5,250,212,0,0,0,0
252,0,1,1,ACCEPT,40.5871,2.7286,191,0,1,0.9110,132.50,302.44,95.61,37.12,96.00,152.00,72.00,46.00,0.0000,154.80,1,-16,0.9549,AT_SEARCH_RAIL,0,389,5001,5492,5,250,191,0,0,0,0
253,0,1,1,ACCEPT,41.4310,2.7051,211,0,2,0.8341,132.50,303.59,95.61,37.12,96.50,152.00,73.00,44.00,0.0000,155.81,1,-16,0.9824,AT_SEARCH_RAIL,0,417,4997,5808,5,250,211,0,0,0,0
254,0,1,1,ACCEPT,40.3873,2.5904,215,0,0,1.0000,132.50,303.59,95.61,37.12,96.00,153.50,74.00,43.00,0.0000,154.47,1,16,0.9504,AT_SEARCH_RAIL,0,422,4999,5608,5,250,215,0,0,0,0
255,0,1,1,ACCEPT,40.2416,2.5422,211,1,2,0.8578,133.99,304.75,95.61,37.12,97.00,154.50,74.00,41.00,0.0000,154.74,1,-14,1.0196,MAX_STEP,0,418,4938,6069,5,250,211,0,0,0,0
256,0,1,1,ACCEPT,42.3624,2.9474,224,0,2,0.8973,133.99,305.91,95.61,37.12,97.50,154.50,75.00,43.00,0.0000,155.74,1,-15,0.9926,MAX_STEP,0,416,5017,6113,5,250,224,0,0,0,0
257,0,1,1,ACCEPT,43.7567,2.9474,224,0,1,0.9866,133.99,306.48,95.61,37.12,97.50,154.50,75.00,43.00,0.0000,156.30,1,-16,0.9704,AT_SEARCH_RAIL,0,401,4969,6495,5,250,224,0,0,0,0
258,0,1,1,ACCEPT,42.4806,2.6737,254,1,3,0.6496,135.48,308.22,95.61,37.12,100.50,155.00,71.00,42.00,0.0000,157.16,1,-14,1.0227,MAX_STEP,0,457,4850,7129,5,250,254,0,0,0,0
259,0,1,1,ACCEPT,41.5870,2.9655,258,0,1,0.9186,135.48,308.80,95.61,37.12,102.50,155.50,65.00,43.00,0.0000,156.81,1,-15,0.9962,MAX_STEP,0,480,4886,7547,5,250,258,0,0,0,0
260,0,1,1,ACCEPT,42.0623,2.7917,268,0,1,0.9552,135.48,309.38,95.61,37.12,104.00,155.50,62.00,43.00,0.0000,157.06,1,-15,0.9963,MAX_STEP,0,512,4885,7466,5,250,268,0,0,0,0
261,0,1,1,ACCEPT,41.2126,2.7353,279,0,4,0.5412,135.48,311.69,95.61,37.12,104.00,156.50,64.00,41.00,0.0000,158.35,1,-15,1.0175,MAX_STEP,0,522,4878,7962,5,250,279,0,0,0,0
262,0,1,1,ACCEPT,41.2812,2.8529,291,0,1,0.9244,135.48,312.27,95.61,37.12,103.50,157.00,63.00,40.00,0.0000,158.53,1,-13,1.0181,MAX_STEP,0,529,4937,7375,5,250,291,0,0,0,0
263,0,1,1,ACCEPT,40.4243,2.3966,278,0,3,0.6942,135.48,314.00,95.61,37.12,103.00,157.50,64.00,41.00,0.0000,159.84,1,-13,1.0289,MAX_STEP,0,497,5063,6739,5,250,278,0,0,0,0
264,0,1,1,ACCEPT,39.5462,2.7143,266,-1,4,0.4662,133.99,316.31,95.61,37.12,102.00,158.00,66.00,42.00,0.0000,161.51,1,-15,0.9816,MAX_STEP,0,509,5292,6936,5,250,266,0,0,0,0
265,0,1,1,ACCEPT,39.9898,2.6804,260,-1,6,0.2615,132.50,319.78,95.61,37.12,100.50,156.50,65.00,43.00,0.0000,166.39,1,-16,0.9189,AT_SEARCH_RAIL,0,454,5218,7210,5,250,260,0,0,0,0
266,0,1,1,ACCEPT,38.8790,2.4554,248,-1,1,0.9194,131.01,320.36,95.61,37.12,100.00,156.00,66.00,42.00,0.0000,167.26,1,11,0.8779,MAX_STEP,0,442,5310,7124,5,250,248,0,0,0,0
267,0,1,1,ACCEPT,40.6789,2.5185,272,0,6,0.1397,131.01,323.83,95.61,37.12,99.50,157.50,65.00,43.00,0.0000,169.29,1,13,1.0397,MAX_STEP,0,450,5278,8241,5,250,272,0,0,0,0
268,0,1,1,ACCEPT,28.6700,2.3253,193,0,4,0.5389,131.01,326.14,95.61,37.12,100.00,159.00,66.00,50.00,0.0000,169.99,1,7,1.0291,MAX_STEP,0,408,5219,5878,5,250,193,0,0,0,0
269,0,1,1,ACCEPT,13.9967,2.0227,89,0,2,0.8539,131.01,327.30,95.61,37.12,99.00,159.00,68.00,50.00,0.0000,171.31,1,7,0.9962,MAX_STEP,0,352,5233,4879,5,250,89,0,0,0,0
270,0,1,1,ACCEPT,10.2859,1.6389,59,0,5,0.4915,131.01,330.19,95.61,37.12,98.00,159.50,70.00,51.00,0.0000,173.85,1,8,1.0644,MAX_STEP,0,345,5319,4603,5,250,59,0,0,0,0
271,0,1,1,ACCEPT,10.2176,1.0189,54,1,3,0.8148,132.50,331.92,95.61,37.12,98.00,159.50,70.00,51.00,0.0000,175.84,1,-13,1.1144,MAX_STEP,0,312,5760,3471,5,250,54,0,0,0,0
272,0,1,1,ACCEPT,10.2222,1.2424,41,-1,1,0.9024,131.01,332.50,95.61,37.12,97.50,160.50,71.00,51.00,0.0000,175.23,1,9,1.0402,MAX_STEP,0,248,5677,2707,5,250,41,0,0,0,0
273,0,1,1,ACCEPT,10.9800,1.3333,32,1,3,0.7812,132.50,334.23,95.61,37.12,98.00,158.00,72.00,48.00,0.0000,179.58,1,9,1.0404,MAX_STEP,0,190,5156,2645,5,250,32,0,0,0,0
274,0,1,1,ACCEPT,11.0672,1.6111,29,0,3,0.7586,132.50,335.97,95.61,37.12,96.50,158.00,75.00,48.00,0.0000,181.57,1,8,1.0549,MAX_STEP,0,169,5204,2359,5,250,29,0,0,0,0
275,0,1,1,ACCEPT,9.0822,1.3750,22,0,1,0.9091,132.50,336.55,95.61,37.12,95.50,159.50,77.00,49.00,0.0000,180.87,1,8,0.9837,MAX_STEP,0,152,5323,1918,5,250,22,0,0,0,0
276,0,1,1,ACCEPT,9.1749,1.6000,16,1,1,0.7500,133.99,337.12,95.61,37.12,95.00,158.50,78.00,47.00,0.0000,182.83,1,-13,1.0460,MAX_STEP,0,109,5235,1672,5,250,16,0,0,0,0
277,0,1,1,ACCEPT,9.2749,1.4000,14,1,3,0.5714,135.48,338.86,95.61,37.12,94.00,158.50,82.00,45.00,0.0000,185.07,1,-12,1.1232,MAX_STEP,0,94,5097,1667,5,250,14,0,0,0,0
278,0,1,1,ACCEPT,7.2321,1.2222,11,0,3,0.8182,135.48,340.59,95.61,37.12,94.50,156.50,83.00,45.00,0.0000,188.60,1,-12,1.0745,MAX_STEP,0,100,4879,1362,5,250,11,0,0,0,0
279,0,1,1,ACCEPT,6.6053,1.0000,8,0,3,0.8750,135.48,342.33,95.61,37.12,94.00,156.50,86.00,43.00,0.0000,190.40,1,-13,0.9804,MAX_STEP,0,78,4904,1351,5,250,8,0,0,0,0
280,0,1,1,ACCEPT,6.8994,1.1429,8,0,3,0.7500,135.48,344.06,95.61,37.12,94.50,155.50,85.00,41.00,0.0000,192.97,1,9,0.9423,MAX_STEP,0,73,5104,1324,5,250,8,0,0,0,0
281,0,1,1,ACCEPT,7.0507,1.1429,8,0,3,0.7500,135.48,345.80,95.61,37.12,95.00,154.50,84.00,41.00,0.0000,195.53,1,9,0.9453,MAX_STEP,0,70,5228,1290,5,250,8,0,0,0,0
282,0,1,1,ACCEPT,7.1021,1.1429,8,0,3,0.7500,135.48,347.53,95.61,37.12,95.00,155.00,84.00,42.00,0.0000,196.74,1,8,0.9664,MAX_STEP,0,70,5222,1284,5,250,8,0,0,0,0
283,0,1,1,ACCEPT,7.2507,1.1429,8,1,3,0.7500,136.98,349.27,95.61,37.12,95.00,154.00,84.00,44.00,0.0000,199.73,1,-13,1.0091,MAX_STEP,0,68,5094,1330,5,250,8,0,0,0,0
284,0,1,1,ACCEPT,7.1857,1.1429,8,0,3,0.7500,136.98,351.00,95.61,37.12,94.50,154.00,87.00,46.00,0.0000,201.53,1,-13,0.9819,MAX_STEP,0,71,5339,1229,5,250,8,0,0,0,0
285,0,1,1,ACCEPT,6.5679,1.0000,7,0,1,0.8571,136.98,351.58,95.61,37.12,95.00,153.50,88.00,47.00,0.0000,202.48,1,9,0.9393,MAX_STEP,0,67,5303,1274,5,250,7,0,0,0,0
286,0,1,1,ACCEPT,7.5085,1.1429,8,1,3,0.7500,138.47,353.31,95.61,37.12,95.50,153.50,87.00,47.00,0.0000,204.38,1,-12,1.0068,MAX_STEP,0,68,5358,1217,5,250,8,0,0,0,0
287,0,1,1,ACCEPT,6.7286,1.0000,7,0,1,0.8571,138.47,353.89,95.61,37.12,97.00,153.50,86.00,47.00,0.0000,204.64,1,-13,0.9948,MAX_STEP,0,66,5312,1255,5,250,7,0,0,0,0
288,0,1,1,ACCEPT,6.7579,1.0000,7,0,1,0.8571,138.47,354.47,95.61,37.12,97.00,153.00,86.00,46.00,0.0000,205.69,1,-13,0.9980,MAX_STEP,0,66,5300,1238,5,250,7,0,0,0,0
289,0,1,1,ACCEPT,7.0461,1.1667,7,0,3,0.8571,138.47,356.20,95.61,37.12,97.50,154.50,85.00,47.00,0.0000,205.82,1,-12,1.0132,MAX_STEP,0,65,5306,1202,5,250,7,0,0,0,0
290,0,1,1,ACCEPT,7.1400,1.1667,7,0,3,0.8571,138.47,357.94,95.61,37.12,95.50,154.00,87.00,48.00,0.0000,208.42,1,-12,1.0202,MAX_STEP,0,64,5132,1202,5,250,7,0,0,0,0
291,0,1,1,ACCEPT,7.0280,1.1667,7,0,3,0.8571,138.47,359.67,95.61,37.12,96.00,154.50,84.00,47.00,0.0000,209.52,1,-12,1.0629,MAX_STEP,0,64,5296,1192,5,250,7,0,0,0,0
292,0,1,1,ACCEPT,7.0544,1.1667,7,0,3,0.8571,138.47,361.41,95.61,37.12,96.00,155.50,84.00,47.00,0.0000,210.24,1,-11,1.0850,MAX_STEP,0,64,5384,1219,5,250,7,0,0,0,0
293,0,1,1,ACCEPT,7.2278,1.1667,7,-1,3,0.7143,136.98,363.14,95.61,37.12,95.00,155.50,86.00,49.00,0.0000,211.84,1,-13,0.9509,MAX_STEP,0,64,5244,1235,5,250,7,0,0,0,0
294,0,1,1,ACCEPT,7.3231,1.1667,7,0,3,0.7143,136.98,364.88,95.61,37.12,95.00,157.00,86.00,48.00,0.0000,212.07,1,-13,0.9557,MAX_STEP,0,61,5040,1251,5,250,7,0,0,0,0
295,0,1,1,ACCEPT,7.0826,1.1667,7,0,2,0.8571,136.98,366.03,95.61,37.12,95.00,157.50,84.00,49.00,0.0000,212.71,1,-13,0.9723,MAX_STEP,0,65,5272,1252,5,250,7,0,0,0,0
296,0,1,1,ACCEPT,7.0716,1.1667,7,0,2,0.8571,136.98,367.19,95.61,37.12,95.50,157.00,83.00,48.00,0.0000,214.24,1,-13,0.9722,MAX_STEP,0,66,5357,1220,5,250,7,0,0,0,0
297,0,1,1,ACCEPT,7.1534,1.1667,7,0,3,0.8571,136.98,368.92,95.61,37.12,96.00,158.50,84.00,51.00,0.0000,214.37,1,-13,1.0030,MAX_STEP,0,64,5305,1230,5,250,7,0,0,0,0
298,0,1,1,ACCEPT,7.3217,1.1667,7,0,3,0.7143,136.98,370.66,95.61,37.12,96.50,158.50,81.00,53.00,0.0000,215.98,1,-12,1.0631,MAX_STEP,0,64,5305,1246,5,250,7,0,0,0,0
299,0,1,1,ACCEPT,7.2800,1.1667,7,0,3,0.8571,136.98,372.39,95.61,37.12,96.00,158.00,82.00,58.00,0.0000,218.27,1,-12,1.0812,MAX_STEP,0,65,5418,1184,5,250,7,0,0,0,0
300,0,1,1,ACCEPT,7.5665,1.1667,7,-1,3,0.7143,135.48,374.12,95.61,37.12,97.00,158.00,78.00,60.00,0.0000,219.52,1,-13,0.9615,MAX_STEP,0,61,5459,1187,5,250,7,0,0,0,0
301,0,1,1,ACCEPT,7.4377,1.1667,7,0,3,0.7143,135.48,375.86,95.61,37.12,99.00,158.00,76.00,62.00,0.0000,220.89,1,-13,0.9790,MAX_STEP,0,62,5352,1181,5,250,7,0,0,0,0
302,0,1,1,ACCEPT,6.5345,1.0000,6,0,1,0.8333,135.48,376.44,95.61,37.12,99.00,157.50,74.00,63.00,0.0000,221.96,1,-12,0.9745,MAX_STEP,0,62,5357,1165,5,250,6,0,0,0,0
303,0,1,1,ACCEPT,6.6139,1.0000,6,0,1,0.8333,135.48,377.02,95.61,37.12,98.50,158.50,73.00,65.00,0.0000,221.62,1,-12,1.0043,MAX_STEP,0,60,5295,1192,5,250,6,0,0,0,0
304,0,1,1,ACCEPT,7.4740,1.1667,7,0,3,0.7143,135.48,378.75,95.61,37.12,98.50,158.00,75.00,68.00,0.0000,223.83,1,-13,0.9936,MAX_STEP,0,62,5430,1125,5,250,7,0,0,0,0
305,0,1,1,ACCEPT,6.9105,1.2000,6,0,2,0.8333,135.48,379.91,95.61,37.12,99.00,159.00,74.00,66.00,0.0000,223.90,1,-13,0.9342,MAX_STEP,0,57,5372,1066,5,250,6,0,0,0,0
306,0,1,1,ACCEPT,7.3994,1.2000,6,1,3,0.6667,136.98,381.64,95.61,37.12,99.00,158.00,74.00,64.00,0.0000,226.84,1,-12,1.0707,MAX_STEP,0,53,5428,1056,5,250,6,0,0,0,0
307,0,1,1,ACCEPT,7.4087,1.2000,6,0,3,0.8333,136.98,383.38,95.61,37.12,99.50,156.50,75.00,63.00,0.0000,229.95,1,-12,1.0358,MAX_STEP,0,54,5482,994,5,250,6,0,0,0,0
308,0,1,1,ACCEPT,6.4242,1.0000,5,0,1,0.8000,136.98,383.95,95.61,37.12,100.00,157.00,74.00,60.00,0.0000,229.95,1,-12,1.0482,MAX_STEP,0,51,5417,982,5,250,5,0,0,0,0
309,0,1,1,ACCEPT,6.6255,1.2500,5,0,1,0.8000,136.98,384.53,95.61,37.12,100.50,157.00,75.00,56.00,0.0000,230.44,1,-13,0.9878,MAX_STEP,0,48,5299,1011,5,250,5,0,0,0,0
310,0,1,1,ACCEPT,7.6745,1.5000,6,1,3,0.6667,138.47,386.27,95.61,37.12,101.00,156.50,74.00,51.00,0.0000,232.80,1,-12,1.0791,MAX_STEP,0,49,5374,924,5,250,6,0,0,0,0
311,0,1,1,ACCEPT,7.0978,1.2500,5,0,3,0.8000,138.47,388.00,95.61,37.12,101.00,156.00,74.00,50.00,0.0000,235.01,1,-12,1.0761,MAX_STEP,0,44,5254,874,5,250,5,0,0,0,0
312,0,1,1,ACCEPT,7.3357,1.2500,5,0,3,0.6000,138.47,389.73,95.61,37.12,101.00,155.00,74.00,46.00,0.0000,237.71,1,-12,1.0192,MAX_STEP,0,42,5248,866,5,250,5,0,0,0,0
313,0,1,1,ACCEPT,7.5358,1.2500,5,1,3,0.6000,139.96,391.47,95.61,37.12,102.00,155.00,74.00,40.00,0.0000,239.50,1,-11,1.1176,MAX_STEP,0,38,5169,839,5,250,5,0,0,0,0
314,0,1,1,ACCEPT,6.5315,1.3333,4,0,2,0.7500,139.96,392.62,95.61,37.12,101.50,154.50,73.00,39.00,0.0000,241.21,1,-11,1.1173,MAX_STEP,0,37,5165,828,5,250,4,0,0,0,0
315,0,1,1,ACCEPT,6.6310,1.3333,4,0,3,0.7500,139.96,394.36,95.61,37.12,102.00,153.50,74.00,35.00,0.0000,243.83,1,-11,1.0732,MAX_STEP,0,37,5231,741,5,250,4,0,0,0,0
316,0,1,1,ACCEPT,6.9877,1.3333,4,1,3,0.5000,141.45,396.09,95.61,37.12,102.00,154.50,74.00,33.00,0.0000,244.79,1,-10,1.1036,MAX_STEP,0,33,5131,668,5,250,4,0,0,0,0
0,0,0,0,ZERO_RESPONSE,0.0000,0.0000,0,0,0,0.0000,102.50,204.50,73.00,21.00,102.50,204.50,73.00,21.00,1.0000,0.00,1,0,0.0000,NOT_RUN,0,0,5592,10316,6,300,0,0,0,0,0
1,0,1,1,ACCEPT,52.9169,3.0506,482,0,0,1.0000,102.50,204.50,73.00,21.00,101.50,204.50,75.00,21.00,0.9733,1.00,1,0,3.3100,ACCEPT,0,657,5243,11338,6,300,482,0,0,0,0
2,0,1,1,ACCEPT,46.9874,2.6166,505,1,0,0.9960,103.64,204.50,73.00,21.00,102.50,204.00,75.00,22.00,0.9256,1.25,1,0,3.2736,ACCEPT,0,700,4852,14510,6,300,505,0,0,0,0
3,0,1,1,ACCEPT,40.4155,2.7763,633,0,0,1.0000,103.64,204.50,73.00,21.00,103.00,204.50,74.00,21.00,0.9827,0.64,1,0,3.2905,ACCEPT,0,1015,4626,14601,6,300,633,0,0,0,0
4,0,1,1,ACCEPT,38.5113,2.6894,710,0,-1,0.9930,103.64,204.17,73.00,21.00,103.00,204.00,74.00,20.00,0.9366,0.66,1,0,3.2456,ACCEPT,0,1223,4463,14288,6,300,710,0,0,0,0
5,0,1,1,ACCEPT,33.1329,2.5075,672,0,1,0.9286,103.64,204.50,73.00,21.00,103.00,203.50,74.00,21.00,0.8941,1.19,1,0,3.2826,ACCEPT,0,1228,4449,14507,6,300,672,0,0,0,0
6,0,1,1,ACCEPT,29.9286,2.7957,643,0,-3,0.6921,103.64,203.52,73.00,21.00,103.00,204.00,74.00,20.00,0.9366,0.80,1,0,3.2646,ACCEPT,0,1237,4238,15224,6,300,643,0,0,0,0
7,0,1,1,ACCEPT,29.3750,2.8924,645,0,-1,0.9597,103.64,203.19,73.00,21.00,103.00,203.00,76.00,20.00,0.9165,0.67,1,0,3.1617,ACCEPT,0,1279,4196,15331,6,300,645,0,0,0,0
8,0,1,1,ACCEPT,28.2626,2.4531,628,1,0,0.9904,104.78,203.19,73.00,21.00,103.50,202.00,75.00,20.00,0.8623,1.75,1,0,3.2946,ACCEPT,0,1282,4105,15188,6,300,628,0,0,0,0
9,0,1,1,ACCEPT,28.1699,2.5787,606,0,-2,0.9076,104.78,202.53,73.00,21.00,104.00,202.50,74.00,19.00,0.8872,0.78,1,0,3.2876,ACCEPT,0,1322,4054,14975,6,300,606,0,0,0,0
10,0,1,1,ACCEPT,28.4411,2.5085,592,0,-3,0.8074,104.78,201.55,73.00,21.00,104.50,202.00,75.00,20.00,0.9282,0.53,1,0,3.2229,ACCEPT,0,1227,3981,15025,6,300,592,0,0,0,0
11,0,1,1,ACCEPT,28.7394,2.4661,582,1,-1,0.9914,105.92,201.22,73.00,21.00,104.50,201.50,75.00,19.00,0.8733,1.45,1,0,3.2217,ACCEPT,0,1217,4001,14802,6,300,582,0,0,0,0
12,0,1,1,ACCEPT,29.0743,2.4977,552,0,2,0.9149,105.92,201.88,73.00,21.00,104.50,201.00,75.00,20.00,0.8854,1.67,1,0,3.3916,ACCEPT,0,1170,3907,14367,6,300,552,0,0,0,0
13,0,1,1,ACCEPT,29.8941,2.4089,542,0,-2,0.9317,105.92,201.22,73.00,21.00,104.50,201.00,75.00,20.00,0.9179,1.44,1,0,3.2866,ACCEPT,0,1112,3805,14194,6,300,542,0,0,0,0
14,0,1,1,ACCEPT,29.4421,2.6952,504,0,0,1.0000,105.92,201.22,73.00,21.00,104.00,201.00,76.00,20.00,0.9064,1.93,1,0,3.3984,ACCEPT,0,1069,3806,13426,6,300,504,0,0,0,0
15,0,1,1,ACCEPT,29.2128,2.5376,472,0,-1,0.9788,105.92,200.89,73.00,21.00,104.50,200.00,75.00,20.00,0.8841,1.68,1,0,3.4321,ACCEPT,0,1012,3715,13955,6,300,472,0,0,0,0
16,0,1,1,ACCEPT,30.1600,2.6455,500,0,-1,0.9740,105.92,200.56,73.00,21.00,104.50,199.50,75.00,19.00,0.8680,1.78,1,0,3.3644,ACCEPT,0,1060,3718,13568,6,300,500,0,0,0,0
17,0,1,1,ACCEPT,30.7408,2.6739,492,0,-1,0.9492,105.92,200.23,73.00,21.00,104.50,200.00,75.00,20.00,0.9179,1.44,1,0,3.3361,ACCEPT,0,1024,3638,13047,6,300,492,0,0,0,0
18,0,1,1,ACCEPT,30.5667,2.6971,472,0,1,0.9640,105.92,200.56,73.00,21.00,105.00,200.00,74.00,20.00,0.9240,1.08,1,0,3.4430,ACCEPT,0,986,3640,12588,6,300,472,0,0,0,0
19,0,1,1,ACCEPT,31.4914,2.4632,468,0,-3,0.8141,105.92,199.58,73.00,21.00,105.00,200.00,74.00,20.00,0.9296,1.01,1,0,3.3381,ACCEPT,0,928,3528,12778,6,300,468,0,0,0,0
20,0,1,1,ACCEPT,31.5453,2.7368,468,0,0,1.0000,105.92,199.58,73.00,21.00,104.50,200.00,75.00,20.00,0.9179,1.48,1,0,3.3558,ACCEPT,0,956,3590,12280,6,300,468,0,0,0,0
21,0,1,1,ACCEPT,32.2962,2.5714,468,0,0,1.0000,105.92,199.58,73.00,21.00,104.50,199.50,75.00,21.00,0.9553,1.42,1,0,3.3379,ACCEPT,0,933,3578,12275,6,300,468,0,0,0,0
22,0,1,1,ACCEPT,32.8067,2.4180,457,-1,1,0.9869,104.78,199.91,73.00,21.00,104.00,199.00,76.00,20.00,0.8815,1.20,1,0,3.2464,ACCEPT,0,888,3542,11826,6,300,457,0,0,0,0
23,0,1,1,ACCEPT,32.7892,2.7423,447,-1,0,0.9978,103.64,199.91,73.00,21.00,103.00,199.50,74.00,21.00,0.9457,0.76,1,0,3.0592,ACCEPT,0,839,3481,12190,6,300,447,0,0,0,0
24,0,1,1,ACCEPT,33.1629,2.8405,463,0,0,1.0000,103.64,199.91,73.00,21.00,102.00,198.50,76.00,21.00,0.8391,2.16,1,0,3.3448,ACCEPT,0,872,3507,11667,6,300,463,0,0,0,0
25,0,1,1,ACCEPT,33.4730,2.8176,448,-1,0,0.9888,102.50,199.91,73.00,21.00,102.50,198.50,75.00,21.00,0.8526,1.41,1,0,3.0530,ACCEPT,0,842,3441,11639,6,300,448,0,0,0,0
26,0,1,1,ACCEPT,33.1613,2.4918,456,-1,0,0.9868,101.36,199.91,73.00,21.00,101.50,198.00,75.00,22.00,0.8161,1.91,1,0,2.9165,ACCEPT,0,825,3421,11402,6,300,456,0,0,0,0
27,0,1,1,ACCEPT,33.3783,2.5380,467,1,-1,0.9593,102.50,199.58,73.00,21.00,101.50,198.00,75.00,22.00,0.8413,1.87,1,0,3.2286,ACCEPT,0,843,3459,12344,6,300,467,0,0,0,0
28,0,1,1,ACCEPT,32.9154,2.5026,478,-1,-1,0.8975,101.36,199.25,73.00,21.00,100.50,197.00,75.00,24.00,0.7970,2.41,1,0,3.2370,ACCEPT,0,876,3389,12636,6,300,478,0,0,0,0
29,0,1,1,ACCEPT,32.1031,2.5743,520,0,2,0.8808,101.36,199.91,73.00,21.00,100.00,197.00,76.00,24.00,0.7424,3.21,1,0,3.3662,ACCEPT,0,966,3484,13135,6,300,520,0,0,0,0
30,0,1,1,ACCEPT,31.8426,2.5782,544,-1,-1,0.9504,100.22,199.58,73.00,21.00,99.50,197.00,77.00,24.00,0.7548,2.68,1,0,3.1911,ACCEPT,0,987,3399,13346,6,300,544,0,0,0,0
31,0,1,1,ACCEPT,31.7089,2.5134,563,0,-1,0.9964,100.22,199.25,73.00,21.00,99.50,197.00,75.00,26.00,0.7862,2.36,1,0,3.1365,ACCEPT,0,1041,3393,13306,6,300,563,0,0,0,0
32,0,1,1,ACCEPT,29.4265,2.6038,552,0,4,0.6232,100.22,200.56,73.00,21.00,100.00,196.00,74.00,28.00,0.6771,4.57,1,0,3.2607,ACCEPT,0,1050,3517,13245,6,300,552,0,0,0,0
33,0,1,1,ACCEPT,28.9345,2.5359,601,0,0,1.0000,100.22,200.56,73.00,21.00,100.00,196.00,74.00,30.00,0.6871,4.57,1,0,3.2577,ACCEPT,0,1140,3456,12971,6,300,601,0,0,0,0
34,0,1,1,ACCEPT,29.1686,2.5907,614,0,1,0.9756,100.22,200.89,73.00,21.00,99.50,195.00,75.00,32.00,0.6195,5.93,1,0,3.2479,ACCEPT,0,1140,3427,12421,6,300,614,0,0,0,0
35,0,1,1,ACCEPT,27.8779,2.3920,598,0,3,0.7860,100.22,201.88,73.00,21.00,100.00,195.00,74.00,34.00,0.5920,6.88,1,0,3.3405,ACCEPT,0,1150,3466,12016,6,300,598,0,0,0,0
36,0,1,1,ACCEPT,28.0412,2.5556,644,0,2,0.8835,100.22,202.53,73.00,21.00,100.00,194.00,76.00,36.00,0.5185,8.53,1,0,3.2856,ACCEPT,0,1214,3414,10957,6,300,644,0,0,0,0
37,0,1,1,ACCEPT,28.7306,2.6356,651,0,1,0.9908,100.22,202.86,73.00,21.00,100.00,194.00,74.00,38.00,0.5309,8.86,1,0,3.2291,ACCEPT,0,1223,3354,10454,6,300,651,0,0,0,0
38,0,1,1,ACCEPT,28.9631,2.8283,659,0,3,0.7542,100.22,203.84,73.00,21.00,99.50,194.50,75.00,39.00,0.5111,9.37,1,0,3.2197,ACCEPT,0,1227,3404,10611,6,300,659,0,0,0,0
39,0,1,1,ACCEPT,28.7177,2.4388,678,0,1,0.9351,100.22,204.17,73.00,21.00,100.00,197.00,74.00,40.00,0.5179,7.18,1,0,3.1646,ACCEPT,0,1266,3306,11146,6,300,678,0,0,0,0
40,0,1,1,ACCEPT,29.7182,2.7126,708,0,3,0.8093,100.22,205.16,73.00,21.00,100.50,198.50,75.00,41.00,0.4985,6.66,1,0,3.2005,ACCEPT,0,1323,3288,11523,6,300,708,0,0,0,0
41,0,1,1,ACCEPT,30.1117,2.3491,747,1,2,0.8755,101.36,205.81,73.00,21.00,100.50,201.50,75.00,39.00,0.5241,4.40,1,0,3.2828,ACCEPT,0,1423,3186,11865,6,300,747,0,0,0,0
42,0,1,1,ACCEPT,30.1909,2.4841,780,0,1,0.9564,101.36,206.14,73.00,21.00,100.50,201.50,75.00,39.00,0.5241,4.72,1,0,3.2387,ACCEPT,0,1505,3166,12533,6,300,780,0,0,0,0
43,0,1,1,ACCEPT,31.2338,2.5366,832,0,2,0.8438,101.36,206.80,73.00,21.00,98.50,201.50,77.00,41.00,0.4771,6.02,1,0,3.2839,ACCEPT,0,1609,3183,12853,6,300,832,0,0,0,0
44,0,1,1,ACCEPT,29.6972,2.3799,852,0,2,0.9096,101.36,207.45,73.00,21.00,98.00,203.00,80.00,38.00,0.5043,5.58,1,0,3.2200,ACCEPT,0,1678,3084,12748,6,300,852,0,0,0,0
45,0,1,1,ACCEPT,29.6019,2.3838,851,0,4,0.5276,101.36,208.77,73.00,21.00,96.50,205.50,83.00,37.00,0.4992,5.85,1,0,3.2633,ACCEPT,0,1675,3225,12689,6,300,851,0,0,0,0
46,0,1,1,ACCEPT,30.1075,2.3744,945,0,-1,0.9640,101.36,208.44,73.00,21.00,96.50,206.00,83.00,36.00,0.5131,5.44,1,0,3.1642,ACCEPT,0,1804,3011,12675,6,300,945,0,0,0,0
47,0,1,1,ACCEPT,29.6418,2.5312,934,0,3,0.7248,101.36,209.42,73.00,21.00,95.50,207.00,85.00,34.00,0.5304,6.34,1,0,3.2534,ACCEPT,0,1730,3148,11588,6,300,934,0,0,0,0
48,0,1,1,ACCEPT,30.2292,2.6508,949,0,0,1.0000,101.36,209.42,73.00,21.00,96.00,206.50,84.00,33.00,0.5530,6.10,1,0,3.2503,ACCEPT,0,1736,3081,11317,6,300,949,0,0,0,0
49,0,1,1,ACCEPT,30.6633,2.7216,958,0,-1,0.9948,101.36,209.09,73.00,21.00,96.00,206.50,84.00,33.00,0.5530,5.95,1,0,3.2645,ACCEPT,0,1719,3034,10894,6,300,958,0,0,0,0
50,0,1,1,ACCEPT,30.5970,2.8242,932,0,0,1.0000,101.36,209.09,73.00,21.00,96.50,206.50,85.00,33.00,0.5465,5.51,1,0,3.2531,ACCEPT,0,1707,3085,10845,6,300,932,0,0,0,0
51,0,1,1,ACCEPT,31.1911,2.8277,919,0,0,1.0000,101.36,209.09,73.00,21.00,96.00,206.00,84.00,32.00,0.5703,6.19,1,0,3.2410,ACCEPT,0,1674,3032,11370,6,300,919,0,0,0,0
52,0,1,1,ACCEPT,32.8600,3.1466,966,0,-1,0.9679,101.36,208.77,73.00,21.00,96.00,206.00,84.00,32.00,0.5703,6.03,1,0,3.2359,ACCEPT,0,1774,3029,11696,6,300,966,0,0,0,0
53,0,1,1,ACCEPT,34.0242,3.0155,971,0,-1,0.9691,101.36,208.44,73.00,21.00,96.00,206.50,84.00,31.00,0.5887,5.70,1,0,3.2153,ACCEPT,0,1727,2998,12491,6,300,971,0,0,0,0
54,0,1,1,ACCEPT,33.9351,2.7368,988,0,2,0.9251,101.36,209.09,73.00,21.00,95.00,206.00,86.00,34.00,0.5243,7.07,1,0,3.2057,ACCEPT,0,1777,3091,12800,6,300,988,0,0,0,0
55,0,1,1,ACCEPT,34.3564,2.6535,1011,0,-1,0.9327,101.36,208.77,73.00,21.00,95.50,206.00,85.00,32.00,0.5636,6.48,1,0,3.1326,ACCEPT,0,1825,2989,13615,6,300,1011,0,0,0,0
56,0,1,1,ACCEPT,34.3587,2.8090,1000,-1,-2,0.9130,100.22,208.11,73.00,21.00,95.50,205.50,85.00,31.00,0.5818,5.39,1,0,3.1740,ACCEPT,0,1824,2968,13727,6,300,1000,0,0,0,0
57,0,1,1,ACCEPT,34.3193,3.1039,956,0,0,1.0000,100.22,208.11,73.00,21.00,95.00,205.50,86.00,33.00,0.5402,5.83,1,0,3.2176,ACCEPT,0,1827,3057,14115,6,300,956,0,0,0,0
58,0,1,1,ACCEPT,34.4606,3.2363,945,0,0,1.0000,100.22,208.11,73.00,21.00,96.00,205.00,84.00,32.00,0.5703,5.24,1,0,3.2302,ACCEPT,0,1811,3065,14015,6,300,945,0,0,0,0
59,0,1,1,ACCEPT,31.9884,3.0972,892,0,0,1.0000,100.22,208.11,73.00,21.00,95.50,205.00,85.00,32.00,0.5636,5.65,1,0,3.2294,ACCEPT,0,1882,3051,13999,6,300,892,0,0,0,0
60,0,1,1,ACCEPT,31.3780,2.6311,863,0,0,1.0000,100.22,208.11,73.00,21.00,95.50,204.50,85.00,31.00,0.5818,5.94,1,0,3.0921,ACCEPT,0,1859,3110,13477,6,300,863,0,0,0,0
61,0,1,1,ACCEPT,32.3582,2.7264,837,0,-1,0.9988,100.22,207.78,73.00,21.00,95.00,205.00,84.00,30.00,0.6083,5.91,1,0,3.0537,ACCEPT,0,1751,3102,12981,6,300,837,0,0,0,0
62,0,1,1,ACCEPT,33.4721,3.0000,822,0,-2,0.9088,100.22,207.12,73.00,21.00,95.00,205.00,86.00,30.00,0.5942,5.63,1,0,3.1643,ACCEPT,0,1579,3076,13665,6,300,822,0,0,0,0
63,0,1,1,ACCEPT,33.8070,2.5198,829,-1,0,0.9807,99.08,207.12,73.00,21.00,93.50,204.50,87.00,31.00,0.5684,6.16,1,0,3.1864,ACCEPT,0,1629,2981,12510,6,300,829,0,0,0,0
64,0,1,1,ACCEPT,34.3141,2.7527,779,-1,-1,0.9615,97.94,206.80,73.00,21.00,93.50,204.00,85.00,32.00,0.5636,5.25,1,0,2.8984,ACCEPT,0,1497,3013,12430,6,300,779,0,0,0,0
65,0,1,1,ACCEPT,32.1695,2.6690,774,-1,-3,0.7610,96.80,205.81,73.00,21.00,92.50,203.00,87.00,34.00,0.5183,5.14,1,0,2.8600,ACCEPT,0,1488,2963,12775,6,300,774,0,0,0,0
66,0,1,1,ACCEPT,30.3503,2.8796,789,0,-2,0.8238,96.80,205.16,73.00,21.00,92.50,203.00,85.00,34.00,0.5304,4.81,1,0,3.0141,ACCEPT,0,1573,2985,12666,6,300,789,0,0,0,0
67,0,1,1,ACCEPT,30.4517,2.7329,798,0,-1,0.9799,96.80,204.83,73.00,21.00,93.00,203.00,86.00,34.00,0.5243,4.21,1,0,3.0227,ACCEPT,0,1576,3068,13569,6,300,798,0,0,0,0
68,0,1,1,ACCEPT,26.3182,2.2232,787,0,-4,0.6328,96.80,203.52,73.00,21.00,93.50,202.50,83.00,35.00,0.5277,3.45,1,0,2.9250,ACCEPT,0,1495,3007,14737,6,300,787,0,0,0,0
69,0,1,1,ACCEPT,26.4843,2.3764,827,1,-3,0.6832,97.94,202.53,73.00,21.00,94.00,203.00,84.00,36.00,0.5069,3.97,1,0,2.7630,ACCEPT,0,1581,3074,15839,6,300,827,0,0,0,0
70,0,1,1,ACCEPT,27.4166,2.6347,851,1,-2,0.8637,99.08,201.88,70.19,20.19,94.50,203.00,83.00,38.00,0.4494,4.71,1,-1,2.9141,ACCEPT,0,1670,3100,16086,6,300,851,0,0,0,0
71,0,1,1,ACCEPT,24.3202,2.4413,769,1,-2,0.8934,100.17,201.25,70.19,20.19,95.50,203.00,83.00,38.00,0.4494,4.99,1,0,2.8856,ACCEPT,0,1615,3094,16018,6,300,769,0,0,0,0
72,0,1,1,ACCEPT,21.6823,2.1641,699,-1,-2,0.9185,99.08,200.62,70.19,20.19,94.50,203.00,85.00,42.00,0.3970,5.16,1,0,2.9223,ACCEPT,0,1677,3092,15107,6,300,699,0,0,0,0
73,0,1,1,ACCEPT,21.8998,2.0323,693,-1,-3,0.8615,97.98,199.69,67.49,19.42,94.50,203.00,83.00,42.00,0.3759,4.81,1,-1,2.8432,ACCEPT,0,1608,3020,13843,6,300,693,0,0,0,0
74,0,1,1,ACCEPT,20.5429,2.2195,637,-3,-5,0.5369,94.82,198.16,67.49,19.42,92.50,203.00,83.00,46.00,0.3432,5.36,1,0,2.3836,ACCEPT,0,1530,2764,12144,6,300,637,0,0,0,0
75,0,1,1,ACCEPT,19.6789,2.1364,564,-3,-3,0.7394,91.66,197.25,64.90,18.67,91.50,202.50,83.00,49.00,0.2979,5.25,1,-1,2.2314,ACCEPT,0,1392,2743,12136,6,300,564,0,0,0,0
76,0,1,1,ACCEPT,17.6113,2.0840,521,-1,-2,0.9040,90.64,196.67,62.40,17.95,90.00,202.00,84.00,52.00,0.2564,5.37,1,-1,2.5343,ACCEPT,0,1452,2696,12194,6,300,521,0,0,0,0
77,0,1,1,ACCEPT,14.6053,1.8636,451,-2,-7,0.3703,88.69,194.70,62.40,17.95,89.00,201.00,82.00,56.00,0.2439,6.30,1,0,2.5381,ACCEPT,0,1530,2473,12031,6,300,451,0,0,0,0
78,0,1,1,ACCEPT,12.2014,1.7887,381,-1,-5,0.6194,87.71,193.30,62.40,17.95,88.00,198.50,80.00,57.00,0.2456,5.21,1,0,2.4978,ACCEPT,0,1627,2637,11838,6,300,381,0,0,0,0
79,0,1,1,ACCEPT,13.5180,1.7759,412,-1,-1,0.9636,86.73,193.02,62.40,17.95,88.00,198.00,80.00,60.00,0.2334,5.14,1,0,2.7712,ACCEPT,0,1723,2841,11682,6,300,412,0,0,0,0
80,0,1,1,ACCEPT,12.7141,1.6163,417,0,-5,0.6882,86.73,191.61,62.40,17.95,88.00,197.00,78.00,60.00,0.2393,5.54,1,0,2.8047,ACCEPT,0,1876,2748,14905,6,300,417,0,0,0,0
81,0,1,1,ACCEPT,11.5167,1.3904,463,0,-6,0.7127,86.73,189.92,60.00,17.26,88.50,195.00,77.00,64.00,0.2102,5.38,1,-1,2.6824,ACCEPT,0,2213,2950,17475,6,300,463,0,0,0,0
82,0,1,1,ACCEPT,12.1789,1.4852,551,1,-3,0.8911,87.67,189.10,60.00,17.26,89.00,194.00,76.00,64.00,0.2129,5.08,1,0,2.7489,ACCEPT,0,2557,3090,15709,6,300,551,0,0,0,0
83,0,1,1,ACCEPT,11.8834,1.3140,498,1,-5,0.8253,88.61,187.73,57.69,16.60,89.00,192.50,74.00,65.00,0.1991,4.78,1,-1,2.3567,ACCEPT,0,2296,3404,15038,6,300,498,0,0,0,0
84,0,1,1,ACCEPT,10.9505,1.3222,476,1,-9,0.5252,89.51,185.41,60.00,17.26,91.00,193.00,70.00,64.00,0.2312,7.73,1,1,2.1919,ACCEPT,0,2262,3628,14492,6,300,476,0,0,0,0
85,0,1,1,ACCEPT,12.8560,1.3939,552,2,-2,0.8949,91.38,184.87,57.69,16.60,92.00,192.00,68.00,66.00,0.2133,7.16,1,-1,2.4284,ACCEPT,0,2346,3845,13317,6,300,552,0,0,0,0
86,0,1,1,ACCEPT,12.2399,1.5942,491,1,-8,0.4481,92.28,182.80,57.69,16.60,92.50,191.00,65.00,68.00,0.2166,8.20,1,-3,2.2769,MAX_STEP,0,2237,4093,12456,6,300,491,0,0,0,0
87,0,1,1,ACCEPT,11.2733,1.3987,428,1,-8,0.5280,93.18,180.74,55.47,15.96,94.50,190.50,63.00,71.00,0.1979,9.85,1,-1,2.0890,ACCEPT,0,2189,4283,11311,6,300,428,0,0,0,0
88,0,1,1,ACCEPT,11.2445,1.3714,384,1,-2,0.9792,94.05,180.24,55.47,15.96,95.50,190.00,63.00,70.00,0.2007,9.87,1,0,3.0337,ACCEPT,0,2077,4489,10078,6,300,384,0,0,0,0
89,0,1,1,ACCEPT,10.8778,1.5422,347,1,-3,0.8501,94.91,179.49,55.47,15.96,96.00,187.50,62.00,69.00,0.2069,8.08,1,0,2.9361,ACCEPT,0,1932,4464,9549,6,300,347,0,0,0,0
90,0,1,1,ACCEPT,11.0660,1.5514,332,0,-4,0.8072,94.91,178.49,53.34,15.34,96.00,186.50,60.00,67.00,0.2036,8.08,1,-1,2.7931,ACCEPT,0,1919,4398,9205,6,300,332,0,0,0,0
91,0,1,1,ACCEPT,10.5133,1.1909,287,1,-3,0.9582,95.75,177.77,55.47,15.96,96.50,186.00,61.00,66.00,0.2199,8.27,1,1,2.7680,ACCEPT,0,1773,4406,8519,6,300,287,0,0,0,0
92,0,1,1,ACCEPT,9.4246,1.1208,232,0,-1,0.9914,95.75,177.52,55.47,15.96,97.00,185.50,60.00,65.00,0.2270,8.08,1,0,2.9316,ACCEPT,0,1567,4260,8498,6,300,232,0,0,0,0
93,0,1,1,ACCEPT,9.5294,1.2162,225,1,1,0.9689,96.62,177.77,57.69,16.60,97.00,185.00,60.00,58.00,0.2751,7.24,1,1,2.5235,ACCEPT,0,1523,4145,8431,6,300,225,0,0,0,0
94,0,1,1,ACCEPT,10.1305,1.3444,242,-1,1,0.9711,95.72,178.02,57.69,16.60,97.00,183.50,60.00,55.00,0.2893,5.62,1,0,2.9228,ACCEPT,0,1564,3985,8895,6,300,242,0,0,0,0
95,0,1,1,ACCEPT,9.3986,1.4545,224,0,5,0.7054,95.72,179.31,57.69,16.60,97.00,181.50,60.00,47.00,0.3385,2.54,1,0,2.8778,ACCEPT,0,1499,3896,10072,6,300,224,0,0,0,0
96,0,1,1,ACCEPT,9.1161,1.6096,235,0,7,0.5191,95.72,181.12,60.00,17.26,97.00,184.50,60.00,45.00,0.3723,3.62,1,1,2.6560,ACCEPT,0,1567,3722,11812,6,300,235,0,0,0,0
97,0,1,1,ACCEPT,8.9596,1.5000,273,1,2,0.8718,96.66,181.66,60.00,17.26,97.00,185.50,60.00,47.00,0.3644,3.85,1,2,1.7736,LOW_CONF,0,1852,3621,12924,6,300,273,0,0,0,0
98,0,1,1,ACCEPT,8.8138,1.3333,212,0,3,0.6651,96.66,182.48,60.00,17.26,96.00,187.00,62.00,44.00,0.3796,4.56,1,5,2.1410,MAX_STEP,0,1178,3175,14530,6,300,212,0,0,0,0
99,0,1,1,ACCEPT,10.1487,1.4346,274,0,9,0.2409,96.66,184.95,60.00,17.26,96.00,188.00,62.00,40.00,0.4176,3.12,1,0,2.0752,ACCEPT,0,1595,3393,11096,6,300,274,0,0,0,0
100,0,1,1,ACCEPT,9.3414,1.3176,224,-1,-1,0.9866,95.72,184.67,60.00,17.26,96.50,187.00,61.00,40.00,0.4216,2.46,1,0,2.6190,ACCEPT,0,1500,3668,10320,6,300,224,0,0,0,0
101,0,1,1,ACCEPT,7.5200,1.1676,202,1,-2,0.9307,96.66,184.12,60.00,17.26,96.50,187.00,61.00,40.00,0.4244,2.88,1,0,1.1229,LOW_CONF,0,1548,3596,10497,6,300,202,0,0,0,0
102,0,1,1,ACCEPT,8.7839,1.4011,255,0,-2,0.9608,96.66,183.58,60.00,17.26,97.00,185.00,62.00,46.00,0.3631,1.46,1,0,1.8231,LOW_CONF,0,1653,3471,10047,6,300,255,0,0,0,0
103,0,1,1,ACCEPT,10.6032,1.6811,311,0,-5,0.6302,96.66,182.21,60.00,17.26,97.00,185.50,64.00,47.00,0.3443,3.31,1,-6,1.8967,MAX_STEP,0,1704,3364,9492,6,300,311,0,0,0,0
104,0,1,1,ACCEPT,11.3732,1.7113,332,-1,-7,0.3524,95.72,180.30,60.00,17.26,96.00,184.00,64.00,50.00,0.3236,3.71,1,-5,1.8176,MAX_STEP,0,1720,3132,9251,6,300,332,0,0,0,0
105,0,1,1,ACCEPT,12.1737,1.5625,350,-1,-8,0.2457,94.78,178.11,60.00,17.26,96.50,183.00,63.00,50.00,0.3272,5.18,1,-5,1.5901,MAX_STEP,0,1760,2892,9229,6,300,350,0,0,0,0
106,0,1,1,ACCEPT,14.2562,1.8303,399,1,-5,0.6566,95.72,176.74,60.00,17.26,97.50,180.00,65.00,48.00,0.3319,3.71,1,-1,1.8964,LOW_CONF,0,1777,2896,9006,6,300,399,0,0,0,0
107,0,1,1,ACCEPT,13.6230,1.9096,359,0,-8,0.2813,95.72,174.55,60.00,17.26,98.50,179.00,65.00,44.00,0.3598,5.24,1,-6,1.9640,MAX_STEP,0,1581,2614,9585,6,300,359,0,0,0,0
108,0,1,1,ACCEPT,12.7906,1.5721,349,2,-6,0.6332,97.59,172.91,60.00,17.26,100.00,179.50,64.00,43.00,0.3728,7.01,1,-7,1.9291,MAX_STEP,0,1553,2605,9415,6,300,349,0,0,0,0
109,0,1,1,ACCEPT,13.6523,1.6667,345,1,0,0.9942,98.53,172.91,60.00,17.26,100.50,179.00,63.00,38.00,0.4278,6.40,1,-7,1.9185,MAX_STEP,0,1418,2761,8462,6,300,345,0,0,0,0
110,0,1,1,ACCEPT,12.2546,1.5049,307,2,-1,0.8958,100.41,172.64,60.00,17.26,102.00,181.00,66.00,40.00,0.3923,8.51,1,-2,1.4670,LOW_CONF,0,1347,2806,8146,6,300,307,0,0,0,0
111,0,1,1,ACCEPT,13.2562,1.4866,333,3,1,0.6967,103.22,172.91,60.00,17.26,104.00,183.00,66.00,42.00,0.3736,10.12,1,-2,1.5779,LOW_CONF,0,1315,2785,8879,6,300,333,0,0,0,0
112,0,1,1,ACCEPT,12.7352,1.5000,348,0,3,0.8764,103.22,173.73,60.00,17.26,105.50,183.50,67.00,43.00,0.3595,10.03,1,0,3.3622,ACCEPT,0,1352,2662,9944,6,300,348,0,0,0,0
113,0,1,1,ACCEPT,10.5667,1.2923,336,1,6,0.6935,104.16,175.38,60.00,17.26,106.00,185.00,66.00,46.00,0.3411,9.80,1,0,2.3716,ACCEPT,0,1557,2850,10986,6,300,336,0,0,0,0
114,0,1,1,ACCEPT,8.8571,1.1917,317,1,4,0.6909,105.09,176.47,60.00,17.26,107.00,183.50,68.00,49.00,0.3108,7.29,1,0,2.2789,ACCEPT,0,1924,2853,10786,6,300,317,0,0,0,0
115,0,1,1,ACCEPT,8.9181,1.2278,388,1,1,0.9407,106.03,176.74,60.00,17.26,108.00,183.50,72.00,47.00,0.3060,7.04,1,0,2.3907,ACCEPT,0,2330,2938,9886,6,300,388,0,0,0,0
116,0,1,1,ACCEPT,7.4692,1.0927,271,4,4,0.7048,109.78,177.84,60.00,17.26,104.00,181.50,88.00,39.00,0.3018,6.84,1,0,1.9860,LOW_CONF,0,1712,3026,8598,6,300,271,0,0,0,0
117,0,1,1,ACCEPT,9.7636,1.7079,304,-8,3,0.3684,102.28,178.66,60.00,17.26,103.00,186.00,88.00,38.00,0.3097,7.38,1,0,2.6936,ACCEPT,0,1676,3087,7978,6,300,304,0,0,0,0
118,0,1,1,ACCEPT,9.3174,1.3407,303,-1,-2,0.8944,101.34,178.11,60.00,17.26,102.00,188.00,84.00,44.00,0.2802,9.91,1,0,2.5014,ACCEPT,0,1920,2606,8747,6,300,303,0,0,0,0
119,0,1,1,ACCEPT,6.6121,1.2906,151,-9,12,0.0132,92.91,181.39,60.00,17.26,97.50,187.00,69.00,54.00,0.2774,7.25,1,0,2.4440,ACCEPT,0,1428,2651,6609,6,300,151,0,0,0,0
120,0,1,0,NEGATIVE_PEAK,-5.1869,1.0167,-61,7,-20,0.3279,92.91,181.39,60.00,17.26,90.50,187.50,43.00,55.00,0.2792,6.57,0,0,0.0000,NOT_RUN,0,777,3194,0,6,300,61,0,0,0,0
121,0,1,0,NEGATIVE_PEAK,-7.5214,1.2078,-93,-4,15,0.1290,92.91,181.39,60.00,17.26,88.50,189.00,33.00,60.00,0.2329,8.79,0,0,0.0000,NOT_RUN,0,799,2949,0,6,300,93,0,0,0,0
122,0,1,1,ACCEPT,5.9911,1.0274,75,-18,-7,0.1600,76.03,179.48,60.00,17.26,80.50,189.50,21.00,63.00,0.1816,10.97,1,0,1.6016,LOW_CONF,0,911,2448,4108,6,300,75,0,0,0,0
123,0,1,0,NEGATIVE_PEAK,-4.7632,1.0435,-48,7,25,0.8750,76.03,179.48,60.00,17.26,75.50,189.50,39.00,59.00,0.2527,10.04,0,0,0.0000,NOT_RUN,0,649,3511,0,6,300,48,0,0,0,0
124,0,1,1,ACCEPT,5.6524,1.1957,55,3,-6,0.6727,78.84,177.84,60.00,17.26,70.50,189.00,49.00,56.00,0.2671,13.94,1,0,2.3368,ACCEPT,0,691,3090,3300,6,300,55,0,0,0,0
125,0,1,0,LOW_PSR,4.6633,1.0208,49,-3,-18,0.8163,78.84,177.84,60.00,17.26,67.00,181.50,66.00,49.00,0.2607,12.40,0,0,0.0000,NOT_RUN,0,622,2438,0,6,300,49,0,0,0,0
126,0,1,1,ACCEPT,7.9166,1.2989,113,5,23,0.0531,83.53,184.12,60.00,17.26,67.50,176.50,73.00,33.00,0.3385,17.75,1,0,2.3784,ACCEPT,0,559,2805,7674,6,300,113,0,0,0,0
127,0,1,1,ACCEPT,12.5723,1.4068,370,-3,1,0.8243,80.72,184.40,60.00,17.26,65.50,174.50,81.00,33.00,0.2937,18.15,1,0,2.2154,ACCEPT,0,1629,4562,5855,6,300,370,0,0,0,0
128,0,1,1,ACCEPT,11.2719,1.5698,270,4,9,0.1778,84.47,186.86,60.00,17.26,61.00,170.00,94.00,26.00,0.0792,28.90,1,0,2.2651,ACCEPT,0,1176,5514,4763,6,300,270,0,0,0,0
129,0,1,1,ACCEPT,12.4381,1.4769,288,-1,2,0.9132,83.53,187.41,57.69,16.60,60.00,166.50,96.00,37.00,0.0749,31.48,1,-1,2.2742,ACCEPT,0,1049,6400,4635,6,300,288,0,0,0,0
130,0,1,1,ACCEPT,11.0025,1.3622,252,0,-3,0.8849,83.53,186.63,57.69,16.60,59.00,162.00,94.00,48.00,0.0775,34.76,1,0,2.5124,ACCEPT,0,1088,6380,3775,6,300,252,0,0,0,0
131,0,1,1,ACCEPT,10.3901,1.7374,172,-1,-3,0.7733,82.63,185.86,57.69,16.60,61.50,155.50,83.00,65.00,0.0880,36.99,1,0,2.6795,ACCEPT,0,1131,5317,3215,6,300,172,0,0,0,0
132,0,1,1,ACCEPT,7.8711,1.1140,127,-8,-12,0.2992,75.45,182.77,57.69,16.60,62.00,146.50,76.00,93.00,0.1241,38.68,1,-1,1.9562,LOW_CONF,0,856,4344,3768,6,300,127,0,0,0,0
133,0,1,1,ACCEPT,11.5992,1.5137,221,-1,5,0.5475,74.55,184.05,57.69,16.60,65.00,146.00,70.00,98.00,0.1303,39.23,1,0,2.2142,ACCEPT,0,1007,4510,4160,6,300,221,0,0,0,0
134,0,1,1,ACCEPT,8.3153,1.1471,195,-1,-4,0.5897,73.65,183.02,60.00,17.26,73.50,134.50,51.00,115.00,0.1462,48.52,1,1,2.4077,ACCEPT,0,1244,5185,3414,6,300,195,0,0,0,0
135,0,1,1,ACCEPT,10.4067,1.7579,167,-2,-13,0.1497,71.77,179.47,60.00,17.26,75.50,132.00,53.00,106.00,0.1265,47.61,1,-3,2.3681,MAX_STEP,0,921,5512,2572,6,300,167,0,0,0,0
136,0,1,1,ACCEPT,10.8287,1.4083,169,1,3,0.6568,72.71,180.29,60.00,17.26,85.50,139.00,65.00,100.00,0.1285,43.22,1,-2,1.7465,LOW_CONF,0,751,4762,3300,6,300,169,0,0,0,0
137,0,1,1,ACCEPT,13.1806,1.8194,131,3,5,0.3359,75.52,181.66,62.40,17.95,102.00,149.00,78.00,92.00,0.1045,42.04,1,1,2.1374,ACCEPT,0,717,4407,2092,6,300,131,0,0,0,0
138,0,1,1,ACCEPT,6.6566,1.1429,40,13,-14,0.1500,88.22,177.72,62.40,17.95,114.00,163.00,96.00,74.00,0.1320,29.69,1,0,2.6701,ACCEPT,0,451,4007,1530,6,300,40,0,0,0,0
139,0,1,0,NEGATIVE_PEAK,-8.5269,1.1163,-48,-7,21,0.2708,88.22,177.72,62.40,17.95,116.00,165.50,106.00,69.00,0.1365,30.35,0,0,0.0000,NOT_RUN,0,297,1881,0,6,300,48,0,0,0,0
140,0,1,1,ACCEPT,6.7271,1.0364,57,3,14,0.4386,91.15,181.66,62.40,17.95,120.00,172.00,116.00,56.00,0.1658,30.42,1,1,1.5688,LOW_CONF,0,411,2433,3063,6,300,57,0,0,0,0
141,0,1,1,ACCEPT,9.1624,1.3951,113,8,21,0.0531,98.96,187.56,62.40,17.95,124.50,178.50,107.00,49.00,0.2003,27.10,1,0,2.4612,ACCEPT,0,552,3134,3262,6,300,113,0,0,0,0
142,0,1,1,ACCEPT,7.4179,1.1236,100,-14,-1,0.7400,85.29,187.28,62.40,17.95,126.00,181.50,104.00,45.00,0.1514,41.12,1,-14,1.5569,MAX_STEP,0,613,3290,3299,6,300,100,0,0,0,0
143,0,1,1,ACCEPT,6.7723,1.0732,88,5,17,0.5682,90.17,192.06,62.40,17.95,131.00,184.50,94.00,47.00,0.1378,41.52,1,12,1.7409,MAX_STEP,0,847,5006,2123,6,300,88,0,0,0,0
144,0,1,1,ACCEPT,7.2078,1.0921,83,4,-21,0.1446,94.08,186.16,62.40,17.95,132.00,182.50,92.00,65.00,0.1103,38.10,1,6,1.7800,MAX_STEP,0,629,4469,1750,6,300,83,0,0,0,0
145,0,1,1,ACCEPT,12.2369,1.5432,125,3,-9,0.0640,97.01,183.62,64.90,18.67,133.50,181.00,89.00,72.00,0.1100,36.59,1,1,2.6519,ACCEPT,0,738,3696,1919,6,300,125,0,0,0,0
146,0,1,1,ACCEPT,7.2490,1.1034,64,2,-14,0.2656,99.04,179.58,64.90,18.67,137.00,183.00,82.00,82.00,0.0911,38.11,1,-7,2.1271,MAX_STEP,0,605,3859,1185,6,300,64,0,0,0,0
147,0,1,0,NEGATIVE_PEAK,-4.3229,1.0526,-20,-33,-18,0.0500,99.04,179.58,64.90,18.67,132.00,193.50,66.00,109.00,0.0778,35.78,0,0,0.0000,NOT_RUN,0,404,3860,0,6,300,20,0,0,0,0
148,0,1,0,NEGATIVE_PEAK,-4.4937,1.0000,-20,-34,-19,0.0500,99.04,179.58,64.90,18.67,122.50,191.50,53.00,105.00,0.1084,26.32,0,0,0.0000,NOT_RUN,0,377,3935,0,6,300,20,0,0,0,0
149,0,1,0,NEGATIVE_PEAK,-5.2217,1.3333,-24,15,10,0.4167,99.04,179.58,64.90,18.67,111.00,196.00,56.00,106.00,0.1450,20.32,0,0,0.0000,NOT_RUN,0,327,3802,0,6,300,24,0,0,0,0
150,0,1,1,ACCEPT,9.2136,1.0862,63,11,3,0.1270,110.21,180.45,64.90,18.67,107.00,196.50,76.00,91.00,0.1752,16.37,1,-13,2.0973,MAX_STEP,0,384,4494,1543,6,300,63,0,0,0,0
151,0,1,1,ACCEPT,14.6219,1.2267,184,-6,6,0.1848,104.12,182.18,64.90,18.67,94.00,192.00,106.00,86.00,0.1329,14.10,1,0,2.2719,ACCEPT,0,634,4930,1614,6,300,184,0,0,0,0
152,0,1,1,ACCEPT,10.8763,1.2200,183,-7,3,0.4918,97.01,183.05,64.90,18.67,78.00,182.00,132.00,74.00,0.1240,19.04,1,-14,1.1839,MAX_STEP,0,1052,2771,2117,6,300,183,0,0,0,0
153,0,1,1,ACCEPT,5.5813,1.0175,116,-25,1,0.2500,71.62,183.34,64.90,18.67,69.00,182.00,134.00,78.00,0.1159,2.94,1,0,2.3144,ACCEPT,0,1495,2600,2287,6,300,116,0,0,0,0
154,0,1,1,ACCEPT,8.7009,1.0070,143,-4,-5,0.0420,67.55,181.89,64.90,18.67,66.50,184.00,131.00,82.00,0.1128,2.36,1,0,2.2755,ACCEPT,0,877,3255,1780,6,300,143,0,0,0,0
155,0,1,1,ACCEPT,13.4451,1.4321,116,7,-16,0.0259,74.66,177.27,64.90,18.67,60.00,185.50,118.00,91.00,0.1128,16.82,1,0,2.6720,ACCEPT,0,527,4060,1136,6,300,116,0,0,0,0
156,0,1,1,ACCEPT,9.1472,1.3056,47,2,-12,0.0638,76.70,173.80,64.90,18.67,62.50,176.50,93.00,121.00,0.1074,14.45,1,-14,1.7002,MAX_STEP,0,397,3110,1240,6,300,47,0,0,0,0
157,0,1,1,ACCEPT,8.1977,1.3478,31,-3,-11,0.2581,73.65,170.62,64.90,18.67,64.00,172.50,82.00,135.00,0.1074,9.83,1,-8,1.6229,MAX_STEP,0,313,2742,1075,6,300,31,0,0,0,0
158,0,1,0,NEGATIVE_PEAK,-9.0485,1.4091,-31,9,-5,0.0323,73.65,170.62,64.90,18.67,73.50,167.50,53.00,149.00,0.1219,3.12,0,0,0.0000,NOT_RUN,0,223,3490,0,6,300,31,0,0,0,0
159,0,1,0,NEGATIVE_PEAK,-9.4855,1.2222,-33,14,0,0.1818,73.65,170.62,64.90,18.67,87.50,166.50,33.00,149.00,0.1118,14.45,0,0,0.0000,NOT_RUN,0,228,3792,0,6,300,33,0,0,0,0
160,0,1,0,NEGATIVE_PEAK,-9.0293,1.5238,-32,12,2,0.1250,73.65,170.62,64.90,18.67,92.00,169.00,44.00,146.00,0.0968,18.42,0,0,0.0000,NOT_RUN,0,192,3567,0,6,300,32,0,0,0,0
161,0,1,0,NEGATIVE_PEAK,-5.7895,1.1111,-20,0,42,0.2000,73.65,170.62,64.90,18.67,111.50,171.00,87.00,132.00,0.0593,37.85,0,0,0.0000,NOT_RUN,0,177,3355,0,6,300,20,0,0,0,0
162,0,1,0,NEGATIVE_PEAK,-8.0193,1.4000,-28,1,31,0.0714,73.65,170.62,64.90,18.67,122.00,172.50,108.00,111.00,0.0570,48.39,0,0,0.0000,NOT_RUN,0,204,3046,0,6,300,28,0,0,0,0
163,0,1,0,NEGATIVE_PEAK,-6.8518,1.0400,-26,1,21,0.2692,73.65,170.62,64.90,18.67,124.00,174.00,108.00,98.00,0.0606,50.47,0,0,0.0000,NOT_RUN,0,212,2772,0,6,300,26,0,0,0,0
164,0,1,0,NEGATIVE_PEAK,-7.3655,1.0556,-38,4,0,0.7895,73.65,170.62,64.90,18.67,125.00,175.50,106.00,75.00,0.0747,51.58,0,0,0.0000,NOT_RUN,0,240,2579,0,6,300,38,0,0,0,0
165,0,1,0,NEGATIVE_PEAK,-9.0414,1.2059,-41,3,-9,0.1951,73.65,170.62,64.90,18.67,125.00,175.50,106.00,75.00,0.0747,51.58,0,0,0.0000,NOT_RUN,0,198,2183,0,6,300,41,0,0,0,0
166,0,1,0,NEGATIVE_PEAK,-9.4606,1.2222,-44,3,-9,0.2955,73.65,170.62,64.90,18.67,123.50,176.50,109.00,79.00,0.0759,50.20,0,0,0.0000,NOT_RUN,0,255,2193,0,6,300,44,0,0,0,0
167,0,1,0,NEGATIVE_PEAK,-7.7567,1.1667,-49,17,2,0.3469,73.65,170.62,64.90,18.67,118.00,178.00,108.00,84.00,0.0827,44.96,0,0,0.0000,NOT_RUN,0,331,2521,0,6,300,49,0,0,0,0
168,0,1,0,NEGATIVE_PEAK,-7.5316,1.2083,-58,10,0,0.1724,73.65,170.62,64.90,18.67,110.00,177.00,104.00,84.00,0.0992,36.91,0,0,0.0000,NOT_RUN,0,365,2453,0,6,300,58,0,0,0,0
169,0,1,0,NEGATIVE_PEAK,-7.4906,1.0182,-56,5,-3,0.6429,73.65,170.62,64.90,18.67,108.50,177.00,107.00,82.00,0.1056,35.43,0,0,0.0000,NOT_RUN,0,332,2347,0,6,300,56,0,0,0,0
170,0,1,0,NEGATIVE_PEAK,-6.4796,1.0357,-58,2,-5,0.5000,73.65,170.62,64.90,18.67,100.50,176.50,107.00,81.00,0.1257,27.49,0,0,0.0000,NOT_RUN,0,417,1857,0,6,300,58,0,0,0,0
171,0,1,1,ACCEPT,8.0886,1.0548,77,0,10,0.8831,73.65,173.51,64.90,18.67,97.50,175.00,107.00,86.00,0.1253,23.90,1,-6,1.5228,MAX_STEP,0,426,1923,3321,6,300,77,0,0,0,0
172,0,1,1,ACCEPT,10.1740,1.5088,172,-1,2,0.8488,72.63,174.09,64.90,18.67,96.00,172.50,108.00,85.00,0.1278,23.42,1,-7,1.6088,MAX_STEP,0,944,1795,3302,6,300,172,0,0,0,0
173,0,1,1,ACCEPT,11.7801,1.3681,223,-2,0,0.9238,70.60,174.09,64.90,18.67,92.50,166.00,115.00,82.00,0.1285,23.34,1,0,1.3737,LOW_CONF,0,1098,1919,3776,6,300,223,0,0,0,0
174,0,1,1,ACCEPT,12.2633,1.4064,263,1,-3,0.7681,71.62,173.22,64.90,18.67,90.50,159.50,119.00,79.00,0.1289,23.34,1,0,1.5094,LOW_CONF,0,1117,1912,3601,6,300,263,0,0,0,0
175,0,1,1,ACCEPT,14.8224,1.3455,331,1,-2,0.8761,72.63,172.64,64.90,18.67,93.00,157.50,122.00,77.00,0.1290,25.38,1,0,2.0055,ACCEPT,0,1249,1862,3580,6,300,331,0,0,0,0
176,0,1,1,ACCEPT,12.1817,1.3661,250,6,-11,0.0400,78.73,169.46,62.40,17.95,101.00,159.00,130.00,76.00,0.1134,24.61,1,-1,2.0176,ACCEPT,0,1065,1780,3314,6,300,250,0,0,0,0
177,0,1,1,ACCEPT,11.1904,1.2244,191,0,-4,0.4241,78.73,168.34,62.40,17.95,106.50,165.50,125.00,71.00,0.1262,27.92,1,1,1.8329,LOW_CONF,0,774,2752,2138,6,300,191,0,0,0,0
178,0,1,1,ACCEPT,7.8574,1.3718,107,7,-10,0.3832,85.56,165.52,62.40,17.95,105.00,168.00,126.00,68.00,0.1307,19.59,1,0,2.5657,ACCEPT,0,781,2863,2002,6,300,107,0,0,0,0
179,0,1,1,ACCEPT,9.9913,1.5234,163,-13,4,0.2515,72.87,166.65,62.40,17.95,102.50,159.00,129.00,82.00,0.1059,30.60,1,-3,1.6442,MAX_STEP,0,634,2954,2085,6,300,163,0,0,0,0
180,0,1,1,ACCEPT,7.3902,1.0800,162,9,-7,0.2963,81.66,164.68,62.40,17.95,99.00,146.50,126.00,73.00,0.1218,25.13,1,-11,1.7885,MAX_STEP,0,1137,2141,3691,6,300,162,0,0,0,0
181,0,1,1,ACCEPT,7.8522,1.1469,242,0,0,1.0000,81.66,164.68,62.40,17.95,96.50,143.00,121.00,64.00,0.1446,26.27,1,-12,2.0345,MAX_STEP,0,1586,3339,3231,6,300,242,0,0,0,0
182,0,1,1,ACCEPT,9.4552,1.1531,369,-1,27,0.2060,80.68,172.27,62.40,17.95,95.00,141.50,116.00,65.00,0.0836,33.94,1,0,2.2508,ACCEPT,0,1931,3246,3818,6,300,369,0,0,0,0
183,0,1,1,ACCEPT,14.0754,1.3819,503,-1,6,0.0457,79.70,173.96,62.40,17.95,96.50,141.50,117.00,63.00,0.0626,36.55,1,0,2.7193,ACCEPT,0,1869,2773,4335,6,300,503,0,0,0,0
184,0,1,1,ACCEPT,15.8679,1.4983,436,0,3,0.4977,79.70,174.80,62.40,17.95,97.00,143.50,118.00,61.00,0.0653,35.77,1,0,2.6518,ACCEPT,0,1519,2615,3744,6,300,436,0,0,0,0
185,0,1,1,ACCEPT,15.1470,1.3895,396,-1,3,0.6465,78.73,175.65,60.00,17.26,96.00,151.50,120.00,51.00,0.0913,29.69,1,-1,2.5137,ACCEPT,0,1288,2642,3696,6,300,396,0,0,0,0
186,0,1,1,ACCEPT,7.6935,1.2441,158,0,-7,0.4051,78.73,173.73,57.69,16.60,94.50,152.00,119.00,52.00,0.1129,26.85,1,-1,2.7159,ACCEPT,0,1225,2748,2516,6,300,158,0,0,0,0
187,0,1,0,NEGATIVE_PEAK,-7.3960,1.4426,-88,-16,6,0.5682,78.73,173.73,57.69,16.60,94.00,149.50,118.00,57.00,0.1042,28.65,0,0,0.0000,NOT_RUN,0,770,2368,0,6,300,88,0,0,0,0
188,0,1,1,ACCEPT,5.4246,1.0351,59,-19,4,0.0339,61.66,174.77,57.69,16.60,92.50,144.50,113.00,71.00,0.0895,43.21,1,4,1.3298,MAX_STEP,0,735,1688,3959,6,300,59,0,0,0,0
189,0,1,0,NEGATIVE_PEAK,-4.8131,1.0455,-69,5,-12,0.0145,61.66,174.77,57.69,16.60,92.00,142.50,104.00,81.00,0.0977,44.29,0,0,0.0000,NOT_RUN,0,685,1489,0,6,300,69,0,0,0,0
190,0,1,0,NEGATIVE_PEAK,-6.8312,1.1875,-95,6,-12,0.0632,61.66,174.77,57.69,16.60,94.00,139.50,106.00,81.00,0.0755,47.85,0,0,0.0000,NOT_RUN,0,749,1844,0,6,300,95,0,0,0,0
191,0,1,0,NEGATIVE_PEAK,-5.3671,1.1061,-73,-14,-1,0.1233,61.66,174.77,57.69,16.60,98.00,139.00,108.00,66.00,0.0329,50.99,0,0,0.0000,NOT_RUN,0,844,1382,0,6,300,73,0,0,0,0
192,0,1,1,ACCEPT,7.9470,1.6444,148,26,-2,0.0473,85.02,174.25,55.47,15.96,99.00,142.50,112.00,59.00,0.0443,34.69,1,-1,2.7803,ACCEPT,0,1491,1199,4763,6,300,148,0,0,0,0
193,0,1,1,ACCEPT,11.2647,1.1633,114,5,-3,0.4561,89.35,173.50,55.47,15.96,97.50,143.50,113.00,55.00,0.0447,31.09,1,3,1.7811,MAX_STEP,0,689,2056,2687,6,300,114,0,0,0,0
194,0,1,1,ACCEPT,9.9245,1.0360,144,3,-13,0.0764,91.95,170.25,55.47,15.96,95.00,139.00,114.00,58.00,0.0443,31.40,1,0,1.3264,LOW_CONF,0,641,2300,3499,6,300,144,0,0,0,0
195,0,1,1,ACCEPT,11.9363,1.1206,288,-2,5,0.1597,90.22,171.50,55.47,15.96,93.50,135.50,113.00,65.00,0.0311,36.15,1,3,1.7756,MAX_STEP,0,1363,1506,4848,6,300,288,0,0,0,0
196,0,1,1,ACCEPT,14.4652,1.1327,367,-3,1,0.9700,87.62,171.75,55.47,15.96,91.50,136.00,109.00,68.00,0.0435,35.96,1,0,2.2742,ACCEPT,0,1458,1785,4205,6,300,367,0,0,0,0
197,0,1,1,ACCEPT,11.3889,1.7108,142,-5,11,0.2606,83.28,174.50,53.34,15.34,88.00,139.00,104.00,68.00,0.0435,35.81,1,-1,2.6723,ACCEPT,0,1014,1910,2456,6,300,142,0,0,0,0
198,0,1,1,ACCEPT,5.3334,1.0769,28,2,11,0.5714,84.95,177.16,53.34,15.34,88.50,136.50,101.00,81.00,0.0466,40.82,1,0,2.6299,ACCEPT,0,479,2054,1441,6,300,28,0,0,0,0
199,0,1,1,ACCEPT,6.5505,1.2500,20,1,1,0.8500,85.79,177.41,57.69,16.60,88.00,137.50,100.00,85.00,0.0712,39.97,1,2,2.2031,ACCEPT,0,300,1858,1324,6,300,20,0,0,0,0
200,0,1,1,ACCEPT,6.4940,1.2941,22,2,7,0.3636,87.59,179.21,57.69,16.60,90.00,139.00,98.00,92.00,0.0887,40.28,1,1,1.8985,LOW_CONF,0,293,1444,2023,6,300,22,0,0,0,0
201,0,1,1,ACCEPT,9.9036,1.7250,69,-3,5,0.3478,84.89,180.50,62.40,17.95,90.50,142.50,99.00,87.00,0.1023,38.41,1,2,2.1492,ACCEPT,0,506,991,2937,6,300,69,0,0,0,0
202,0,1,1,ACCEPT,10.3953,1.2967,118,1,-10,0.2373,85.87,177.69,64.90,18.67,90.00,143.00,98.00,78.00,0.1111,34.93,1,1,2.2815,ACCEPT,0,665,1387,2544,6,300,118,0,0,0,0
203,0,1,1,ACCEPT,11.8236,1.6119,108,0,-5,0.5648,85.87,176.24,64.90,18.67,90.50,145.00,99.00,62.00,0.0873,31.58,1,0,2.5221,ACCEPT,0,662,1863,2512,6,300,108,0,0,0,0
204,0,1,1,ACCEPT,14.0884,1.6588,141,0,21,0.0284,85.87,182.31,62.40,17.95,92.00,141.00,100.00,68.00,0.0133,41.77,1,-1,2.3625,ACCEPT,0,474,1723,3353,6,300,141,0,0,0,0
205,0,1,1,ACCEPT,17.9812,2.0072,279,1,11,0.0538,86.84,185.41,62.40,17.95,92.50,137.00,99.00,70.00,0.0000,48.74,1,0,2.5877,ACCEPT,0,973,1649,3792,6,300,279,0,0,0,0
206,0,1,1,ACCEPT,19.4841,1.9097,296,1,12,0.0743,87.82,188.78,62.40,17.95,94.00,134.50,98.00,83.00,0.0000,54.63,1,0,2.5884,ACCEPT,0,821,1540,4255,6,300,296,0,0,0,0
207,0,1,1,ACCEPT,20.2380,1.8629,326,1,6,0.1472,88.80,190.47,60.00,17.26,91.50,129.00,105.00,86.00,0.0000,61.53,1,-1,2.4840,ACCEPT,0,876,1610,4498,6,300,326,0,0,0,0
208,0,1,1,ACCEPT,21.5452,2.0745,334,1,3,0.6048,89.73,191.29,60.00,17.26,90.00,126.50,106.00,83.00,0.0000,64.79,1,0,2.6053,ACCEPT,0,875,1486,5026,6,300,334,0,0,0,0
209,0,1,1,ACCEPT,22.1260,2.0566,327,1,4,0.4281,90.67,192.38,60.00,17.26,90.50,124.00,103.00,82.00,0.0000,68.38,1,0,2.6389,ACCEPT,0,859,1408,5837,6,300,327,0,0,0,0
210,0,1,1,ACCEPT,22.8811,2.1170,362,1,4,0.4751,91.61,193.48,60.00,17.26,96.50,122.00,91.00,74.00,0.0000,71.64,1,0,2.7015,ACCEPT,0,892,1455,6380,6,300,362,0,0,0,0
211,0,1,1,ACCEPT,23.5782,2.3907,361,1,2,0.8033,92.55,194.02,60.00,17.26,95.50,120.00,93.00,72.00,0.0000,74.08,1,0,2.6512,ACCEPT,0,844,1520,6339,6,300,361,0,0,0,0
212,0,1,1,ACCEPT,22.3294,2.5426,328,1,3,0.6616,93.48,194.84,60.00,17.26,95.50,115.50,93.00,59.00,0.0000,79.37,1,0,2.7245,ACCEPT,0,794,1390,6495,6,300,328,0,0,0,0
213,0,1,1,ACCEPT,22.6133,2.3835,317,2,6,0.1577,95.36,196.48,60.00,17.26,95.00,114.00,98.00,54.00,0.0000,82.49,1,0,2.7314,ACCEPT,0,746,1221,7218,6,300,317,0,0,0,0
214,0,1,1,ACCEPT,23.9457,2.5152,332,1,6,0.1657,96.30,198.12,60.00,17.26,93.50,115.00,99.00,52.00,0.0000,83.17,1,0,2.7221,ACCEPT,0,746,1170,7123,6,300,332,0,0,0,0
215,0,1,1,ACCEPT,21.8747,2.4696,284,2,9,0.0000,98.17,200.59,60.00,17.26,94.00,115.00,102.00,48.00,0.0000,85.69,1,0,2.8316,ACCEPT,0,726,1138,7202,6,300,284,0,0,0,0
216,0,1,1,ACCEPT,20.9822,2.5714,252,3,11,0.0595,100.98,203.59,60.00,17.26,92.50,118.00,109.00,48.00,0.0000,86.01,1,0,2.8273,ACCEPT,0,699,1159,7000,6,300,252,0,0,0,0
217,0,1,1,ACCEPT,20.3450,2.4124,234,1,9,0.0684,101.92,206.05,60.00,17.26,94.00,119.50,110.00,45.00,0.0000,86.92,1,0,2.8829,ACCEPT,0,703,1199,5854,6,300,234,0,0,0,0
218,0,1,1,ACCEPT,17.0363,1.9767,170,3,23,0.0059,104.73,212.34,60.00,17.26,94.50,123.50,113.00,45.00,0.0000,89.43,1,0,2.8972,ACCEPT,0,669,1191,5705,6,300,170,0,0,0,0
219,0,1,1,ACCEPT,16.2429,2.1690,154,2,26,0.0390,106.61,219.45,60.00,17.26,96.00,128.00,114.00,44.00,0.0000,92.07,1,0,2.9524,ACCEPT,0,658,1225,5486,6,300,154,0,0,0,0
220,0,1,1,ACCEPT,18.0214,1.8737,178,1,14,0.0562,107.55,223.28,60.00,17.26,96.50,131.00,115.00,44.00,0.0000,92.94,1,0,2.9835,ACCEPT,0,661,1206,5651,6,300,178,0,0,0,0
221,0,1,1,ACCEPT,17.1455,1.9518,162,2,27,0.0370,109.42,230.66,60.00,17.26,97.50,136.50,119.00,43.00,0.0000,94.92,1,0,2.9995,ACCEPT,0,644,1118,5860,6,300,162,0,0,0,0
222,0,1,1,ACCEPT,18.5591,2.1136,186,3,23,0.0269,112.23,236.95,60.00,17.26,100.00,142.00,118.00,44.00,0.0000,95.74,1,0,2.7815,ACCEPT,0,687,1086,6482,6,300,186,0,0,0,0
223,0,1,1,ACCEPT,20.9805,2.3956,218,0,13,0.0459,112.23,240.51,60.00,17.26,100.50,144.00,119.00,42.00,0.0000,97.22,1,0,2.9839,ACCEPT,0,717,1085,6167,6,300,218,0,0,0,0
224,0,1,1,ACCEPT,21.7764,2.7500,220,1,19,0.0909,113.17,245.70,60.00,17.26,102.00,148.50,120.00,41.00,0.0000,97.84,1,0,3.0351,ACCEPT,0,686,1028,6797,6,300,220,0,0,0,0
225,0,1,1,ACCEPT,22.4682,2.8764,256,1,17,0.1289,114.11,250.35,60.00,17.26,102.00,152.00,120.00,40.00,0.0000,99.09,1,0,3.0223,ACCEPT,0,786,1137,6708,6,300,256,0,0,0,0
226,0,1,1,ACCEPT,25.8342,2.7387,304,0,9,0.0296,114.11,252.81,60.00,17.26,101.50,153.00,121.00,40.00,0.0000,100.61,1,0,2.9199,ACCEPT,0,800,1216,6647,6,300,304,0,0,0,0
227,0,1,1,ACCEPT,28.2057,3.0374,325,0,7,0.1754,114.11,254.73,60.00,17.26,101.00,155.00,122.00,38.00,0.0000,100.58,1,0,2.8530,ACCEPT,0,739,1142,7485,6,300,325,0,0,0,0
228,0,1,1,ACCEPT,27.6194,2.6000,325,0,4,0.5138,114.11,255.82,60.00,17.26,100.00,155.00,122.00,38.00,0.0000,101.80,1,0,2.8533,ACCEPT,0,718,1177,7196,6,300,325,0,0,0,0
229,0,1,1,ACCEPT,28.6465,3.1667,323,0,3,0.7895,114.11,256.64,60.00,17.26,99.50,156.00,123.00,38.00,0.0000,101.70,1,0,2.8895,ACCEPT,0,667,1220,7059,6,300,323,0,0,0,0
230,0,1,1,ACCEPT,26.9977,2.9099,323,0,1,0.9598,114.11,256.91,60.00,17.26,98.50,156.00,123.00,38.00,0.0000,102.11,1,0,2.8533,ACCEPT,0,717,1180,6889,6,300,323,0,0,0,0
231,0,1,1,ACCEPT,26.8306,2.6667,328,0,2,0.8750,114.11,257.46,60.00,17.26,99.00,155.50,126.00,37.00,0.0000,103.07,1,0,2.8776,ACCEPT,0,748,1127,7221,6,300,328,0,0,0,0
232,0,1,1,ACCEPT,27.8864,2.6587,335,0,3,0.7224,114.11,258.28,60.00,17.26,97.50,155.50,123.00,37.00,0.0000,104.11,1,0,2.9142,ACCEPT,0,774,1146,6919,6,300,335,0,0,0,0
233,0,1,1,ACCEPT,27.3972,2.6777,324,0,0,1.0000,114.11,258.28,60.00,17.26,97.50,155.50,123.00,37.00,0.0000,104.11,1,0,2.9876,ACCEPT,0,729,1058,7018,6,300,324,0,0,0,0
234,0,1,1,ACCEPT,26.5894,2.7586,320,0,1,0.9812,114.11,258.55,60.00,17.26,98.00,155.50,124.00,39.00,0.0000,104.31,1,0,2.9885,ACCEPT,0,749,1100,7291,6,300,320,0,0,0,0
235,0,1,1,ACCEPT,24.3993,2.2313,299,0,-4,0.6789,114.11,257.46,60.00,17.26,97.00,154.50,124.00,39.00,0.0000,104.37,1,0,3.0399,ACCEPT,0,723,1129,6968,6,300,299,0,0,0,0
236,0,1,1,ACCEPT,26.5962,2.3769,309,0,2,0.8447,114.11,258.01,60.00,17.26,97.50,154.50,125.00,39.00,0.0000,104.83,1,0,2.9600,ACCEPT,0,757,1044,8574,6,300,309,0,0,0,0
237,0,1,1,ACCEPT,25.6782,2.2340,315,-1,-2,0.8952,113.17,257.46,60.00,17.26,97.00,154.00,126.00,40.00,0.0000,104.72,1,0,2.9065,ACCEPT,0,754,1111,8467,6,300,315,0,0,0,0
238,0,1,1,ACCEPT,27.6581,2.3382,318,1,1,0.9623,114.11,257.73,60.00,17.26,97.00,153.50,126.00,37.00,0.0000,105.63,1,0,2.9361,ACCEPT,0,739,1118,9710,6,300,318,0,0,0,0
239,0,1,1,ACCEPT,23.4392,1.8049,296,0,-3,0.8041,114.11,256.91,60.00,17.26,97.00,152.50,126.00,39.00,0.0000,105.81,1,0,3.0223,ACCEPT,0,739,1096,9736,6,300,296,0,0,0,0
240,0,1,1,ACCEPT,25.3112,1.9400,291,0,1,0.9553,114.11,257.19,60.00,17.26,98.00,151.00,126.00,38.00,0.0000,107.40,1,0,2.9490,ACCEPT,0,681,1128,10211,6,300,291,0,0,0,0
241,0,1,1,ACCEPT,29.2911,2.2585,332,1,1,0.9367,115.05,257.46,60.00,17.26,98.50,153.00,127.00,38.00,0.0000,105.76,1,0,3.0394,ACCEPT,0,713,1152,9795,6,300,332,0,0,0,0
242,0,1,1,ACCEPT,26.5191,2.4779,337,1,0,0.9763,115.98,257.46,60.00,17.26,98.50,151.00,127.00,40.00,0.0000,107.89,1,0,2.9011,ACCEPT,0,684,1069,8556,6,300,337,0,0,0,0
243,0,1,1,ACCEPT,24.0399,1.8529,315,1,1,0.9810,116.92,257.73,62.40,17.95,98.50,151.50,127.00,39.00,0.0000,107.82,1,1,2.6623,ACCEPT,0,689,1118,8527,6,300,315,0,0,0,0
244,0,1,1,ACCEPT,24.1049,1.9045,299,0,0,1.0000,116.92,257.73,62.40,17.95,98.50,151.00,127.00,40.00,0.0000,108.31,1,0,2.8945,ACCEPT,0,651,1125,8241,6,300,299,0,0,0,0
245,0,1,1,ACCEPT,25.0023,1.8302,291,0,3,0.8351,116.92,258.58,62.40,17.95,99.00,152.00,128.00,40.00,0.0000,108.07,1,0,3.0050,ACCEPT,0,610,1145,8544,6,300,291,0,0,0,0
246,0,1,1,ACCEPT,27.4833,2.6186,309,0,1,0.9417,116.92,258.86,62.40,17.95,99.50,151.50,127.00,41.00,0.0000,108.76,1,0,3.0274,ACCEPT,0,635,1049,8604,6,300,309,0,0,0,0
247,0,1,1,ACCEPT,27.8422,2.4836,303,0,2,0.8614,116.92,259.42,62.40,17.95,98.50,152.00,127.00,42.00,0.0000,108.99,1,0,2.9808,ACCEPT,0,621,1097,8725,6,300,303,0,0,0,0
248,0,1,1,ACCEPT,24.6498,2.2615,294,0,4,0.5204,116.92,260.55,62.40,17.95,99.00,152.50,126.00,41.00,0.0000,109.52,1,0,2.9117,ACCEPT,0,663,1125,8166,6,300,294,0,0,0,0
249,0,1,1,ACCEPT,22.1000,1.8313,304,1,0,0.9737,117.90,260.55,62.40,17.95,99.00,153.00,126.00,42.00,0.0000,109.19,1,0,2.4451,ACCEPT,0,716,1172,7744,6,300,304,0,0,0,0
250,0,1,1,ACCEPT,23.8004,1.9748,314,0,0,1.0000,117.90,260.55,62.40,17.95,98.50,153.00,127.00,40.00,0.0000,109.28,1,0,2.3880,ACCEPT,0,751,1052,8130,6,300,314,0,0,0,0
251,0,1,1,ACCEPT,23.6137,1.9625,314,0,1,0.9777,117.90,260.83,62.40,17.95,98.00,152.50,128.00,41.00,0.0000,110.14,1,0,2.1319,ACCEPT,0,843,1044,8142,6,300,314,0,0,0,0
252,0,1,1,ACCEPT,24.9492,2.3116,319,-1,2,0.7962,116.92,261.39,62.40,17.95,97.50,152.00,127.00,42.00,0.0000,111.10,1,0,2.4059,ACCEPT,0,870,1108,7227,6,300,319,0,0,0,0
253,0,1,1,ACCEPT,26.3718,2.2138,321,0,3,0.8006,116.92,262.23,64.90,18.67,97.50,152.00,127.00,42.00,0.0000,111.93,1,1,2.2610,ACCEPT,0,830,1029,7654,6,300,321,0,0,0,0
254,0,1,1,ACCEPT,25.5558,2.3139,317,0,-1,0.9905,116.92,261.95,64.90,18.67,97.00,152.50,128.00,43.00,0.0000,111.24,1,0,2.2857,ACCEPT,0,803,1077,7130,6,300,317,0,0,0,0
255,0,1,1,ACCEPT,26.6855,2.6207,304,-1,0,0.9967,115.91,261.95,64.90,18.67,96.50,153.50,127.00,41.00,0.0000,110.17,1,0,2.5061,ACCEPT,0,758,1093,6909,6,300,304,0,0,0,0
256,0,1,1,ACCEPT,27.4726,2.7589,309,0,1,0.9903,115.91,262.23,64.90,18.67,96.50,152.00,127.00,42.00,0.0000,111.93,1,0,2.5379,ACCEPT,0,756,1035,6855,6,300,309,0,0,0,0
257,0,1,1,ACCEPT,27.5065,2.7586,320,0,2,0.8438,115.91,262.81,64.90,18.67,96.00,152.50,128.00,43.00,0.0000,112.09,1,0,2.5510,ACCEPT,0,768,1082,6936,6,300,320,0,0,0,0
258,0,1,1,ACCEPT,25.8445,2.3333,322,0,1,0.9969,115.91,263.10,64.90,18.67,96.50,152.00,127.00,42.00,0.0000,112.78,1,0,2.6773,ACCEPT,0,798,1106,7431,6,300,322,0,0,0,0
259,0,1,1,ACCEPT,26.1968,2.3897,325,0,1,0.9323,115.91,263.39,64.90,18.67,96.50,152.00,127.00,42.00,0.0000,113.07,1,0,2.7108,ACCEPT,0,803,1113,8048,6,300,325,0,0,0,0
260,0,1,1,ACCEPT,24.6603,2.4783,342,0,4,0.5965,115.91,264.55,64.90,18.67,96.50,153.50,127.00,43.00,0.0000,112.73,1,0,2.7850,ACCEPT,0,826,1012,8865,6,300,342,0,0,0,0
261,0,1,1,ACCEPT,23.8597,2.4397,344,0,0,1.0000,115.91,264.55,64.90,18.67,96.50,154.00,127.00,42.00,0.0000,112.24,1,0,2.8178,ACCEPT,0,813,1121,8784,6,300,344,0,0,0,0
262,0,1,1,ACCEPT,24.5999,2.9821,334,0,2,0.8653,115.91,265.12,64.90,18.67,96.00,154.50,128.00,43.00,0.0000,112.40,1,0,2.8514,ACCEPT,0,826,1089,9169,6,300,334,0,0,0,0
263,0,1,1,ACCEPT,25.1559,2.6462,344,0,6,0.2791,115.91,266.86,64.90,18.67,96.50,155.50,127.00,41.00,0.0000,113.04,1,0,2.7501,ACCEPT,0,839,1050,9527,6,300,344,0,0,0,0
264,0,1,1,ACCEPT,24.2262,2.8374,349,-1,1,0.8854,114.89,267.15,64.90,18.67,95.50,156.00,127.00,44.00,0.0000,112.83,1,0,2.9056,ACCEPT,0,812,1167,8376,6,300,349,0,0,0,0
265,0,1,1,ACCEPT,25.5671,2.6129,324,0,3,0.7716,114.89,268.02,64.90,18.67,96.00,156.50,128.00,43.00,0.0000,113.10,1,0,2.8999,ACCEPT,0,715,1149,8954,6,300,324,0,0,0,0
266,0,1,1,ACCEPT,25.7925,2.7339,339,-1,1,0.8614,113.88,268.30,64.90,18.67,95.00,157.50,128.00,43.00,0.0000,112.40,1,0,2.9371,ACCEPT,0,765,1256,8104,6,300,339,0,0,0,0
267,0,1,1,ACCEPT,26.7903,2.4028,346,-1,3,0.5607,112.86,269.17,62.40,17.95,94.50,157.00,127.00,44.00,0.0000,113.66,1,-1,2.8088,ACCEPT,0,784,1185,9099,6,300,346,0,0,0,0
268,0,1,1,ACCEPT,27.9928,2.2609,364,-1,1,0.8819,111.88,269.45,62.40,17.95,94.00,157.00,128.00,44.00,0.0000,113.87,1,0,2.8376,ACCEPT,0,794,1189,9600,6,300,364,0,0,0,0
269,0,1,1,ACCEPT,28.8368,2.2500,369,-1,1,0.9079,110.91,269.73,62.40,17.95,93.50,158.00,127.00,42.00,0.0000,113.08,1,0,2.8069,ACCEPT,0,769,1195,9512,6,300,369,0,0,0,0
270,0,1,1,ACCEPT,28.8506,2.6058,357,0,-3,0.6975,110.91,268.89,62.40,17.95,93.00,157.50,128.00,43.00,0.0000,112.82,1,0,2.9552,ACCEPT,0,798,1117,10181,6,300,357,0,0,0,0
271,0,1,1,ACCEPT,30.0834,2.5333,380,0,0,1.0000,110.91,268.89,62.40,17.95,93.00,157.00,128.00,44.00,0.0000,113.31,1,0,2.9770,ACCEPT,0,803,1049,11991,6,300,380,0,0,0,0
272,0,1,1,ACCEPT,29.3309,2.3182,408,-1,-2,0.9216,109.93,268.33,60.00,17.26,92.50,156.00,127.00,42.00,0.0000,113.67,1,-1,2.7711,ACCEPT,0,905,1083,10735,6,300,408,0,0,0,0
273,0,1,1,ACCEPT,30.4773,2.2707,411,0,-1,0.9392,109.93,268.05,60.00,17.26,92.50,155.00,127.00,42.00,0.0000,114.39,1,0,2.8717,ACCEPT,0,877,989,13688,6,300,411,0,0,0,0
274,0,1,1,ACCEPT,29.5595,2.4000,444,0,-1,0.9820,109.93,267.78,60.00,17.26,92.00,155.00,126.00,42.00,0.0000,114.20,1,0,2.8914,ACCEPT,0,1000,1007,12920,6,300,444,0,0,0,0
275,0,1,1,ACCEPT,28.7307,2.4011,425,0,-1,0.9365,109.93,267.51,60.00,17.26,92.50,154.50,127.00,43.00,0.0000,114.34,1,0,2.8441,ACCEPT,0,997,986,13061,6,300,425,0,0,0,0
276,0,1,1,ACCEPT,29.0117,2.1684,425,-1,-2,0.8376,108.99,266.96,60.00,17.26,92.00,153.50,128.00,43.00,0.0000,114.73,1,0,2.8558,ACCEPT,0,983,990,11523,6,300,425,0,0,0,0
277,0,1,1,ACCEPT,30.8860,2.2732,441,0,2,0.8617,108.99,267.51,60.00,17.26,92.00,153.00,128.00,42.00,0.0000,115.76,1,0,2.9033,ACCEPT,0,967,998,10977,6,300,441,0,0,0,0
278,0,1,1,ACCEPT,29.1676,2.4181,428,0,-2,0.8061,108.99,266.96,60.00,17.26,92.00,153.00,128.00,42.00,0.0000,115.22,1,0,2.9306,ACCEPT,0,980,1029,10631,6,300,428,0,0,0,0
279,0,1,1,ACCEPT,29.7231,2.1809,434,1,1,0.9585,109.93,267.23,60.00,17.26,92.50,153.00,127.00,42.00,0.0000,115.56,1,0,2.7365,ACCEPT,0,919,1050,11495,6,300,434,0,0,0,0
280,0,1,1,ACCEPT,30.1706,2.3782,459,0,1,0.9325,109.93,267.51,60.00,17.26,93.50,153.00,127.00,42.00,0.0000,115.68,1,0,2.8277,ACCEPT,0,1025,986,11749,6,300,459,0,0,0,0
281,0,1,1,ACCEPT,28.8340,2.1232,431,1,-2,0.8051,110.87,266.96,60.00,17.26,93.50,151.50,127.00,41.00,0.0000,116.76,1,0,2.8952,ACCEPT,0,1021,1013,11319,6,300,431,0,0,0,0
282,0,1,1,ACCEPT,29.3743,2.3830,448,0,2,0.8415,110.87,267.51,60.00,17.26,94.00,151.50,126.00,41.00,0.0000,117.23,1,0,2.7970,ACCEPT,0,958,1010,11725,6,300,448,0,0,0,0
283,0,1,1,ACCEPT,29.5711,2.3469,460,0,0,1.0000,110.87,267.51,60.00,17.26,94.50,152.50,127.00,41.00,0.0000,116.17,1,0,2.7868,ACCEPT,0,965,1042,11967,6,300,460,0,0,0,0
284,0,1,1,ACCEPT,30.3734,2.2965,457,0,2,0.8578,110.87,268.05,60.00,17.26,94.50,152.50,127.00,43.00,0.0000,116.71,1,0,2.8072,ACCEPT,0,915,1059,13534,6,300,457,0,0,0,0
285,0,1,1,ACCEPT,29.4698,2.4171,510,-1,6,0.2745,109.93,269.70,60.00,17.26,93.50,153.00,129.00,42.00,0.0000,117.85,1,0,2.6608,ACCEPT,0,1062,926,13628,6,300,510,0,0,0,0
286,0,1,1,ACCEPT,30.6340,2.3467,528,0,2,0.8769,109.93,270.24,60.00,17.26,93.50,153.00,129.00,42.00,0.0000,118.39,1,0,2.7698,ACCEPT,0,1037,917,14585,6,300,528,0,0,0,0
287,0,1,1,ACCEPT,29.1871,2.1583,518,-1,6,0.3320,108.99,271.88,60.00,17.26,92.50,154.00,129.00,40.00,0.0000,119.03,1,0,2.7035,ACCEPT,0,1071,913,14855,6,300,518,0,0,0,0
288,0,1,1,ACCEPT,28.1026,2.4146,495,-1,3,0.7939,108.05,272.70,60.00,17.26,92.50,153.00,127.00,40.00,0.0000,120.71,1,0,2.6343,ACCEPT,0,999,991,14291,6,300,495,0,0,0,0
289,0,1,1,ACCEPT,30.1332,2.3366,479,0,1,0.9478,108.05,272.98,60.00,17.26,93.00,154.50,128.00,41.00,0.0000,119.43,1,0,2.7233,ACCEPT,0,969,1023,14872,6,300,479,0,0,0,0
290,0,1,1,ACCEPT,27.8531,2.2000,484,-1,5,0.4876,107.12,274.34,60.00,17.26,91.50,155.00,127.00,42.00,0.0000,120.36,1,0,2.4064,ACCEPT,0,1069,1037,14833,6,300,484,0,0,0,0
291,0,1,1,ACCEPT,28.2314,2.0726,485,0,5,0.4557,107.12,275.71,60.00,17.26,90.50,155.50,127.00,41.00,0.0000,121.35,1,0,2.5986,ACCEPT,0,1054,1065,14356,6,300,485,0,0,0,0
292,0,1,1,ACCEPT,28.2726,2.0957,438,0,0,1.0000,107.12,275.71,60.00,17.26,90.50,156.00,127.00,42.00,0.0000,120.86,1,0,2.7504,ACCEPT,0,1002,1085,12413,6,300,438,0,0,0,0
293,0,1,1,ACCEPT,28.9247,2.2054,408,-1,6,0.3211,106.18,277.35,60.00,17.26,90.00,157.00,126.00,42.00,0.0000,121.43,1,0,2.4678,ACCEPT,0,1022,1044,13224,6,300,408,0,0,0,0
294,0,1,1,ACCEPT,26.6765,2.5714,414,0,8,0.1860,106.18,279.54,60.00,17.26,89.50,158.00,127.00,42.00,0.0000,122.68,1,0,2.6513,ACCEPT,0,1112,1031,14056,6,300,414,0,0,0,0
295,0,1,1,ACCEPT,26.8875,2.2216,411,-1,0,0.9927,105.24,279.54,57.69,16.60,89.50,159.50,127.00,43.00,0.0000,121.07,1,-1,2.4094,ACCEPT,0,1052,1036,13256,6,300,411,0,0,0,0
296,0,1,1,ACCEPT,22.9485,2.5522,342,-1,4,0.6433,104.34,280.57,55.47,15.96,88.50,159.00,127.00,44.00,0.0000,122.60,1,-1,2.5032,ACCEPT,0,894,968,14862,6,300,342,0,0,0,0
297,0,1,1,ACCEPT,17.9941,1.9018,310,-1,5,0.4742,103.48,281.82,53.34,15.34,88.50,160.00,127.00,42.00,0.0000,122.74,1,-1,2.4484,ACCEPT,0,948,1011,15279,6,300,310,0,0,0,0
298,0,1,1,ACCEPT,17.1538,2.3588,309,1,1,0.9482,104.31,282.06,53.34,15.34,88.50,160.50,127.00,43.00,0.0000,122.59,1,0,2.6944,ACCEPT,0,920,966,13176,6,300,309,0,0,0,0
299,0,1,1,ACCEPT,15.0958,1.7949,280,1,4,0.5500,105.15,283.03,53.34,15.34,89.50,160.50,127.00,43.00,0.0000,123.53,1,0,2.6635,ACCEPT,0,967,996,11034,6,300,280,0,0,0,0
300,0,1,1,ACCEPT,14.5043,1.6159,244,1,3,0.7869,105.98,283.76,53.34,15.34,90.50,160.50,127.00,43.00,0.0000,124.23,1,0,2.6758,ACCEPT,0,901,1085,10110,6,300,244,0,0,0,0
0,0,0,0,ZERO_RESPONSE,0.0000,0.0000,0,0,0,0.0000,86.50,165.00,83.00,42.00,86.50,165.00,83.00,42.00,1.0000,0.00,1,0,0.0000,NOT_RUN,0,0,5718,12515,7,350,0,0,0,0,0
1,0,1,1,ACCEPT,18.8793,2.5187,403,1,-3,0.7916,87.80,163.03,83.00,42.00,91.00,165.00,80.00,46.00,0.8481,3.76,1,0,2.9542,ACCEPT,0,1490,5318,13549,7,350,403,0,0,0,0
2,0,1,1,ACCEPT,14.7900,2.0148,409,-1,-1,0.9584,86.50,162.38,83.00,42.00,92.50,163.00,77.00,54.00,0.6852,6.03,1,0,2.9315,ACCEPT,0,2206,5371,15227,7,350,409,0,0,0,0
3,0,1,1,ACCEPT,11.7355,1.4900,374,0,-1,0.9893,86.50,161.72,83.00,42.00,95.00,161.50,70.00,57.00,0.6182,8.50,1,0,3.0075,ACCEPT,0,2379,5210,16234,7,350,374,0,0,0,0
4,0,1,1,ACCEPT,11.8704,1.5872,373,-2,-4,0.7936,83.91,159.09,83.00,42.00,98.00,160.50,68.00,51.00,0.5895,14.16,1,0,2.6341,ACCEPT,0,2294,5172,15484,7,350,373,0,0,0,0
5,0,1,1,ACCEPT,11.7709,1.5279,301,0,-1,0.9867,83.91,158.44,83.00,42.00,99.50,163.00,65.00,40.00,0.5377,16.25,1,0,2.5470,ACCEPT,0,2037,4918,14912,7,350,301,0,0,0,0
6,0,1,1,ACCEPT,12.3368,1.8591,277,-1,1,0.9892,82.61,159.09,83.00,42.00,100.50,162.50,65.00,39.00,0.5283,18.21,1,0,2.6704,ACCEPT,0,1738,4865,15316,7,350,277,0,0,0,0
7,0,1,1,ACCEPT,12.1419,1.6605,269,0,-2,0.8996,82.61,157.78,83.00,42.00,100.50,163.00,63.00,26.00,0.3882,18.64,1,0,2.5879,ACCEPT,0,1637,4865,14063,7,350,269,0,0,0,0
8,0,1,1,ACCEPT,12.5750,1.6402,269,-1,-6,0.5911,81.31,153.84,83.00,42.00,99.50,160.50,63.00,25.00,0.3713,19.37,1,0,2.6799,ACCEPT,0,1528,4800,15878,7,350,269,0,0,0,0
9,0,1,1,ACCEPT,13.7733,1.8092,313,0,1,0.9936,81.31,154.50,83.00,42.00,99.00,163.00,62.00,30.00,0.3927,19.62,1,0,2.6780,ACCEPT,0,1785,4647,16155,7,350,313,0,0,0,0
10,0,1,1,ACCEPT,13.9712,2.3309,317,-1,-1,0.9779,80.02,153.84,83.00,42.00,97.50,166.50,61.00,37.00,0.3419,21.58,1,0,2.7984,ACCEPT,0,1642,4704,18682,7,350,317,0,0,0,0
11,0,1,1,ACCEPT,15.8047,2.1140,408,1,5,0.5809,81.31,157.12,83.00,42.00,97.00,169.00,60.00,48.00,0.4093,19.68,1,0,2.7134,ACCEPT,0,1879,4738,16625,7,350,408,0,0,0,0
12,0,1,1,ACCEPT,16.9708,2.0476,387,0,1,0.9767,81.31,157.78,83.00,42.00,97.50,170.50,59.00,49.00,0.3923,20.59,1,0,2.6196,ACCEPT,0,1638,4770,16494,7,350,387,0,0,0,0
13,0,1,1,ACCEPT,16.2183,2.2457,393,-1,2,0.8855,80.02,159.09,83.00,42.00,99.50,170.50,61.00,55.00,0.3981,22.58,1,0,2.6610,ACCEPT,0,1647,4751,17842,7,350,393,0,0,0,0
14,0,1,1,ACCEPT,13.5081,1.5801,365,0,4,0.7315,80.02,161.72,83.00,42.00,102.00,173.00,64.00,52.00,0.3699,24.71,1,0,2.5473,ACCEPT,0,1795,4712,18142,7,350,365,0,0,0,0
15,0,1,1,ACCEPT,13.5371,2.0428,382,0,1,0.9634,80.02,162.38,83.00,42.00,101.50,174.00,61.00,52.00,0.3669,24.43,1,0,2.3674,ACCEPT,0,1781,4681,19851,7,350,382,0,0,0,0
16,0,1,1,ACCEPT,14.0044,1.8991,433,1,4,0.6975,81.31,165.00,83.00,42.00,104.00,175.50,62.00,43.00,0.3497,25.00,1,0,2.2530,ACCEPT,0,1938,4650,19314,7,350,433,0,0,0,0
17,0,1,1,ACCEPT,12.9676,1.5201,415,0,1,0.9735,81.31,165.66,83.00,42.00,103.50,176.50,61.00,35.00,0.3247,24.70,1,0,2.1587,ACCEPT,0,1952,4617,18094,7,350,415,0,0,0,0
18,0,1,1,ACCEPT,13.4795,1.6022,431,-1,0,0.9930,80.02,165.66,83.00,42.00,104.00,176.50,60.00,31.00,0.2954,26.32,1,0,2.5247,ACCEPT,0,1987,4611,16465,7,350,431,0,0,0,0
19,0,1,1,ACCEPT,13.5326,1.5194,430,0,3,0.8930,80.02,167.62,83.00,42.00,104.00,181.00,60.00,42.00,0.2928,27.46,1,0,2.4730,ACCEPT,0,1984,4521,15168,7,350,430,0,0,0,0
20,0,1,1,ACCEPT,14.6237,1.6992,452,1,3,0.8739,81.31,169.59,83.00,42.00,103.50,186.50,59.00,47.00,0.2742,27.89,1,0,2.0833,ACCEPT,0,1986,4552,14095,7,350,452,0,0,0,0
21,0,1,1,ACCEPT,16.2166,2.0449,501,0,1,0.9521,81.31,170.25,83.00,42.00,104.50,188.00,61.00,48.00,0.2616,29.20,1,0,2.2035,ACCEPT,0,2080,4586,11995,7,350,501,0,0,0,0
22,0,1,1,ACCEPT,17.3765,2.2066,534,0,5,0.5300,81.31,173.53,83.00,42.00,105.50,189.00,63.00,50.00,0.2896,28.71,1,0,2.2994,ACCEPT,0,2205,4656,11174,7,350,534,0,0,0,0
23,0,1,1,ACCEPT,17.3130,1.8699,546,1,3,0.8022,82.61,175.50,83.00,42.00,106.50,188.50,63.00,51.00,0.3255,27.20,1,0,2.1800,ACCEPT,0,2335,4582,10880,7,350,546,0,0,0,0
24,0,1,1,ACCEPT,17.5818,1.8041,525,0,3,0.8057,82.61,177.47,83.00,42.00,107.00,189.00,62.00,52.00,0.3410,26.98,1,0,2.4303,ACCEPT,0,2205,4643,10493,7,350,525,0,0,0,0
25,0,1,1,ACCEPT,15.5101,1.8113,480,0,6,0.4813,82.61,181.41,83.00,42.00,108.50,192.00,61.00,52.00,0.3371,27.97,1,0,2.5469,ACCEPT,0,2209,4561,11025,7,350,480,0,0,0,0
26,0,1,1,ACCEPT,16.8374,1.9753,559,0,4,0.7156,82.61,184.03,83.00,42.00,108.50,196.00,61.00,50.00,0.3159,28.52,1,0,2.5517,ACCEPT,0,2376,4471,11403,7,350,559,0,0,0,0
27,0,1,1,ACCEPT,18.2512,2.5238,636,0,0,1.0000,82.61,184.03,83.00,42.00,108.00,196.00,62.00,52.00,0.3262,28.07,1,0,2.6230,ACCEPT,0,2491,4410,11832,7,350,636,0,0,0,0
28,0,1,1,ACCEPT,18.6094,2.5294,688,-1,2,0.8503,81.31,185.34,83.00,42.00,106.50,198.50,63.00,49.00,0.3077,28.42,1,0,2.4783,ACCEPT,0,2571,4427,12326,7,350,688,0,0,0,0
29,0,1,1,ACCEPT,16.9011,2.3733,693,-1,2,0.8326,80.02,186.66,83.00,42.00,105.50,199.00,65.00,38.00,0.2908,28.32,1,0,2.2740,ACCEPT,0,2739,4387,13238,7,350,693,0,0,0,0
30,0,1,1,ACCEPT,16.8586,2.4732,784,-1,0,0.9770,78.72,186.66,83.00,42.00,105.00,199.00,68.00,36.00,0.2839,29.04,1,0,2.4209,ACCEPT,0,2961,4299,13320,7,350,784,0,0,0,0
31,0,1,1,ACCEPT,15.6076,2.1933,783,-1,2,0.8876,77.42,187.97,79.81,40.38,103.50,198.50,71.00,31.00,0.2967,28.12,1,-1,2.4681,ACCEPT,0,3106,4181,12761,7,350,783,0,0,0,0
32,0,1,1,ACCEPT,15.1286,1.9973,741,0,2,0.8677,77.42,189.23,79.81,40.38,103.00,200.00,72.00,30.00,0.2959,27.75,1,0,2.5461,ACCEPT,0,2969,4099,11876,7,350,741,0,0,0,0
33,0,1,1,ACCEPT,16.3636,2.0176,801,0,2,0.8889,77.42,190.50,79.81,40.38,101.50,199.00,73.00,28.00,0.3427,25.53,1,0,2.5436,ACCEPT,0,2993,4055,11586,7,350,801,0,0,0,0
34,0,1,1,ACCEPT,15.9551,1.8485,854,0,1,0.9403,77.42,191.13,79.81,40.38,101.50,200.50,75.00,27.00,0.3283,25.84,1,0,2.7192,ACCEPT,0,3090,3971,11631,7,350,854,0,0,0,0
35,0,1,1,ACCEPT,14.6075,2.0000,856,1,4,0.6484,78.67,193.66,76.74,38.83,101.50,201.50,73.00,25.00,0.3528,24.14,1,-1,2.4885,ACCEPT,0,3288,3962,11531,7,350,856,0,0,0,0
36,0,1,1,ACCEPT,15.3770,2.0000,884,-1,1,0.9095,77.48,194.27,73.79,37.34,101.00,203.50,74.00,25.00,0.3158,25.27,1,-1,2.3718,ACCEPT,0,3420,3946,12180,7,350,884,0,0,0,0
37,0,1,1,ACCEPT,14.7072,2.0133,908,1,2,0.8491,78.63,195.45,70.95,35.90,101.00,204.50,74.00,25.00,0.3224,24.13,1,-1,2.7025,ACCEPT,0,3652,3940,12456,7,350,908,0,0,0,0
38,0,1,1,ACCEPT,14.0204,1.9007,842,-1,3,0.6912,77.52,197.13,68.22,34.52,101.50,204.00,73.00,26.00,0.3450,24.94,1,-1,2.6487,ACCEPT,0,3566,3955,13170,7,350,842,0,0,0,0
39,0,1,1,ACCEPT,14.2301,1.6710,899,-1,0,0.9933,76.46,197.13,65.60,33.19,101.00,205.00,74.00,24.00,0.3112,25.77,1,-1,2.5863,ACCEPT,0,3782,3842,14258,7,350,899,0,0,0,0
40,0,1,1,ACCEPT,12.6395,1.6142,862,0,2,0.8968,76.46,198.16,63.07,31.92,100.00,205.50,74.00,23.00,0.3223,24.66,1,-1,2.4416,ACCEPT,0,3857,3849,13005,7,350,862,0,0,0,0
41,0,1,1,ACCEPT,10.9959,1.6195,766,1,1,0.9687,77.45,198.66,60.65,30.69,100.50,203.00,73.00,20.00,0.3579,23.46,1,-1,2.3200,ACCEPT,0,3747,3763,12302,7,350,766,0,0,0,0
42,0,1,1,ACCEPT,10.7714,1.5787,832,0,-1,0.9651,77.45,198.19,58.31,29.51,100.00,204.00,74.00,18.00,0.3446,23.29,1,-1,2.6507,ACCEPT,0,4152,3659,9951,7,350,832,0,0,0,0
43,0,1,1,ACCEPT,10.2608,1.4979,728,0,2,0.8695,77.45,199.11,56.07,28.37,99.00,203.50,74.00,19.00,0.3806,22.00,1,-1,2.7999,ACCEPT,0,3628,3612,9668,7,350,728,0,0,0,0
44,0,1,1,ACCEPT,10.2358,1.5653,695,1,1,0.9468,78.32,199.55,56.07,28.37,100.00,204.50,72.00,21.00,0.3689,22.24,1,0,2.7246,ACCEPT,0,3493,3455,8903,7,350,695,0,0,0,0
45,0,1,1,ACCEPT,11.3846,1.5968,693,0,-1,0.9928,78.32,199.11,56.07,28.37,100.00,205.00,72.00,20.00,0.3435,22.47,1,0,2.5962,ACCEPT,0,3170,3440,8798,7,350,693,0,0,0,0
46,0,1,1,ACCEPT,11.8279,1.5878,678,0,3,0.8083,78.32,200.45,53.92,27.28,100.00,204.50,72.00,21.00,0.3850,22.06,1,-1,2.7012,ACCEPT,0,2956,3416,8634,7,350,678,0,0,0,0
47,0,1,1,ACCEPT,11.7459,1.7154,645,1,3,0.8450,79.16,201.73,53.92,27.28,100.50,204.00,73.00,20.00,0.4034,21.46,1,0,2.6890,ACCEPT,0,2799,3316,8709,7,350,645,0,0,0,0
48,0,1,1,ACCEPT,13.0774,1.7912,729,0,-2,0.9396,79.16,200.88,53.92,27.28,101.00,204.50,74.00,21.00,0.3999,22.13,1,0,2.6779,ACCEPT,0,2849,3266,9057,7,350,729,0,0,0,0
49,0,1,1,ACCEPT,13.4540,1.7471,753,1,1,0.9429,80.01,201.30,53.92,27.28,101.50,204.00,73.00,22.00,0.4272,21.66,1,0,2.7346,ACCEPT,0,2825,3237,9371,7,350,753,0,0,0,0
50,0,1,1,ACCEPT,14.2264,1.7289,797,0,2,0.8846,80.01,202.16,53.92,27.28,102.50,204.50,73.00,21.00,0.4013,22.61,1,0,2.7672,ACCEPT,0,2859,3223,8773,7,350,797,0,0,0,0
51,0,1,1,ACCEPT,15.1112,1.9828,805,1,0,0.9876,80.85,202.16,53.92,27.28,101.50,204.50,75.00,21.00,0.4327,20.78,1,0,2.8161,ACCEPT,0,2721,3105,8938,7,350,805,0,0,0,0
52,0,1,1,ACCEPT,15.6608,1.9592,817,0,0,1.0000,80.85,202.16,53.92,27.28,102.50,204.00,75.00,22.00,0.4322,21.73,1,0,2.8436,ACCEPT,0,2743,3143,8857,7,350,817,0,0,0,0
53,0,1,1,ACCEPT,16.3264,1.8269,855,0,0,1.0000,80.85,202.16,53.92,27.28,103.00,204.50,74.00,21.00,0.4089,22.27,1,0,2.8597,ACCEPT,0,2752,3105,9086,7,350,855,0,0,0,0
54,0,1,1,ACCEPT,17.3274,1.8668,911,0,0,1.0000,80.85,202.16,53.92,27.28,103.00,204.00,74.00,20.00,0.3954,22.22,1,0,2.8749,ACCEPT,0,2794,3083,9549,7,350,911,0,0,0,0
55,0,1,1,ACCEPT,18.3146,1.8636,997,0,-1,0.9659,80.85,201.73,53.92,27.28,103.00,203.50,74.00,21.00,0.4089,22.22,1,0,2.8836,ACCEPT,0,2963,3057,9385,7,350,997,0,0,0,0
56,0,1,1,ACCEPT,18.8544,2.0667,1023,1,-3,0.8416,81.70,200.45,53.92,27.28,103.00,204.00,74.00,20.00,0.4066,21.60,1,0,2.9527,ACCEPT,0,3011,2954,9152,7,350,1023,0,0,0,0
57,0,1,1,ACCEPT,20.1102,2.0586,984,0,1,0.9583,81.70,200.88,53.92,27.28,103.00,203.00,76.00,20.00,0.4122,21.41,1,0,2.9602,ACCEPT,0,2814,3060,8849,7,350,984,0,0,0,0
58,0,1,1,ACCEPT,20.1300,1.9842,1006,1,-3,0.8648,82.54,199.59,53.92,27.28,103.50,202.00,75.00,20.00,0.4141,21.10,1,0,2.9787,ACCEPT,0,2873,2893,8587,7,350,1006,0,0,0,0
59,0,1,1,ACCEPT,21.2149,2.1325,966,0,-2,0.9348,82.54,198.73,53.92,27.28,104.00,202.50,74.00,19.00,0.3902,21.79,1,0,3.0051,ACCEPT,0,2662,2995,8842,7,350,966,0,0,0,0
60,0,1,1,ACCEPT,22.2368,2.1528,986,0,0,1.0000,82.54,198.73,53.92,27.28,104.50,202.00,75.00,20.00,0.4007,22.20,1,0,3.0177,ACCEPT,0,2615,3024,8897,7,350,986,0,0,0,0
61,0,1,1,ACCEPT,23.2000,2.2013,1006,1,-1,0.9851,83.38,198.30,53.92,27.28,104.50,201.50,75.00,19.00,0.3973,21.36,1,0,2.9881,ACCEPT,0,2599,2945,9143,7,350,1006,0,0,0,0
62,0,1,1,ACCEPT,24.4443,2.4048,1010,1,1,0.9485,84.23,198.73,53.92,27.28,104.50,201.00,75.00,20.00,0.4234,20.40,1,0,2.8663,ACCEPT,0,2515,2929,9044,7,350,1010,0,0,0,0
63,0,1,1,ACCEPT,24.8221,2.0769,999,-1,-1,0.9339,83.38,198.30,53.92,27.28,104.50,201.00,75.00,20.00,0.4120,21.29,1,0,3.0602,ACCEPT,0,2446,2933,8908,7,350,999,0,0,0,0
64,0,1,1,ACCEPT,25.2962,2.3236,955,1,0,0.9969,84.23,198.30,53.92,27.28,104.00,201.00,76.00,20.00,0.4330,19.96,1,0,2.8583,ACCEPT,0,2335,2927,8941,7,350,955,0,0,0,0
65,0,1,1,ACCEPT,25.8868,2.2913,944,-1,-1,0.9587,83.38,197.87,53.92,27.28,104.50,200.00,75.00,20.00,0.4120,21.22,1,0,3.0685,ACCEPT,0,2269,2979,9296,7,350,944,0,0,0,0
66,0,1,1,ACCEPT,26.6344,2.2321,1000,0,-1,0.9820,83.38,197.44,53.92,27.28,104.50,199.50,75.00,19.00,0.3973,21.22,1,0,3.0721,ACCEPT,0,2347,2933,9565,7,350,1000,0,0,0,0
67,0,1,1,ACCEPT,27.2939,2.2677,991,0,1,0.9556,83.38,197.87,53.92,27.28,104.50,200.00,75.00,20.00,0.4120,21.22,1,0,3.0857,ACCEPT,0,2310,2974,9380,7,350,991,0,0,0,0
68,0,1,1,ACCEPT,27.5272,2.3510,978,0,-2,0.9305,83.38,197.01,53.92,27.28,105.00,200.00,74.00,20.00,0.4025,21.82,1,0,3.0688,ACCEPT,0,2260,2897,9648,7,350,978,0,0,0,0
69,0,1,1,ACCEPT,28.8276,2.3985,981,0,0,1.0000,83.38,197.01,53.92,27.28,105.00,200.00,74.00,20.00,0.4025,21.82,1,0,3.0976,ACCEPT,0,2212,2936,9674,7,350,981,0,0,0,0
70,0,1,1,ACCEPT,29.1278,2.3614,980,0,0,1.0000,83.38,197.01,53.92,27.28,104.50,200.00,75.00,20.00,0.4120,21.33,1,0,3.1407,ACCEPT,0,2184,2962,9692,7,350,980,0,0,0,0
71,0,1,1,ACCEPT,30.1182,2.4912,989,0,0,1.0000,83.38,197.01,53.92,27.28,104.50,199.50,75.00,21.00,0.4261,21.26,1,0,3.1286,ACCEPT,0,2125,2957,9696,7,350,989,0,0,0,0
72,0,1,1,ACCEPT,30.9758,2.8000,966,0,0,1.0000,83.38,197.01,53.92,27.28,104.00,199.00,76.00,20.00,0.4215,20.71,1,0,3.0820,ACCEPT,0,2043,2921,10045,7,350,966,0,0,0,0
73,0,1,1,ACCEPT,31.4365,2.7880,973,-1,0,0.9692,82.54,197.01,53.92,27.28,103.00,199.50,74.00,21.00,0.4326,20.61,1,0,3.1382,ACCEPT,0,2042,2966,10340,7,350,973,0,0,0,0
74,0,1,1,ACCEPT,32.2315,2.7899,996,-2,0,0.9006,80.85,197.01,53.92,27.28,102.00,198.50,76.00,21.00,0.4285,21.20,1,0,3.1032,ACCEPT,0,2068,3036,10137,7,350,996,0,0,0,0
75,0,1,1,ACCEPT,32.8368,2.9667,979,0,0,1.0000,80.85,197.01,53.92,27.28,102.50,198.50,75.00,21.00,0.4187,21.70,1,0,3.1621,ACCEPT,0,1984,2893,11135,7,350,979,0,0,0,0
76,0,1,1,ACCEPT,33.3446,2.9271,1004,-1,0,0.9671,80.01,197.01,53.92,27.28,101.50,198.00,75.00,22.00,0.4345,21.52,1,0,3.1724,ACCEPT,0,2045,2859,10873,7,350,1004,0,0,0,0
77,0,1,1,ACCEPT,33.7379,2.7041,987,-1,-1,0.9615,79.16,196.58,53.92,27.28,101.50,198.00,75.00,22.00,0.4223,22.38,1,0,3.1676,ACCEPT,0,1951,2859,11850,7,350,987,0,0,0,0
78,0,1,1,ACCEPT,33.5715,2.8607,1047,0,-1,0.9733,79.16,196.15,53.92,27.28,100.50,197.00,75.00,24.00,0.4628,21.35,1,0,3.1537,ACCEPT,0,2093,2868,12262,7,350,1047,0,0,0,0
79,0,1,1,ACCEPT,32.5135,2.5640,1041,0,2,0.9366,79.16,197.01,53.92,27.28,100.00,197.00,76.00,24.00,0.4736,20.84,1,0,3.1665,ACCEPT,0,2057,2925,12659,7,350,1041,0,0,0,0
80,0,1,1,ACCEPT,32.5751,2.8051,1108,-1,-1,0.9612,78.32,196.58,53.92,27.28,99.50,197.00,77.00,24.00,0.4710,21.18,1,0,3.1839,ACCEPT,0,2144,2889,13302,7,350,1108,0,0,0,0
81,0,1,1,ACCEPT,32.4218,2.6442,1137,0,0,1.0000,78.32,196.58,53.92,27.28,99.50,197.00,75.00,26.00,0.4901,21.18,1,0,3.1860,ACCEPT,0,2192,2792,13911,7,350,1137,0,0,0,0
82,0,1,1,ACCEPT,30.7646,2.7610,1132,0,1,0.9708,78.32,197.01,53.92,27.28,100.00,196.00,74.00,28.00,0.4659,21.70,1,0,3.1751,ACCEPT,0,2191,2846,13947,7,350,1132,0,0,0,0
83,0,1,1,ACCEPT,29.5018,2.6803,1115,0,2,0.8556,78.32,197.87,53.92,27.28,100.00,196.00,74.00,30.00,0.4423,21.76,1,0,3.2174,ACCEPT,0,2164,2922,14183,7,350,1115,0,0,0,0
84,0,1,1,ACCEPT,29.8163,2.6484,1160,0,1,0.9767,78.32,198.30,53.92,27.28,99.50,195.00,75.00,32.00,0.4175,21.43,1,0,3.2244,ACCEPT,0,2183,2843,14841,7,350,1160,0,0,0,0
85,0,1,1,ACCEPT,28.7493,2.5538,1139,0,2,0.8464,78.32,199.16,53.92,27.28,100.00,195.00,74.00,34.00,0.3905,22.07,1,0,3.2212,ACCEPT,0,2164,2903,14479,7,350,1139,0,0,0,0
86,0,1,1,ACCEPT,29.1213,2.7119,1120,0,2,0.8902,78.32,200.02,53.92,27.28,100.00,194.00,76.00,36.00,0.3580,22.50,1,0,3.2169,ACCEPT,0,2105,2853,15228,7,350,1120,0,0,0,0
87,0,1,1,ACCEPT,30.0235,2.8034,1169,0,1,0.9718,78.32,200.45,53.92,27.28,100.00,194.00,74.00,38.00,0.3488,22.62,1,0,3.2283,ACCEPT,0,2181,2788,15464,7,350,1169,0,0,0,0
88,0,1,1,ACCEPT,30.4229,2.8220,1157,0,3,0.7718,78.32,201.73,53.92,27.28,99.50,194.50,75.00,39.00,0.3424,22.38,1,0,3.1754,ACCEPT,0,2186,2828,15895,7,350,1157,0,0,0,0
89,0,1,1,ACCEPT,31.4654,2.6932,1220,0,0,1.0000,78.32,201.73,53.92,27.28,100.00,197.00,74.00,40.00,0.3519,22.19,1,0,3.2226,ACCEPT,0,2266,2600,15855,7,350,1220,0,0,0,0
90,0,1,1,ACCEPT,31.0937,2.7716,1153,0,0,1.0000,78.32,201.73,53.92,27.28,100.50,198.50,75.00,41.00,0.3400,22.41,1,0,3.2108,ACCEPT,0,2176,2549,16271,7,350,1153,0,0,0,0
91,0,1,1,ACCEPT,29.4630,2.5586,1136,1,2,0.8407,79.16,202.59,53.92,27.28,100.50,201.50,75.00,39.00,0.3654,21.36,1,0,3.2282,ACCEPT,0,2244,2415,17068,7,350,1136,0,0,0,0
92,0,1,1,ACCEPT,27.3787,2.5043,1177,0,2,0.9261,79.16,203.45,53.92,27.28,100.50,201.50,75.00,39.00,0.3654,21.43,1,0,3.2478,ACCEPT,0,2398,2373,18041,7,350,1177,0,0,0,0
93,0,1,1,ACCEPT,28.0233,2.6146,1255,0,3,0.8112,79.16,204.74,53.92,27.28,98.50,201.50,77.00,41.00,0.3734,19.61,1,0,3.0688,ACCEPT,0,2551,2388,19126,7,350,1255,0,0,0,0
94,0,1,1,ACCEPT,26.3959,2.5000,1345,-1,0,0.9985,78.32,204.74,53.92,27.28,98.00,203.00,80.00,38.00,0.4004,19.76,1,0,3.1230,ACCEPT,0,2852,2293,19688,7,350,1345,0,0,0,0
95,0,1,1,ACCEPT,24.6397,2.4659,1339,1,2,0.8701,79.16,205.60,53.92,27.28,96.50,205.50,83.00,37.00,0.4432,17.34,1,0,3.2257,ACCEPT,0,3024,2200,20769,7,350,1339,0,0,0,0
96,0,1,1,ACCEPT,25.0635,2.4475,1422,-1,0,0.9923,78.32,205.60,53.92,27.28,96.50,206.00,83.00,36.00,0.4443,18.18,1,0,3.2010,ACCEPT,0,3177,2341,20278,7,350,1422,0,0,0,0
97,0,1,1,ACCEPT,24.7592,2.8373,1430,1,1,0.9476,79.16,206.03,53.92,27.28,95.50,207.00,85.00,34.00,0.4978,16.36,1,0,3.2840,ACCEPT,0,3167,2352,20517,7,350,1430,0,0,0,0
98,0,1,1,ACCEPT,25.4355,2.7375,1418,0,1,0.9718,79.16,206.46,53.92,27.28,96.00,206.50,84.00,33.00,0.5041,16.84,1,0,3.2601,ACCEPT,0,2995,2431,19616,7,350,1418,0,0,0,0
99,0,1,1,ACCEPT,26.3381,2.7938,1436,0,0,1.0000,79.16,206.46,53.92,27.28,96.00,206.50,84.00,33.00,0.5041,16.84,1,0,3.1992,ACCEPT,0,3025,2452,19725,7,350,1436,0,0,0,0
100,0,1,1,ACCEPT,26.7274,2.8851,1431,0,1,0.9853,79.16,206.89,53.92,27.28,96.50,206.50,85.00,33.00,0.4983,17.34,1,0,3.1041,ACCEPT,0,3041,2417,19218,7,350,1431,0,0,0,0
101,0,1,1,ACCEPT,27.7602,2.9578,1473,0,-2,0.8859,79.16,206.03,53.92,27.28,96.00,206.00,84.00,32.00,0.5196,16.84,1,0,3.2880,ACCEPT,0,3005,2508,20192,7,350,1473,0,0,0,0
102,0,1,1,ACCEPT,28.8949,2.9723,1504,0,0,1.0000,79.16,206.03,53.92,27.28,96.00,206.00,84.00,32.00,0.5196,16.84,1,0,3.2748,ACCEPT,0,3132,2471,18940,7,350,1504,0,0,0,0
103,0,1,1,ACCEPT,29.6713,2.9516,1464,0,0,1.0000,79.16,206.03,53.92,27.28,96.00,206.50,84.00,31.00,0.5360,16.84,1,0,3.2577,ACCEPT,0,2995,2497,18106,7,350,1464,0,0,0,0
104,0,1,1,ACCEPT,29.5697,2.4886,1416,0,0,1.0000,79.16,206.03,53.92,27.28,95.00,206.00,86.00,34.00,0.5031,15.84,1,0,3.2097,ACCEPT,0,2786,2569,17066,7,350,1416,0,0,0,0
105,0,1,1,ACCEPT,29.9616,2.4565,1356,-1,0,0.9934,78.32,206.03,53.92,27.28,95.50,206.00,85.00,32.00,0.5159,17.18,1,0,3.1317,ACCEPT,0,2616,2528,16872,7,350,1356,0,0,0,0
106,0,1,1,ACCEPT,29.8835,2.8230,1324,0,-1,0.9940,78.32,205.60,53.92,27.28,95.50,205.50,85.00,31.00,0.5323,17.18,1,0,3.2260,ACCEPT,0,2637,2456,16460,7,350,1324,0,0,0,0
107,0,1,1,ACCEPT,30.0023,2.9327,1264,0,-1,0.9399,78.32,205.17,53.92,27.28,95.00,205.50,86.00,33.00,0.5091,16.68,1,0,3.2399,ACCEPT,0,2492,2503,15614,7,350,1264,0,0,0,0
108,0,1,1,ACCEPT,30.9970,2.9698,1182,0,1,0.9772,78.32,205.60,53.92,27.28,96.00,205.00,84.00,32.00,0.5069,17.69,1,0,3.1622,ACCEPT,0,2378,2393,15152,7,350,1182,0,0,0,0
109,0,1,1,ACCEPT,30.4221,2.8240,1155,0,-2,0.9091,78.32,204.74,53.92,27.28,95.50,205.00,85.00,32.00,0.5159,17.18,1,0,3.2042,ACCEPT,0,2331,2511,14791,7,350,1155,0,0,0,0
110,0,1,1,ACCEPT,30.8466,2.5417,1098,0,0,1.0000,78.32,204.74,53.92,27.28,95.50,204.50,85.00,31.00,0.5323,17.18,1,0,3.2307,ACCEPT,0,2183,2379,14616,7,350,1098,0,0,0,0
111,0,1,1,ACCEPT,31.8828,2.5789,1078,0,0,1.0000,78.32,204.74,53.92,27.28,95.00,205.00,84.00,30.00,0.5561,16.68,1,0,3.2371,ACCEPT,0,2078,2419,14781,7,350,1078,0,0,0,0
112,0,1,1,ACCEPT,32.7364,2.8067,1089,0,-1,0.9697,78.32,204.31,53.92,27.28,95.00,205.00,86.00,30.00,0.5596,16.69,1,0,3.2255,ACCEPT,0,2024,2475,14168,7,350,1089,0,0,0,0
113,0,1,1,ACCEPT,33.0075,2.8640,1011,-1,0,0.9733,77.48,204.31,53.92,27.28,93.50,204.50,87.00,31.00,0.5454,16.02,1,0,3.1473,ACCEPT,0,1922,2475,13636,7,350,1011,0,0,0,0
114,0,1,1,ACCEPT,32.3232,2.7354,982,0,0,1.0000,77.48,204.31,53.92,27.28,93.50,204.00,85.00,32.00,0.5334,16.03,1,0,2.9937,ACCEPT,0,1833,2528,13590,7,350,982,0,0,0,0
115,0,1,1,ACCEPT,27.7753,2.7926,902,-1,-2,0.8670,76.63,203.45,51.84,26.23,92.50,203.00,87.00,34.00,0.4598,15.87,1,-1,2.9559,ACCEPT,0,1827,2595,13343,7,350,902,0,0,0,0
116,0,1,1,ACCEPT,24.2019,2.3313,774,-2,0,0.9289,75.01,203.45,49.85,25.22,92.50,203.00,85.00,34.00,0.4351,17.50,1,-1,2.8813,ACCEPT,0,1737,2667,11726,7,350,774,0,0,0,0
117,0,1,1,ACCEPT,22.5867,2.1216,698,1,-1,0.9771,75.79,203.06,47.93,24.25,93.00,203.00,86.00,34.00,0.3976,17.21,1,-1,2.8336,ACCEPT,0,1598,2588,11182,7,350,698,0,0,0,0
118,0,1,1,ACCEPT,19.7726,1.8299,624,0,-5,0.6426,75.79,201.15,47.93,24.25,93.50,202.50,83.00,35.00,0.3981,17.76,1,0,3.0088,ACCEPT,0,1570,2676,9549,7,350,624,0,0,0,0
119,0,1,1,ACCEPT,19.5797,1.9412,561,1,-2,0.8734,76.54,200.38,47.93,24.25,94.00,203.00,84.00,36.00,0.3844,17.66,1,0,2.8388,ACCEPT,0,1374,2456,9287,7,350,561,0,0,0,0
120,0,1,1,ACCEPT,20.6962,2.1055,579,1,-1,0.9534,77.29,200.00,47.93,24.25,94.50,203.00,83.00,38.00,0.3686,17.47,1,0,2.7105,ACCEPT,0,1377,2412,8860,7,350,579,0,0,0,0
121,0,1,1,ACCEPT,19.7365,2.1149,552,1,-3,0.7101,78.04,198.85,47.93,24.25,95.50,203.00,83.00,38.00,0.3686,17.95,1,0,2.5573,ACCEPT,0,1462,2357,9549,7,350,552,0,0,0,0
122,0,1,1,ACCEPT,20.8450,2.2720,568,-1,-4,0.6901,77.29,197.32,49.85,25.22,94.50,203.00,85.00,42.00,0.3522,18.12,1,1,2.5406,ACCEPT,0,1449,2430,9401,7,350,568,0,0,0,0
123,0,1,1,ACCEPT,22.8358,2.5664,580,0,2,0.9103,77.29,198.10,49.85,25.22,94.50,203.00,83.00,42.00,0.3545,17.89,1,0,2.8280,ACCEPT,0,1391,2684,10933,7,350,580,0,0,0,0
124,0,1,1,ACCEPT,20.8823,2.0489,629,-3,-4,0.6232,74.95,196.54,49.85,25.22,92.50,203.00,83.00,46.00,0.3208,18.71,1,0,2.9476,ACCEPT,0,1575,2535,10587,7,350,629,0,0,0,0
125,0,1,1,ACCEPT,17.8586,2.1429,540,-3,-4,0.5815,72.60,194.98,49.85,25.22,91.50,202.50,83.00,49.00,0.2906,20.34,1,0,2.9114,ACCEPT,0,1465,2604,12154,7,350,540,0,0,0,0
126,0,1,1,ACCEPT,16.8938,2.0144,558,-2,0,0.8871,71.04,194.98,49.85,25.22,90.00,202.00,84.00,52.00,0.2740,20.22,1,0,2.8223,ACCEPT,0,1671,2744,12229,7,350,558,0,0,0,0
127,0,1,1,ACCEPT,13.5729,1.6953,473,-2,-3,0.7632,69.48,193.80,49.85,25.22,89.00,201.00,82.00,56.00,0.2501,20.81,1,0,2.9414,ACCEPT,0,1588,2776,13598,7,350,473,0,0,0,0
128,0,1,1,ACCEPT,11.0038,1.4120,425,-1,-3,0.8212,68.70,192.63,49.85,25.22,88.00,198.50,80.00,57.00,0.2466,20.18,1,0,3.0521,ACCEPT,0,1766,2908,15866,7,350,425,0,0,0,0
129,0,1,1,ACCEPT,11.3342,1.3636,480,-1,-2,0.8917,67.91,191.85,49.85,25.22,88.00,198.00,80.00,60.00,0.2296,21.01,1,0,3.0342,ACCEPT,0,2001,2905,16585,7,350,480,0,0,0,0
130,0,1,1,ACCEPT,11.6433,1.4571,510,0,-3,0.8627,67.91,190.68,49.85,25.22,88.00,197.00,78.00,60.00,0.2289,21.06,1,0,2.9666,ACCEPT,0,2214,2889,17842,7,350,510,0,0,0,0
131,0,1,1,ACCEPT,12.5413,1.6045,568,1,-3,0.8134,68.70,189.51,49.85,25.22,88.50,195.00,77.00,64.00,0.2164,20.55,1,0,2.8863,ACCEPT,0,2416,2817,19864,7,350,568,0,0,0,0
132,0,1,1,ACCEPT,13.9843,1.6942,676,0,-2,0.9157,68.70,188.73,49.85,25.22,89.00,194.00,76.00,64.00,0.2130,20.98,1,0,2.7430,ACCEPT,0,2615,2929,21648,7,350,676,0,0,0,0
133,0,1,1,ACCEPT,13.5651,1.8575,678,2,-3,0.7625,70.26,187.55,49.85,25.22,89.00,192.50,74.00,65.00,0.2188,19.38,1,0,2.8521,ACCEPT,0,2831,2925,22063,7,350,678,0,0,0,0
134,0,1,1,ACCEPT,10.7144,1.6145,578,2,-4,0.5675,71.82,185.99,49.85,25.22,91.00,193.00,70.00,64.00,0.2182,20.42,1,0,2.7227,ACCEPT,0,2868,3078,21520,7,350,578,0,0,0,0
135,0,1,1,ACCEPT,10.9284,1.7841,562,0,-2,0.9270,71.82,185.21,49.85,25.22,92.00,192.00,68.00,66.00,0.2050,21.29,1,0,2.7049,ACCEPT,0,2757,3456,18805,7,350,562,0,0,0,0
136,0,1,1,ACCEPT,9.0242,1.8306,443,2,-4,0.5576,73.38,183.65,51.84,26.23,92.50,191.00,65.00,68.00,0.2171,20.48,1,1,2.5759,ACCEPT,0,2736,3628,17026,7,350,443,0,0,0,0
137,0,1,1,ACCEPT,8.8557,1.7672,410,1,-7,0.2756,74.20,180.80,53.92,27.28,94.50,190.50,63.00,71.00,0.2123,22.50,1,1,2.3180,ACCEPT,0,2604,3690,16509,7,350,410,0,0,0,0
138,0,1,1,ACCEPT,9.6908,1.9619,463,0,-3,0.7862,74.20,179.52,56.07,28.37,95.50,190.00,63.00,70.00,0.2207,23.74,1,1,2.3151,ACCEPT,0,2812,3929,14146,7,350,463,0,0,0,0
139,0,1,1,ACCEPT,8.7132,1.6579,378,1,-5,0.6667,75.07,177.29,58.31,29.51,96.00,187.50,62.00,69.00,0.2391,23.29,1,1,2.1014,ACCEPT,0,2528,3959,14398,7,350,378,0,0,0,0
140,0,1,1,ACCEPT,9.1544,1.6432,373,-1,-1,0.9705,74.16,176.83,60.65,30.69,96.00,186.50,60.00,67.00,0.2512,23.89,1,1,2.4326,ACCEPT,0,2712,4229,12820,7,350,373,0,0,0,0
141,0,1,1,ACCEPT,8.9041,1.3889,325,0,-1,0.9908,74.16,176.35,63.07,31.92,96.50,186.00,61.00,66.00,0.2655,24.34,1,1,2.5904,ACCEPT,0,2392,4227,12324,7,350,325,0,0,0,0
142,0,1,1,ACCEPT,8.7806,1.2652,291,1,2,0.9381,75.14,177.35,65.60,33.19,97.00,185.50,60.00,65.00,0.2880,23.33,1,1,2.5402,ACCEPT,0,2298,4272,11718,7,350,291,0,0,0,0
143,0,1,1,ACCEPT,8.3262,1.2311,261,-1,1,0.9387,74.12,177.87,65.60,33.19,97.00,185.00,60.00,58.00,0.3058,23.97,1,0,2.6058,ACCEPT,0,2035,4369,10906,7,350,261,0,0,0,0
144,0,1,1,ACCEPT,8.6405,1.1347,278,0,-1,0.9964,74.12,177.35,65.60,33.19,97.00,183.50,60.00,55.00,0.3191,23.69,1,0,2.5959,ACCEPT,0,2084,4344,11145,7,350,278,0,0,0,0
145,0,1,1,ACCEPT,8.1754,1.0075,267,-1,3,0.8539,73.09,178.90,65.60,33.19,97.00,181.50,60.00,47.00,0.3483,24.05,1,0,2.6924,ACCEPT,0,2175,4366,10802,7,350,267,0,0,0,0
146,0,1,1,ACCEPT,9.1470,1.1631,271,-1,15,0.7380,72.07,186.63,65.60,33.19,97.00,184.50,60.00,45.00,0.3472,25.02,1,0,2.8306,ACCEPT,0,1996,4266,10265,7,350,271,0,0,0,0
147,0,1,1,ACCEPT,11.4970,1.5045,331,-1,1,0.9879,71.05,187.15,65.60,33.19,97.00,185.50,60.00,47.00,0.3240,26.01,1,0,2.7980,ACCEPT,0,1752,3903,12075,7,350,331,0,0,0,0
148,0,1,1,ACCEPT,12.3867,1.5451,394,1,3,0.7538,72.07,188.70,65.60,33.19,96.00,187.00,62.00,44.00,0.3694,23.99,1,0,2.8388,ACCEPT,0,2301,3918,12064,7,350,394,0,0,0,0
149,0,1,1,ACCEPT,10.3472,1.2500,325,-1,1,0.9815,71.05,189.21,65.60,33.19,96.00,188.00,62.00,40.00,0.3828,24.98,1,0,2.8327,ACCEPT,0,2042,4165,11674,7,350,325,0,0,0,0
150,0,1,1,ACCEPT,11.2469,1.2483,362,0,1,0.9890,71.05,189.73,65.60,33.19,96.50,187.00,61.00,40.00,0.3737,25.60,1,0,2.8460,ACCEPT,0,2080,4183,11520,7,350,362,0,0,0,0
151,0,1,1,ACCEPT,13.2640,1.4080,421,0,-4,0.8551,71.05,187.66,65.60,33.19,96.50,187.00,61.00,40.00,0.3737,25.46,1,0,2.8458,ACCEPT,0,1973,4158,11921,7,350,421,0,0,0,0
152,0,1,1,ACCEPT,14.6773,1.7167,503,0,-3,0.8509,71.05,186.12,65.60,33.19,97.00,185.00,62.00,46.00,0.3329,25.98,1,0,2.8013,ACCEPT,0,2184,4194,11551,7,350,503,0,0,0,0
153,0,1,1,ACCEPT,16.1098,1.6782,532,0,-1,0.9624,71.05,185.60,65.60,33.19,97.00,185.50,64.00,47.00,0.3310,25.95,1,0,2.8005,ACCEPT,0,2197,4213,10567,7,350,532,0,0,0,0
154,0,1,1,ACCEPT,16.0250,1.6436,498,-1,-5,0.5100,70.02,183.02,65.60,33.19,96.00,184.00,64.00,50.00,0.3152,25.99,1,0,2.6242,ACCEPT,0,2033,4194,10824,7,350,498,0,0,0,0
155,0,1,1,ACCEPT,14.8989,1.6268,462,0,-4,0.7338,70.02,180.96,65.60,33.19,96.50,183.00,63.00,50.00,0.3083,26.55,1,0,2.5522,ACCEPT,0,2097,4147,11480,7,350,462,0,0,0,0
156,0,1,1,ACCEPT,14.5578,1.5709,432,1,-2,0.9120,71.05,179.93,65.60,33.19,97.50,180.00,65.00,48.00,0.3217,26.45,1,0,2.7864,ACCEPT,0,2026,4162,11584,7,350,432,0,0,0,0
157,0,1,1,ACCEPT,13.2218,1.4351,376,0,-3,0.8085,71.05,178.38,65.60,33.19,98.50,179.00,65.00,44.00,0.3322,27.46,1,0,2.7241,ACCEPT,0,1868,4035,12764,7,350,376,0,0,0,0
158,0,1,1,ACCEPT,13.8662,1.6240,393,2,-3,0.8448,73.09,176.84,65.60,33.19,100.00,179.50,64.00,43.00,0.3426,27.04,1,0,2.7292,ACCEPT,0,1998,4000,12934,7,350,393,0,0,0,0
159,0,1,1,ACCEPT,15.1549,1.6064,400,1,-1,0.9475,74.12,176.32,68.22,34.52,100.50,179.00,63.00,38.00,0.3839,26.52,1,1,2.6888,ACCEPT,0,1863,4074,12424,7,350,400,0,0,0,0
160,0,1,1,ACCEPT,17.4477,1.8638,438,2,-1,0.8699,76.24,175.78,70.95,35.90,102.00,181.00,66.00,40.00,0.3690,26.28,1,1,2.7093,ACCEPT,0,1911,4168,12737,7,350,438,0,0,0,0
161,0,1,1,ACCEPT,17.0978,1.8603,426,2,-2,0.8897,78.46,174.66,73.79,37.34,104.00,183.00,66.00,42.00,0.3358,26.87,1,1,2.6610,ACCEPT,0,1874,4213,15050,7,350,426,0,0,0,0
162,0,1,1,ACCEPT,18.0265,1.9081,519,1,-2,0.9287,79.62,173.48,76.74,38.83,105.50,183.50,67.00,43.00,0.3200,27.75,1,1,2.7015,ACCEPT,0,2135,4295,16864,7,350,519,0,0,0,0
163,0,1,1,ACCEPT,15.9180,2.0659,533,0,2,0.8931,79.62,174.70,76.74,38.83,106.00,185.00,66.00,46.00,0.3161,28.32,1,0,2.8694,ACCEPT,0,2370,4435,16754,7,350,533,0,0,0,0
164,0,1,1,ACCEPT,12.1912,1.5563,456,1,0,0.9649,80.81,174.70,76.74,38.83,107.00,183.50,68.00,49.00,0.3458,27.63,1,0,2.8298,ACCEPT,0,2441,4311,18210,7,350,456,0,0,0,0
165,0,1,1,ACCEPT,11.9631,1.4268,468,1,0,0.9658,82.01,174.70,76.74,38.83,108.00,183.50,72.00,47.00,0.3502,27.44,1,0,2.9420,ACCEPT,0,2471,4335,20275,7,350,468,0,0,0,0
166,0,1,1,ACCEPT,9.1916,1.1466,399,2,2,0.8797,84.40,175.92,79.81,40.38,104.00,181.50,88.00,39.00,0.4917,20.38,1,1,2.6899,ACCEPT,0,2608,4380,21935,7,350,399,0,0,0,0
167,0,1,1,ACCEPT,5.6030,1.0036,277,2,3,0.7690,86.90,177.82,79.81,40.38,103.00,186.00,88.00,38.00,0.4710,18.06,1,0,2.8966,ACCEPT,0,2564,4351,24008,7,350,277,0,0,0,0
168,0,1,1,ACCEPT,6.9114,1.1652,395,-12,0,0.7747,71.90,177.82,76.74,38.83,102.00,188.00,84.00,44.00,0.3075,31.78,1,-1,2.5837,ACCEPT,0,3464,4325,19922,7,350,395,0,0,0,0
169,0,1,1,ACCEPT,5.6657,1.0900,315,-5,6,0.5048,65.92,181.48,76.74,38.83,97.50,187.00,69.00,54.00,0.3142,32.06,1,-1,1.8976,LOW_CONF,0,3545,3960,11379,7,350,315,0,0,0,0
170,0,1,0,NEGATIVE_PEAK,-5.1602,1.1310,-164,-8,-25,0.4573,65.92,181.48,76.74,38.83,90.50,187.50,43.00,55.00,0.3448,25.31,0,0,0.0000,NOT_RUN,0,2491,3786,0,7,350,164,0,0,0,0
171,0,1,0,LOW_PSR,4.1640,1.0000,119,20,15,0.3697,65.92,181.48,76.74,38.83,88.50,189.00,33.00,60.00,0.3383,23.80,0,0,0.0000,NOT_RUN,0,2524,3672,0,7,350,119,0,0,0,0
172,0,1,0,NEGATIVE_PEAK,-5.0689,1.1230,-137,-10,3,0.5839,65.92,181.48,76.74,38.83,80.50,189.50,21.00,63.00,0.2338,16.64,0,0,0.0000,NOT_RUN,0,2378,3441,0,7,350,137,0,0,0,0
173,0,1,0,NEGATIVE_PEAK,-7.1759,1.4525,-260,-9,9,0.2308,65.92,181.48,76.74,38.83,75.50,189.50,39.00,59.00,0.4021,12.49,0,0,0.0000,NOT_RUN,0,1982,2833,0,7,350,260,0,0,0,0
174,0,1,0,NEGATIVE_PEAK,-6.9214,1.1516,-281,-9,8,0.0249,65.92,181.48,76.74,38.83,70.50,189.00,49.00,56.00,0.4980,8.81,0,0,0.0000,NOT_RUN,0,2592,2507,0,7,350,281,0,0,0,0
175,0,1,0,NEGATIVE_PEAK,-4.4495,1.0163,-187,-10,9,0.0267,65.92,181.48,76.74,38.83,67.00,181.50,66.00,49.00,0.7020,1.08,0,0,0.0000,NOT_RUN,0,2659,1888,0,7,350,187,0,0,0,0
176,0,1,0,LOW_PSR,4.3329,1.0051,197,3,-19,0.2589,65.92,181.48,76.74,38.83,67.50,176.50,73.00,33.00,0.7215,5.22,0,0,0.0000,NOT_RUN,0,1892,1991,0,7,350,197,0,0,0,0
177,0,1,0,NEGATIVE_PEAK,-5.9646,1.0939,-303,3,-4,0.2871,65.92,181.48,76.74,38.83,65.50,174.50,81.00,33.00,0.6470,6.99,0,0,0.0000,NOT_RUN,0,2506,1951,0,7,350,303,0,0,0,0
178,0,1,1,ACCEPT,5.6080,1.1401,236,-28,-4,0.3093,32.45,179.04,76.74,38.83,61.00,170.00,94.00,26.00,0.3243,29.94,1,0,2.1995,ACCEPT,0,2021,2245,14530,7,350,236,0,0,0,0
179,0,1,0,NEGATIVE_PEAK,-4.7936,1.0030,-330,15,2,0.7485,32.45,179.04,76.74,38.83,60.00,166.50,96.00,37.00,0.2962,30.27,0,0,0.0000,NOT_RUN,0,3685,1707,0,7,350,330,0,0,0,0
180,0,1,0,LOW_PSR,4.7991,1.0092,328,-3,1,0.6585,32.45,179.04,76.74,38.83,59.00,162.00,94.00,48.00,0.2612,31.54,0,0,0.0000,NOT_RUN,0,3857,2095,0,7,350,328,0,0,0,0
181,0,1,0,NEGATIVE_PEAK,-4.4881,1.0034,-292,-37,0,0.1336,32.45,179.04,76.74,38.83,61.50,155.50,83.00,65.00,0.2080,37.39,0,0,0.0000,NOT_RUN,0,3838,2477,0,7,350,292,0,0,0,0
182,0,1,0,NEGATIVE_PEAK,-4.8388,1.0742,-304,-44,1,0.1184,32.45,179.04,76.74,38.83,62.00,146.50,76.00,93.00,0.1842,43.95,0,0,0.0000,NOT_RUN,0,3412,2354,0,7,350,304,0,0,0,0
183,0,1,0,NEGATIVE_PEAK,-5.1254,1.1423,-321,8,-2,0.3302,32.45,179.04,76.74,38.83,65.00,146.00,70.00,98.00,0.1720,46.38,0,0,0.0000,NOT_RUN,0,3921,2283,0,7,350,321,0,0,0,0
184,0,1,0,NEGATIVE_PEAK,-6.1915,1.0345,-390,4,-6,0.6000,32.45,179.04,76.74,38.83,73.50,134.50,51.00,115.00,0.0912,60.57,0,0,0.0000,NOT_RUN,0,4351,2425,0,7,350,390,0,0,0,0
185,0,1,0,NEGATIVE_PEAK,-8.4589,1.2492,-416,8,-12,0.2308,32.45,179.04,76.74,38.83,75.50,132.00,53.00,106.00,0.0688,63.76,0,0,0.0000,NOT_RUN,0,2659,3073,0,7,350,416,0,0,0,0
186,0,1,0,NEGATIVE_PEAK,-6.6102,1.1610,-274,6,-15,0.3577,32.45,179.04,76.74,38.83,85.50,139.00,65.00,100.00,0.0585,66.46,0,0,0.0000,NOT_RUN,0,2647,3041,0,7,350,274,0,0,0,0
187,0,1,0,NEGATIVE_PEAK,-4.3085,1.0284,-145,4,11,0.3172,32.45,179.04,76.74,38.83,102.00,149.00,78.00,92.00,0.0280,75.76,0,0,0.0000,NOT_RUN,0,2573,3024,0,7,350,145,0,0,0,0
188,0,1,0,NEGATIVE_PEAK,-4.6558,1.0071,-141,7,-9,0.1206,32.45,179.04,76.74,38.83,114.00,163.00,96.00,74.00,0.0189,83.11,0,0,0.0000,NOT_RUN,0,2594,2800,0,7,350,141,0,0,0,0
189,0,1,0,NEGATIVE_PEAK,-5.2771,1.0183,-167,7,-7,0.2814,32.45,179.04,76.74,38.83,116.00,165.50,106.00,69.00,0.0304,84.64,0,0,0.0000,NOT_RUN,0,2947,2611,0,7,350,167,0,0,0,0
190,0,1,0,NEGATIVE_PEAK,-5.0074,1.0479,-175,9,17,0.5314,32.45,179.04,76.74,38.83,120.00,172.00,116.00,56.00,0.0375,87.83,0,0,0.0000,NOT_RUN,0,3173,2530,0,7,350,175,0,0,0,0
191,0,1,0,NEGATIVE_PEAK,-4.0309,1.0562,-169,10,4,0.5917,32.45,179.04,76.74,38.83,124.50,178.50,107.00,49.00,0.0000,92.05,0,0,0.0000,NOT_RUN,0,2950,2801,0,7,350,169,0,0,0,0
192,0,1,0,NEGATIVE_PEAK,-3.8064,1.0097,-208,-48,5,0.5096,32.45,179.04,76.74,38.83,126.00,181.50,104.00,45.00,0.0000,93.58,0,0,0.0000,NOT_RUN,0,3361,2810,0,7,350,208,0,0,0,0
193,0,1,1,ACCEPT,5.8186,1.1782,390,-4,-8,0.3795,27.67,174.16,76.74,38.83,131.00,184.50,94.00,47.00,0.0000,103.84,1,2,1.9221,LOW_CONF,0,3682,2506,15620,7,350,390,0,0,0,0
194,0,1,1,ACCEPT,8.7366,1.5355,238,1,20,0.2605,28.87,186.35,76.74,38.83,132.00,182.50,92.00,65.00,0.0000,103.20,1,3,1.7484,MAX_STEP,0,1373,1495,20803,7,350,238,0,0,0,0
195,0,1,1,ACCEPT,9.8395,1.7400,261,0,11,0.5479,28.87,193.05,76.74,38.83,133.50,181.00,89.00,72.00,0.0000,105.32,1,2,1.8531,LOW_CONF,0,1438,1621,20224,7,350,261,0,0,0,0
196,0,1,1,ACCEPT,11.1262,1.7308,270,0,20,0.1815,28.87,205.24,76.74,38.83,137.00,183.00,82.00,82.00,0.0000,110.40,1,2,1.8817,LOW_CONF,0,1373,1289,21287,7,350,270,0,0,0,0
197,0,1,1,ACCEPT,12.6286,1.6497,259,-1,20,0.1853,27.67,217.43,76.74,38.83,132.00,193.50,66.00,109.00,0.0000,107.04,1,2,1.9872,LOW_CONF,0,1066,1270,18926,7,350,259,0,0,0,0
198,0,1,1,ACCEPT,13.1678,1.6802,331,-1,10,0.3444,26.48,223.52,76.74,38.83,122.50,191.50,53.00,105.00,0.0000,101.22,1,4,1.7859,MAX_STEP,0,1349,1539,16549,7,350,331,0,0,0,0
199,0,1,1,ACCEPT,14.4250,1.8318,392,0,16,0.2781,26.48,233.27,76.74,38.83,111.00,196.00,56.00,106.00,0.0000,92.38,1,5,1.5759,MAX_STEP,0,1435,1476,18144,7,350,392,0,0,0,0
200,0,1,1,ACCEPT,14.8185,1.7902,401,-2,19,0.2269,24.09,244.85,76.74,38.83,107.00,196.50,76.00,91.00,0.0000,95.98,1,5,1.6656,MAX_STEP,0,1473,1220,19499,7,350,401,0,0,0,0
201,0,1,1,ACCEPT,15.4854,1.8361,448,-1,9,0.1518,22.89,250.34,76.74,38.83,94.00,192.00,106.00,86.00,0.0069,91.98,1,4,1.7217,MAX_STEP,0,1640,1484,17542,7,350,448,0,0,0,0
202,0,1,1,ACCEPT,15.7260,1.7974,417,-2,19,0.1918,20.50,261.91,76.74,38.83,78.00,182.00,132.00,74.00,0.0000,98.45,1,2,1.7111,LOW_CONF,0,1561,1298,19488,7,350,417,0,0,0,0
203,0,1,1,ACCEPT,16.1103,1.8000,360,-2,20,0.1722,18.11,274.10,76.74,38.83,69.00,182.00,134.00,78.00,0.0000,105.23,1,2,1.7878,LOW_CONF,0,1310,1017,18721,7,350,360,0,0,0,0
204,0,1,1,ACCEPT,15.7613,1.7333,442,0,10,0.2760,18.11,280.20,76.74,38.83,66.50,184.00,131.00,82.00,0.0000,107.68,1,2,1.4853,LOW_CONF,0,1583,1393,16629,7,350,442,0,0,0,0
205,0,1,1,ACCEPT,12.9651,1.7266,499,-1,17,0.1743,16.91,290.55,76.74,38.83,60.00,185.50,118.00,91.00,0.0000,113.55,1,3,1.5012,MAX_STEP,0,2173,912,21145,7,350,499,0,0,0,0
206,0,1,1,ACCEPT,14.6985,1.7119,618,0,14,0.2589,16.91,299.09,76.74,38.83,62.50,176.50,93.00,121.00,0.0000,130.79,1,3,1.4794,MAX_STEP,0,2696,1001,18072,7,350,618,0,0,0,0
207,0,1,1,ACCEPT,15.9392,1.7703,632,0,8,0.1392,16.91,303.96,76.74,38.83,64.00,172.50,82.00,135.00,0.0000,139.64,1,2,1.4818,LOW_CONF,0,2019,983,18137,7,350,632,0,0,0,0
208,0,1,1,ACCEPT,18.7289,1.7968,557,1,16,0.1508,18.11,313.71,76.74,38.83,73.50,167.50,53.00,149.00,0.0000,156.35,1,3,1.4583,MAX_STEP,0,1820,1243,11952,7,350,557,0,0,0,0
209,0,1,1,ACCEPT,5.5255,1.1364,75,-21,3,0.2667,-6.99,315.54,76.74,38.83,87.50,166.50,33.00,149.00,0.0000,176.47,1,0,2.7947,ACCEPT,0,910,1129,7510,7,350,75,0,0,0,0
210,0,1,0,NEGATIVE_PEAK,-6.3032,1.0575,-92,-20,3,0.0000,-6.99,315.54,76.74,38.83,92.00,169.00,44.00,146.00,0.0000,176.84,0,0,0.0000,NOT_RUN,0,710,1632,0,7,350,92,0,0,0,0
211,0,1,1,ACCEPT,5.3637,1.0769,70,-23,-6,0.5286,-34.48,311.88,76.74,38.83,111.50,171.00,87.00,132.00,0.0000,202.88,1,0,3.5997,ACCEPT,0,770,1628,6709,7,350,70,0,0,0,0
212,0,1,0,LOW_PSR,4.0469,1.0536,59,-15,6,0.1525,-34.48,311.88,76.74,38.83,122.00,172.50,108.00,111.00,0.0000,209.56,0,0,0.0000,NOT_RUN,0,937,1724,0,7,350,59,0,0,0,0
213,0,1,0,LOW_PSR,3.7817,1.0385,27,5,-5,0.0741,-34.48,311.88,76.74,38.83,124.00,174.00,108.00,98.00,0.0000,210.07,0,0,0.0000,NOT_RUN,0,375,1781,0,7,350,27,0,0,0,0
214,0,1,0,NEGATIVE_PEAK,-7.0020,1.7727,-39,22,-29,0.1282,-34.48,311.88,76.74,38.83,125.00,175.50,106.00,75.00,0.0000,209.85,0,0,0.0000,NOT_RUN,0,242,2435,0,7,350,39,0,0,0,0
215,0,1,0,NEGATIVE_PEAK,-10.0617,1.5741,-85,22,-8,0.0706,-34.48,311.88,76.74,38.83,125.00,175.50,106.00,75.00,0.0000,209.85,0,0,0.0000,NOT_RUN,0,498,2740,0,7,350,85,0,0,0,0
216,0,1,1,ACCEPT,6.5005,1.0141,72,21,-16,0.1806,-9.38,302.13,76.74,38.83,123.50,176.50,109.00,79.00,0.0000,182.87,1,-13,1.6970,MAX_STEP,0,872,2165,5632,7,350,72,0,0,0,0
217,0,1,0,NEGATIVE_PEAK,-5.3106,1.1587,-146,-2,0,0.9589,-9.38,302.13,76.74,38.83,118.00,178.00,108.00,84.00,0.0000,177.86,0,0,0.0000,NOT_RUN,0,1473,800,0,7,350,146,0,0,0,0
218,0,1,0,NEGATIVE_PEAK,-7.1495,1.2055,-176,5,-12,0.0795,-9.38,302.13,76.74,38.83,110.00,177.00,104.00,84.00,0.0000,172.95,0,0,0.0000,NOT_RUN,0,1474,700,0,7,350,176,0,0,0,0
219,0,1,0,NEGATIVE_PEAK,-6.9176,1.1180,-199,4,-2,0.6734,-9.38,302.13,76.74,38.83,108.50,177.00,107.00,82.00,0.0000,171.91,0,0,0.0000,NOT_RUN,0,1532,654,0,7,350,199,0,0,0,0
220,0,1,0,NEGATIVE_PEAK,-5.9359,1.1864,-261,2,-14,0.4061,-9.38,302.13,76.74,38.83,100.50,176.50,107.00,81.00,0.0000,166.91,0,0,0.0000,NOT_RUN,0,2160,868,0,7,350,261,0,0,0,0
221,0,1,0,NEGATIVE_PEAK,-5.7212,1.0837,-259,2,13,0.0656,-9.38,302.13,76.74,38.83,97.50,175.00,107.00,86.00,0.0000,166.09,0,0,0.0000,NOT_RUN,0,2331,1206,0,7,350,259,0,0,0,0
222,0,1,0,NEGATIVE_PEAK,-5.4123,1.1325,-188,3,25,0.4681,-9.38,302.13,76.74,38.83,96.00,172.50,108.00,85.00,0.0000,167.06,0,0,0.0000,NOT_RUN,0,2050,707,0,7,350,188,0,0,0,0
223,0,1,0,NEGATIVE_PEAK,-5.9215,1.1678,-174,10,-6,0.1264,-9.38,302.13,76.74,38.83,92.50,166.00,115.00,82.00,0.0000,170.04,0,0,0.0000,NOT_RUN,0,1294,759,0,7,350,174,0,0,0,0
224,0,1,1,ACCEPT,5.3621,1.1137,235,-17,-8,0.4596,-29.70,297.26,73.79,37.34,90.50,159.50,119.00,79.00,0.0000,182.83,1,-1,2.6067,ACCEPT,0,2420,665,13946,7,350,235,0,0,0,0
225,0,1,1,ACCEPT,5.3523,1.0412,303,-14,9,0.0594,-45.89,302.53,70.95,35.90,93.00,157.50,122.00,77.00,0.0000,200.81,1,-1,2.5600,ACCEPT,0,3925,978,15661,7,350,303,0,0,0,0
226,0,1,1,ACCEPT,5.4196,1.0156,261,-19,21,0.0651,-66.97,314.34,70.95,35.90,101.00,159.00,130.00,76.00,0.0000,228.79,1,0,3.2762,ACCEPT,0,4107,1045,9842,7,350,261,0,0,0,0
227,0,1,0,LOW_PSR,4.3973,1.0155,197,-16,-24,0.7157,-66.97,314.34,70.95,35.90,106.50,165.50,125.00,71.00,0.0000,228.57,0,0,0.0000,NOT_RUN,0,3097,11102,0,7,350,197,0,0,0,0
228,0,1,1,ACCEPT,5.7523,1.0192,319,-14,-14,0.3793,-82.50,306.47,70.95,35.90,105.00,168.00,126.00,68.00,0.0000,233.09,1,-3,1.6061,MAX_STEP,0,3623,8736,662,7,350,319,0,0,0,0
229,0,1,0,NEGATIVE_PEAK,-4.1860,1.0217,-47,-15,-13,0.2128,-82.50,306.47,70.95,35.90,102.50,159.00,129.00,82.00,0.0000,236.58,0,0,0.0000,NOT_RUN,0,1044,6361,0,7,350,47,0,0,0,0
230,0,1,0,LOW_PSR,4.2495,1.0000,44,-21,-21,0.0682,-82.50,306.47,70.95,35.90,99.00,146.50,126.00,73.00,0.0000,241.93,0,0,0.0000,NOT_RUN,0,967,1254,0,7,350,44,0,0,0,0
231,0,1,0,LOW_PSR,4.3881,1.0167,61,-19,-10,0.0164,-82.50,306.47,70.95,35.90,96.50,143.00,121.00,64.00,0.0000,242.41,0,0,0.0000,NOT_RUN,0,1078,1133,0,7,350,61,0,0,0,0
232,0,1,0,LOW_PSR,4.6016,1.0137,74,-18,-18,0.5541,-82.50,306.47,70.95,35.90,95.00,141.50,116.00,65.00,0.0000,242.32,0,0,0.0000,NOT_RUN,0,1365,1362,0,7,350,74,0,0,0,0
233,0,1,1,ACCEPT,5.0086,1.0000,76,-19,8,0.0263,-103.58,310.97,68.22,34.52,96.50,141.50,117.00,63.00,0.0000,262.20,1,-1,2.4288,ACCEPT,0,1317,2028,1611,7,350,76,0,0,0,0
234,0,1,0,LOW_PSR,4.4210,1.0000,44,-21,13,0.4773,-103.58,310.97,68.22,34.52,97.00,143.50,118.00,61.00,0.0000,261.30,0,0,0.0000,NOT_RUN,0,964,2391,0,7,350,44,0,0,0,0
235,0,1,0,NEGATIVE_PEAK,-5.9533,1.0000,-37,-20,12,0.1351,-103.58,310.97,68.22,34.52,96.00,151.50,120.00,51.00,0.0000,255.46,0,0,0.0000,NOT_RUN,0,613,6579,0,7,350,37,0,0,0,0
236,0,1,0,NEGATIVE_PEAK,-6.3000,1.0000,-30,-21,-35,0.0000,-103.58,310.97,68.22,34.52,94.50,152.00,119.00,52.00,0.0000,253.98,0,0,0.0000,NOT_RUN,0,290,7861,0,7,350,30,0,0,0,0
237,0,1,0,NEGATIVE_PEAK,-5.6655,1.0345,-30,-14,-25,0.3000,-103.58,310.97,68.22,34.52,94.00,149.50,118.00,57.00,0.0000,255.17,0,0,0.0000,NOT_RUN,0,316,7620,0,7,350,30,0,0,0,0
238,0,1,0,NEGATIVE_PEAK,-6.9067,1.0294,-35,-15,-7,0.1429,-103.58,310.97,68.22,34.52,92.50,144.50,113.00,71.00,0.0000,257.21,0,0,0.0000,NOT_RUN,0,313,13629,0,7,350,35,0,0,0,0
239,0,1,0,NEGATIVE_PEAK,-4.4453,1.0000,-11,-23,-7,0.0909,-103.58,310.97,68.22,34.52,92.00,142.50,104.00,81.00,0.0000,258.13,0,0,0.0000,NOT_RUN,0,207,12874,0,7,350,11,0,0,0,0
240,0,1,1,ACCEPT,5.1493,1.0000,15,-24,5,0.4000,-129.08,313.66,68.22,34.52,94.00,139.50,106.00,81.00,0.0000,283.01,1,0,2.6577,ACCEPT,0,326,6576,845,7,350,15,0,0,0,0
241,0,1,0,NEGATIVE_PEAK,-4.3626,1.0000,-20,-23,0,0.8000,-129.08,313.66,68.22,34.52,98.00,139.00,108.00,66.00,0.0000,286.48,0,0,0.0000,NOT_RUN,0,474,5874,0,7,350,20,0,0,0,0
242,0,1,0,NEGATIVE_PEAK,-3.6886,1.0000,-18,-23,0,0.7778,-129.08,313.66,68.22,34.52,99.00,142.50,112.00,59.00,0.0000,285.16,0,0,0.0000,NOT_RUN,0,536,4176,0,7,350,18,0,0,0,0
243,0,1,1,ACCEPT,5.1595,1.0000,20,-22,-31,0.4500,-152.45,296.95,65.60,33.19,97.50,143.50,113.00,55.00,0.0000,293.30,1,-1,2.5252,ACCEPT,0,381,5277,1025,7,350,20,0,0,0,0
244,0,1,0,NEGATIVE_PEAK,-4.6820,1.0333,-31,-19,7,0.0000,-152.45,296.95,65.60,33.19,95.00,139.00,114.00,58.00,0.0000,293.57,0,0,0.0000,NOT_RUN,0,578,932,0,7,350,31,0,0,0,0
245,0,1,0,NEGATIVE_PEAK,-4.2574,1.0385,-27,-18,25,0.6296,-152.45,296.95,65.60,33.19,93.50,135.50,113.00,65.00,0.0000,294.21,0,0,0.0000,NOT_RUN,0,502,2279,0,7,350,27,0,0,0,0
246,0,1,0,NEGATIVE_PEAK,-6.0483,1.0000,-46,-19,-2,0.7174,-152.45,296.95,65.60,33.19,91.50,136.00,109.00,68.00,0.0000,292.27,0,0,0.0000,NOT_RUN,0,734,2321,0,7,350,46,0,0,0,0
247,0,1,0,LOW_PSR,4.7276,1.0000,24,-20,11,0.1250,-152.45,296.95,65.60,33.19,88.00,139.00,104.00,68.00,0.0000,287.69,0,0,0.0000,NOT_RUN,0,375,3279,0,7,350,24,0,0,0,0
248,0,1,0,LOW_PSR,4.6352,1.0270,38,-17,-31,0.6053,-152.45,296.95,65.60,33.19,88.50,136.50,101.00,81.00,0.0000,289.49,0,0,0.0000,NOT_RUN,0,562,4786,0,7,350,38,0,0,0,0
249,0,1,0,LOW_PSR,4.6473,1.0000,53,-20,-24,0.3774,-152.45,296.95,65.60,33.19,88.00,137.50,100.00,85.00,0.0000,288.52,0,0,0.0000,NOT_RUN,0,761,6052,0,7,350,53,0,0,0,0
250,0,1,1,ACCEPT,5.3613,1.0000,99,-21,-7,0.0404,-173.95,293.34,63.07,31.92,90.00,139.00,98.00,92.00,0.0000,305.76,1,-1,2.5788,ACCEPT,0,1299,5508,1023,7,350,99,0,0,0,0
251,0,1,1,ACCEPT,5.9917,1.0000,34,-24,21,0.3235,-197.57,303.84,60.65,30.69,90.50,142.50,99.00,87.00,0.0000,330.18,1,-1,2.5220,ACCEPT,0,396,6206,809,7,350,34,0,0,0,0
252,0,1,1,ACCEPT,6.1070,1.0175,58,-21,8,0.0862,-217.42,307.66,58.31,29.51,90.00,143.00,98.00,78.00,0.0000,348.74,1,-1,2.7826,ACCEPT,0,639,5657,928,7,350,58,0,0,0,0
253,0,1,1,ACCEPT,5.4702,1.0385,27,-21,17,0.4815,-236.62,315.49,56.07,28.37,90.50,145.00,99.00,62.00,0.0000,368.88,1,-1,2.9656,ACCEPT,0,378,5109,943,7,350,27,0,0,0,0
254,0,1,0,NEGATIVE_PEAK,-7.3653,1.0233,-44,-19,-2,0.6364,-236.62,315.49,56.07,28.37,92.00,141.00,100.00,68.00,0.0000,372.07,0,0,0.0000,NOT_RUN,0,386,3727,0,7,350,44,0,0,0,0
255,0,1,0,NEGATIVE_PEAK,-6.3487,1.0323,-32,-19,5,0.3125,-236.62,315.49,56.07,28.37,92.50,137.00,99.00,70.00,0.0000,374.40,0,0,0.0000,NOT_RUN,0,483,1967,0,7,350,32,0,0,0,0
256,0,1,0,NEGATIVE_PEAK,-5.5848,1.0000,-5,-25,2,0.8000,-236.62,315.49,56.07,28.37,94.00,134.50,98.00,83.00,0.0000,376.92,0,0,0.0000,NOT_RUN,0,46,11193,0,7,350,5,0,0,0,0
257,0,1,0,NEGATIVE_PEAK,-6.4107,1.0000,-8,-21,-7,0.2500,-236.62,315.49,56.07,28.37,91.50,129.00,105.00,86.00,0.0000,377.41,0,0,0.0000,NOT_RUN,0,86,14714,0,7,350,8,0,0,0,0
258,0,1,0,NEGATIVE_PEAK,-5.2386,1.0000,-10,-21,0,0.8000,-236.62,315.49,56.07,28.37,90.00,126.50,106.00,83.00,0.0000,377.36,0,0,0.0000,NOT_RUN,0,137,12712,0,7,350,10,0,0,0,0
259,0,1,0,NEGATIVE_PEAK,-4.4064,1.0000,-5,-17,-49,0.6000,-236.62,315.49,56.07,28.37,90.50,124.00,103.00,82.00,0.0000,379.04,0,0,0.0000,NOT_RUN,0,73,8125,0,7,350,5,0,0,0,0
260,0,1,1,ACCEPT,6.2263,1.0000,7,-23,-14,0.2857,-256.74,309.26,56.07,28.37,96.50,122.00,91.00,74.00,0.0000,399.81,1,-8,1.5635,MAX_STEP,0,102,1124,2390,7,350,7,0,0,0,0
261,0,1,0,NEGATIVE_PEAK,-6.3593,1.0238,-43,-19,-46,0.1163,-256.74,309.26,56.07,28.37,95.50,120.00,93.00,72.00,0.0000,399.87,0,0,0.0000,NOT_RUN,0,372,7098,0,7,350,43,0,0,0,0
262,0,1,0,NEGATIVE_PEAK,-6.8201,1.0000,-66,-21,-43,0.0152,-256.74,309.26,56.07,28.37,95.50,115.50,93.00,59.00,0.0000,402.02,0,0,0.0000,NOT_RUN,0,525,6614,0,7,350,66,0,0,0,0
263,0,1,0,NEGATIVE_PEAK,-6.5247,1.0096,-105,-19,-40,0.0667,-256.74,309.26,56.07,28.37,95.00,114.00,98.00,54.00,0.0000,402.30,0,0,0.0000,NOT_RUN,0,955,6101,0,7,350,105,0,0,0,0
264,0,1,1,ACCEPT,5.5745,1.0338,153,-16,-30,0.0523,-270.74,295.90,56.07,28.37,93.50,115.00,99.00,52.00,0.0000,406.69,1,-6,1.4081,MAX_STEP,0,1811,5513,768,7,350,153,0,0,0,0
265,0,1,0,NEGATIVE_PEAK,-4.5174,1.0000,-39,-22,-5,0.0769,-270.74,295.90,56.07,28.37,94.00,115.00,102.00,48.00,0.0000,407.14,0,0,0.0000,NOT_RUN,0,525,6149,0,7,350,39,0,0,0,0
266,0,1,0,NEGATIVE_PEAK,-5.7020,1.0400,-52,-19,-2,0.6154,-270.74,295.90,56.07,28.37,92.50,118.00,109.00,48.00,0.0000,404.47,0,0,0.0000,NOT_RUN,0,647,5433,0,7,350,52,0,0,0,0
267,0,1,1,ACCEPT,5.8448,1.0189,54,-20,-27,0.5185,-288.24,283.88,53.92,27.28,94.00,119.50,110.00,45.00,0.0000,416.09,1,-1,3.1493,ACCEPT,0,762,5280,710,7,350,54,0,0,0,0
268,0,1,1,ACCEPT,6.3431,1.0000,38,-23,11,0.3158,-307.65,288.60,51.84,26.23,94.50,123.50,113.00,45.00,0.0000,434.72,1,-1,3.4376,ACCEPT,0,417,6061,659,7,350,38,0,0,0,0
269,0,1,1,ACCEPT,6.4553,1.0000,32,-23,17,0.3125,-326.34,295.51,49.85,25.22,96.00,128.00,114.00,44.00,0.0000,454.34,1,-1,3.1171,ACCEPT,0,374,5355,732,7,350,32,0,0,0,0
270,0,1,1,ACCEPT,5.5693,1.0000,34,-23,10,0.2059,-344.30,299.41,47.93,24.25,96.50,131.00,115.00,44.00,0.0000,471.88,1,-1,3.1876,ACCEPT,0,435,5331,813,7,350,34,0,0,0,0
271,0,1,1,ACCEPT,5.0558,1.0000,25,-24,22,0.6000,-362.30,307.84,46.09,23.32,97.50,136.50,119.00,43.00,0.0000,490.69,1,-1,3.0315,ACCEPT,0,306,4580,932,7,350,25,0,0,0,0
272,0,1,1,ACCEPT,5.2346,1.0435,24,-23,16,0.5000,-378.84,313.71,44.31,22.42,100.00,142.00,118.00,44.00,0.0000,508.69,1,-1,3.4209,ACCEPT,0,335,3907,1052,7,350,24,0,0,0,0
273,0,1,1,ACCEPT,5.1968,1.0000,28,-27,7,0.0357,-397.61,316.17,42.61,21.56,100.50,144.00,119.00,42.00,0.0000,527.03,1,-1,3.3686,ACCEPT,0,375,2586,1351,7,350,28,0,0,0,0
274,0,1,0,NEGATIVE_PEAK,-5.5409,1.0000,-22,-25,-3,0.5455,-397.61,316.17,42.61,21.56,102.00,148.50,120.00,41.00,0.0000,526.99,0,0,0.0000,NOT_RUN,0,314,2729,0,7,350,22,0,0,0,0
275,0,1,1,ACCEPT,5.0002,1.0000,24,-24,-23,0.0833,-413.55,308.45,42.61,21.56,102.00,152.00,120.00,40.00,0.0000,538.76,1,-2,2.4680,OUT_OF_RANGE,0,347,3863,1101,7,350,24,0,0,0,0
276,0,1,1,ACCEPT,5.0743,1.0000,20,-26,5,0.1500,-430.81,310.12,42.61,21.56,101.50,153.00,121.00,40.00,0.0000,555.02,1,-2,2.5913,OUT_OF_RANGE,0,288,3437,1302,7,350,20,0,0,0,0
277,0,1,0,LOW_PSR,4.9199,1.0000,23,-29,5,0.1304,-430.81,310.12,42.61,21.56,101.00,155.00,122.00,38.00,0.0000,553.98,0,0,0.0000,NOT_RUN,0,315,2275,0,7,350,23,0,0,0,0
278,0,1,0,LOW_PSR,4.7464,1.0417,25,-21,8,0.3600,-430.81,310.12,42.61,21.56,100.00,155.00,122.00,38.00,0.0000,553.02,0,0,0.0000,NOT_RUN,0,350,2311,0,7,350,25,0,0,0,0
279,0,1,0,LOW_PSR,4.3336,1.0000,25,-29,10,0.6000,-430.81,310.12,42.61,21.56,99.50,156.00,123.00,38.00,0.0000,552.26,0,0,0.0000,NOT_RUN,0,398,1820,0,7,350,25,0,0,0,0
280,0,1,0,LOW_PSR,4.7904,1.0357,29,-21,11,0.5862,-430.81,310.12,42.61,21.56,98.50,156.00,123.00,38.00,0.0000,551.30,0,0,0.0000,NOT_RUN,0,420,2645,0,7,350,29,0,0,0,0
281,0,1,0,LOW_PSR,4.4990,1.0000,27,-27,11,0.6296,-430.81,310.12,42.61,21.56,99.00,155.50,126.00,37.00,0.0000,551.92,0,0,0.0000,NOT_RUN,0,422,2429,0,7,350,27,0,0,0,0
282,0,1,0,LOW_PSR,4.4534,1.0400,26,-23,13,0.5769,-430.81,310.12,42.61,21.56,97.50,155.50,123.00,37.00,0.0000,550.48,0,0,0.0000,NOT_RUN,0,416,2588,0,7,350,26,0,0,0,0
283,0,1,0,NEGATIVE_PEAK,-4.4714,1.0435,-24,-23,-20,0.4583,-430.81,310.12,42.61,21.56,97.50,155.50,123.00,37.00,0.0000,550.48,0,0,0.0000,NOT_RUN,0,352,2881,0,7,350,24,0,0,0,0
284,0,1,0,NEGATIVE_PEAK,-4.2074,1.0435,-24,-23,-20,0.5833,-430.81,310.12,42.61,21.56,98.00,155.50,124.00,39.00,0.0000,550.96,0,0,0.0000,NOT_RUN,0,374,2586,0,7,350,24,0,0,0,0
285,0,1,0,LOW_PSR,4.3753,1.0000,25,-27,12,0.6400,-430.81,310.12,42.61,21.56,97.00,154.50,124.00,39.00,0.0000,550.28,0,0,0.0000,NOT_RUN,0,402,3166,0,7,350,25,0,0,0,0
286,0,1,0,LOW_PSR,4.3139,1.0000,26,-26,12,0.6923,-430.81,310.12,42.61,21.56,97.50,154.50,125.00,39.00,0.0000,550.76,0,0,0.0000,NOT_RUN,0,430,2634,0,7,350,26,0,0,0,0
287,0,1,0,LOW_PSR,4.2930,1.0000,27,-26,-8,0.7037,-430.81,310.12,42.61,21.56,97.00,154.00,126.00,40.00,0.0000,550.42,0,0,0.0000,NOT_RUN,0,459,2588,0,7,350,27,0,0,0,0
288,0,1,0,LOW_PSR,4.2776,1.0000,25,-27,11,0.7200,-430.81,310.12,42.61,21.56,97.00,153.50,126.00,37.00,0.0000,550.56,0,0,0.0000,NOT_RUN,0,418,2694,0,7,350,25,0,0,0,0
289,0,1,0,NEGATIVE_PEAK,-4.3136,1.0417,-25,-21,-1,0.6400,-430.81,310.12,42.61,21.56,97.00,152.50,126.00,39.00,0.0000,550.85,0,0,0.0000,NOT_RUN,0,367,2301,0,7,350,25,0,0,0,0
290,0,1,0,LOW_PSR,4.4123,1.0000,26,-27,7,0.4231,-430.81,310.12,42.61,21.56,98.00,151.00,126.00,38.00,0.0000,552.23,0,0,0.0000,NOT_RUN,0,384,1487,0,7,350,26,0,0,0,0
291,0,1,0,LOW_PSR,4.5696,1.0000,27,-27,7,0.2963,-430.81,310.12,42.61,21.56,98.50,153.00,127.00,38.00,0.0000,552.14,0,0,0.0000,NOT_RUN,0,393,1343,0,7,350,27,0,0,0,0
292,0,1,0,LOW_PSR,4.6487,1.0000,27,-28,5,0.0370,-430.81,310.12,42.61,21.56,98.50,151.00,127.00,40.00,0.0000,552.71,0,0,0.0000,NOT_RUN,0,397,1272,0,7,350,27,0,0,0,0
293,0,1,1,ACCEPT,5.0146,1.0370,28,-22,3,0.2857,-445.42,311.13,42.61,21.56,98.50,151.50,127.00,39.00,0.0000,566.86,1,-1,2.1966,OUT_OF_RANGE,0,388,1141,2411,7,350,28,0,0,0,0
294,0,1,1,ACCEPT,5.8201,1.0000,24,-27,1,0.5833,-463.35,311.47,42.61,21.56,98.50,151.00,127.00,40.00,0.0000,584.32,1,-1,2.5286,OUT_OF_RANGE,0,261,1301,2287,7,350,24,0,0,0,0
295,0,1,1,ACCEPT,6.3239,1.0000,25,-28,1,0.4800,-481.95,311.80,42.61,21.56,99.00,152.00,128.00,40.00,0.0000,602.52,1,-1,2.4551,OUT_OF_RANGE,0,209,1046,2603,7,350,25,0,0,0,0
296,0,1,1,ACCEPT,6.8587,1.0000,26,-27,-1,0.5000,-499.88,311.47,42.61,21.56,99.50,151.50,127.00,41.00,0.0000,620.36,1,-1,1.9396,OUT_OF_RANGE,0,208,867,2459,7,350,26,0,0,0,0
297,0,1,1,ACCEPT,7.3865,1.0370,28,-25,3,0.3214,-516.48,312.48,42.61,21.56,98.50,152.00,127.00,42.00,0.0000,635.57,1,-1,2.6671,OUT_OF_RANGE,0,208,1187,2575,7,350,28,0,0,0,0
298,0,1,1,ACCEPT,7.2865,1.0385,27,-25,1,0.4444,-533.08,312.81,42.61,21.56,99.00,152.50,126.00,41.00,0.0000,652.09,1,-1,2.5952,OUT_OF_RANGE,0,214,1118,2490,7,350,27,0,0,0,0
299,0,1,1,ACCEPT,7.0833,1.0000,25,-29,-1,0.5200,-552.34,312.48,42.61,21.56,99.00,153.00,126.00,42.00,0.0000,670.58,1,-13,1.3827,MAX_STEP,0,200,1301,1766,7,350,25,0,0,0,0
300,0,1,1,ACCEPT,7.5556,1.0000,29,-29,3,0.3103,-571.59,313.48,42.61,21.56,98.50,153.00,127.00,40.00,0.0000,689.04,1,-1,2.6946,OUT_OF_RANGE,0,233,1089,2065,7,350,29,0,0,0,0
301,0,1,1,ACCEPT,7.2425,1.0000,27,-29,0,0.4815,-590.85,313.48,42.61,21.56,98.00,152.50,128.00,41.00,0.0000,707.41,1,-1,2.5947,OUT_OF_RANGE,0,238,971,2191,7,350,27,0,0,0,0
302,0,1,1,ACCEPT,7.1659,1.0400,26,-27,1,0.4615,-608.78,313.82,42.61,21.56,97.50,152.00,127.00,42.00,0.0000,724.58,1,-1,2.5334,OUT_OF_RANGE,0,272,694,2741,7,350,26,0,0,0,0
303,0,1,1,ACCEPT,7.1028,1.0435,24,-26,-3,0.3750,-626.05,312.81,42.61,21.56,97.50,152.00,127.00,42.00,0.0000,741.20,1,-11,1.5080,MAX_STEP,0,272,576,3009,7,350,24,0,0,0,0
304,0,1,1,ACCEPT,6.9535,1.0385,27,-25,1,0.4444,-642.65,313.15,42.61,21.56,97.00,152.50,128.00,43.00,0.0000,756.89,1,-1,1.4799,OUT_OF_RANGE,0,301,1127,2245,7,350,27,0,0,0,0
305,0,1,1,ACCEPT,7.1812,1.0345,30,-29,1,0.4667,-661.91,313.48,42.61,21.56,96.50,153.50,127.00,41.00,0.0000,775.10,1,-1,1.9797,OUT_OF_RANGE,0,279,1470,2320,7,350,30,0,0,0,0
306,0,1,1,ACCEPT,7.0118,1.0385,27,-27,1,0.4444,-679.84,313.82,42.61,21.56,96.50,152.00,127.00,42.00,0.0000,793.02,1,-1,2.2561,OUT_OF_RANGE,0,266,986,3035,7,350,27,0,0,0,0
307,0,1,1,ACCEPT,7.1998,1.0357,29,-27,-3,0.3448,-697.77,312.81,42.61,21.56,96.00,152.50,128.00,43.00,0.0000,809.79,1,-1,2.0841,OUT_OF_RANGE,0,280,1214,2671,7,350,29,0,0,0,0
308,0,1,1,ACCEPT,7.1553,1.0000,31,-31,1,0.4516,-718.35,313.15,42.61,21.56,96.50,152.00,127.00,42.00,0.0000,830.63,1,-1,2.5675,OUT_OF_RANGE,0,314,1039,2389,7,350,31,0,0,0,0
309,0,1,1,ACCEPT,7.5036,1.0345,30,-29,1,0.4000,-737.61,313.48,42.61,21.56,96.50,152.00,127.00,42.00,0.0000,849.60,1,-1,2.7227,OUT_OF_RANGE,0,291,845,2759,7,350,30,0,0,0,0
310,0,1,1,ACCEPT,7.3733,1.0000,28,-33,3,0.3214,-759.52,314.49,42.61,21.56,96.50,153.50,127.00,43.00,0.0000,871.03,1,-1,2.6471,OUT_OF_RANGE,0,281,1162,3199,7,350,28,0,0,0,0
311,0,1,1,ACCEPT,7.4103,1.0000,30,-31,1,0.4000,-780.11,314.83,42.61,21.56,96.50,154.00,127.00,42.00,0.0000,891.24,1,-1,2.5940,OUT_OF_RANGE,0,305,564,4047,7,350,30,0,0,0,0
312,0,1,1,ACCEPT,6.9376,1.0000,25,-31,1,0.4000,-800.70,315.16,42.61,21.56,96.00,154.50,128.00,43.00,0.0000,910.97,1,-1,2.5241,OUT_OF_RANGE,0,317,700,3749,7,350,25,0,0,0,0
313,0,1,1,ACCEPT,7.1131,1.0385,27,-28,3,0.2963,-819.29,316.17,42.61,21.56,96.50,155.50,127.00,41.00,0.0000,929.78,1,-1,2.7066,OUT_OF_RANGE,0,343,617,3579,7,350,27,0,0,0,0
314,0,1,1,ACCEPT,7.5523,1.0417,25,-30,1,0.3600,-839.21,316.51,42.61,21.56,95.50,156.00,127.00,44.00,0.0000,948.39,1,-1,2.6258,OUT_OF_RANGE,0,291,1035,2595,7,350,25,0,0,0,0
315,0,1,1,ACCEPT,6.8505,1.0000,20,-33,-1,0.3500,-861.12,316.17,42.61,21.56,96.00,156.50,128.00,43.00,0.0000,970.35,1,-14,1.5764,MAX_STEP,0,274,426,3771,7,350,20,0,0,0,0
316,0,1,1,ACCEPT,7.2361,1.0455,23,-31,3,0.1739,-881.71,317.18,42.61,21.56,95.00,157.50,128.00,43.00,0.0000,989.68,1,-1,2.2760,OUT_OF_RANGE,0,287,537,3997,7,350,23,0,0,0,0
317,0,1,1,ACCEPT,6.9309,1.0000,22,-34,1,0.2727,-904.29,317.52,42.61,21.56,94.50,157.00,127.00,44.00,0.0000,1011.61,1,-1,1.5124,OUT_OF_RANGE,0,269,476,3299,7,350,22,0,0,0,0
318,0,1,1,ACCEPT,6.8907,1.0000,21,-34,-1,0.2857,-926.87,317.18,42.61,21.56,94.00,157.00,128.00,44.00,0.0000,1033.36,1,-14,1.2762,MAX_STEP,0,260,1641,2467,7,350,21,0,0,0,0
319,0,1,1,ACCEPT,6.5182,1.0000,21,-35,3,0.2381,-950.11,318.19,42.61,21.56,93.50,158.00,127.00,42.00,0.0000,1055.83,1,-1,2.3237,OUT_OF_RANGE,0,252,621,4201,7,350,21,0,0,0,0
320,0,1,1,ACCEPT,5.9056,1.0000,18,-33,-1,0.2778,-972.02,317.85,42.61,21.56,93.00,157.50,128.00,43.00,0.0000,1077.03,1,-2,1.5847,OUT_OF_RANGE,0,221,1094,3362,7,350,18,0,0,0,0
321,0,1,1,ACCEPT,5.5921,1.0000,17,-34,-1,0.2941,-994.60,317.52,42.61,21.56,93.00,157.00,128.00,44.00,0.0000,1099.38,1,-1,1.6044,OUT_OF_RANGE,0,230,373,4971,7,350,17,0,0,0,0
322,0,1,1,ACCEPT,5.7210,1.0000,18,-34,-4,0.1667,-1017.18,316.17,42.61,21.56,92.50,156.00,127.00,42.00,0.0000,1121.18,1,-10,1.1047,MAX_STEP,0,222,1429,2305,7,350,18,0,0,0,0
323,0,1,1,ACCEPT,5.7907,1.0588,18,-33,1,0.2222,-1039.09,316.51,42.61,21.56,92.50,155.00,127.00,42.00,0.0000,1143.06,1,-2,1.4737,OUT_OF_RANGE,0,234,836,2841,7,350,18,0,0,0,0
324,0,1,1,ACCEPT,5.4298,1.0000,15,-36,-2,0.2667,-1063.00,315.84,42.61,21.56,92.00,155.00,126.00,42.00,0.0000,1166.14,1,-8,1.2999,MAX_STEP,0,208,1059,2487,7,350,15,0,0,0,0
325,0,1,1,ACCEPT,6.4041,1.0625,17,-34,-1,0.2353,-1085.58,315.50,42.61,21.56,92.50,154.50,127.00,43.00,0.0000,1189.03,1,-1,1.4761,OUT_OF_RANGE,0,190,1697,1710,7,350,17,0,0,0,0
326,0,1,1,ACCEPT,6.4645,1.0000,16,-37,-3,0.1875,-1110.15,314.49,42.61,21.56,92.00,153.50,128.00,43.00,0.0000,1212.88,1,-10,1.2476,MAX_STEP,0,176,1167,2035,7,350,16,0,0,0,0
327,0,1,1,ACCEPT,6.9636,1.0000,18,-36,3,0.1111,-1134.05,315.50,42.61,21.56,92.00,153.00,128.00,42.00,0.0000,1236.78,1,-1,2.1196,OUT_OF_RANGE,0,182,1137,2076,7,350,18,0,0,0,0
328,0,1,1,ACCEPT,6.3544,1.0000,20,-38,-5,0.0500,-1159.29,313.82,42.61,21.56,92.00,153.00,128.00,42.00,0.0000,1261.58,1,-2,1.7101,OUT_OF_RANGE,0,216,1877,1544,7,350,20,0,0,0,0
329,0,1,1,ACCEPT,5.6896,1.0625,17,-31,-1,0.2353,-1179.88,313.48,42.61,21.56,92.50,153.00,127.00,42.00,0.0000,1282.46,1,-2,1.7401,OUT_OF_RANGE,0,228,1120,2090,7,350,17,0,0,0,0
330,0,1,1,ACCEPT,5.8909,1.0625,17,-31,1,0.1765,-1200.46,313.82,42.61,21.56,93.50,153.00,127.00,42.00,0.0000,1303.92,1,-2,1.9851,OUT_OF_RANGE,0,215,1125,1848,7,350,17,0,0,0,0
331,0,1,1,ACCEPT,6.1754,1.0909,12,-35,-3,0.0833,-1223.70,312.81,42.61,21.56,93.50,151.50,127.00,41.00,0.0000,1327.04,1,-7,1.4631,MAX_STEP,0,130,724,3332,7,350,12,0,0,0,0
332,0,1,1,ACCEPT,6.4833,1.0000,14,-37,-1,0.2143,-1248.27,312.48,42.61,21.56,94.00,151.50,126.00,41.00,0.0000,1351.89,1,-8,1.3788,MAX_STEP,0,145,845,2437,7,350,14,0,0,0,0
333,0,1,1,ACCEPT,6.7594,1.0000,14,-38,3,0.0714,-1273.51,313.48,42.61,21.56,94.50,152.50,127.00,41.00,0.0000,1377.45,1,-2,2.1093,OUT_OF_RANGE,0,136,1103,2153,7,350,14,0,0,0,0
334,0,1,1,ACCEPT,6.5843,1.0000,13,-36,1,0.1538,-1297.41,313.82,42.61,21.56,94.50,152.50,127.00,43.00,0.0000,1401.23,1,-2,2.3269,OUT_OF_RANGE,0,128,1072,1934,7,350,13,0,0,0,0
335,0,1,1,ACCEPT,6.3988,1.0833,13,-35,-1,0.1538,-1320.66,313.48,42.61,21.56,93.50,153.00,129.00,42.00,0.0000,1423.23,1,-7,1.5509,MAX_STEP,0,144,1424,1639,7,350,13,0,0,0,0
336,0,1,1,ACCEPT,6.2353,1.0000,12,-39,3,0.0000,-1346.55,314.49,42.61,21.56,93.50,153.00,129.00,42.00,0.0000,1449.08,1,-2,2.2494,OUT_OF_RANGE,0,141,1425,1616,7,350,12,0,0,0,0
337,0,1,1,ACCEPT,7.6088,1.1000,11,-33,3,0.0000,-1368.47,315.50,42.61,21.56,92.50,154.00,129.00,40.00,0.0000,1469.87,1,-1,2.1145,OUT_OF_RANGE,0,101,1442,1610,7,350,11,0,0,0,0
338,0,1,1,ACCEPT,5.6880,1.1111,10,-33,1,0.1000,-1390.38,315.84,42.61,21.56,92.50,153.00,127.00,40.00,0.0000,1491.80,1,-2,1.5328,OUT_OF_RANGE,0,178,1432,1710,7,350,10,0,0,0,0
339,0,1,0,LOW_PSR,4.9710,1.0000,8,-40,1,0.1250,-1390.38,315.84,42.61,21.56,93.00,154.50,128.00,41.00,0.0000,1492.13,0,0,0.0000,NOT_RUN,0,173,947,0,7,350,8,0,0,0,0
340,0,1,0,LOW_PSR,4.5753,1.0000,8,-37,3,0.0000,-1390.38,315.84,42.61,21.56,91.50,155.00,127.00,42.00,0.0000,1490.59,0,0,0.0000,NOT_RUN,0,199,1145,0,7,350,8,0,0,0,0
341,0,1,0,LOW_PSR,4.5282,1.0000,9,-35,5,0.0000,-1390.38,315.84,42.61,21.56,90.50,155.50,127.00,41.00,0.0000,1489.54,0,0,0.0000,NOT_RUN,0,221,1502,0,7,350,9,0,0,0,0
342,0,1,0,LOW_PSR,4.1456,1.0000,9,-39,5,0.0000,-1390.38,315.84,42.61,21.56,90.50,156.00,127.00,42.00,0.0000,1489.48,0,0,0.0000,NOT_RUN,0,236,1978,0,7,350,9,0,0,0,0
343,0,1,0,LOW_PSR,4.0152,1.0000,8,-41,7,0.0000,-1390.38,315.84,42.61,21.56,90.00,157.00,126.00,42.00,0.0000,1488.88,0,0,0.0000,NOT_RUN,0,213,3224,0,7,350,8,0,0,0,0
344,0,1,0,NEGATIVE_PEAK,-3.7218,1.0000,-7,-42,-27,0.0000,-1390.38,315.84,42.61,21.56,89.50,158.00,127.00,42.00,0.0000,1488.28,0,0,0.0000,NOT_RUN,0,172,2596,0,7,350,7,0,0,0,0
345,0,1,0,LOW_PSR,4.9132,1.0000,6,-42,5,0.0000,-1390.38,315.84,42.61,21.56,89.50,159.50,127.00,43.00,0.0000,1488.12,0,0,0.0000,NOT_RUN,0,125,3015,0,7,350,6,0,0,0,0
346,0,1,1,ACCEPT,6.6328,1.0000,8,-44,5,0.2500,-1419.60,317.52,42.61,21.56,88.50,159.00,127.00,44.00,0.0000,1516.41,1,-8,1.4589,MAX_STEP,0,67,3189,635,7,350,8,0,0,0,0
347,0,1,1,ACCEPT,6.9517,1.0000,8,-40,-1,0.0000,-1446.16,317.18,42.61,21.56,88.50,160.00,127.00,42.00,0.0000,1542.69,1,-10,1.3950,MAX_STEP,0,99,8702,301,7,350,8,0,0,0,0
348,0,1,1,ACCEPT,5.1669,1.0000,7,-39,-15,0.0000,-1472.06,312.14,42.61,21.56,88.50,160.50,127.00,43.00,0.0000,1567.91,1,-2,2.3019,OUT_OF_RANGE,0,123,9996,306,7,350,7,0,0,0,0
349,0,1,1,ACCEPT,5.9998,1.0000,12,-39,-3,0.0833,-1497.96,311.13,42.61,21.56,89.50,160.50,127.00,43.00,0.0000,1594.59,1,-2,2.7266,OUT_OF_RANGE,0,135,4907,466,7,350,12,0,0,0,0
350,0,1,0,NEGATIVE_PEAK,-6.5508,1.0000,-10,-42,9,0.1000,-1497.96,311.13,42.61,21.56,90.50,160.50,127.00,43.00,0.0000,1595.59,0,0,0.0000,NOT_RUN,0,105,4529,0,7,350,10,0,0,0,0
0,0,0,0,ZERO_RESPONSE,0.0000,0.0000,0,0,0,0.0000,45.50,191.00,57.00,34.00,45.50,191.00,57.00,34.00,1.0000,0.00,1,0,0.0000,NOT_RUN,0,0,2242,27817,8,400,0,0,0,0,0
1,0,1,1,ACCEPT,13.9236,1.5662,343,-1,0,0.9854,44.61,191.00,57.00,34.00,45.50,193.50,47.00,43.00,0.6768,2.65,1,0,3.5242,ACCEPT,0,1258,1745,27861,8,400,343,0,0,0,0
2,0,1,1,ACCEPT,12.0664,1.5312,294,0,0,1.0000,44.61,191.00,57.00,34.00,46.00,195.50,42.00,49.00,0.5561,4.71,1,0,3.1921,ACCEPT,0,1323,1628,31360,8,400,294,0,0,0,0
3,0,1,1,ACCEPT,10.3231,1.4315,355,-1,-1,0.9183,43.72,190.47,54.81,32.69,49.50,197.50,29.00,55.00,0.3888,9.10,1,-1,3.0643,ACCEPT,0,2215,1785,19923,8,400,355,0,0,0,0
4,0,1,1,ACCEPT,10.2198,1.7182,378,-2,-1,0.8677,42.00,189.96,54.81,32.69,53.00,199.50,16.00,53.00,0.2471,14.56,1,0,3.4545,ACCEPT,0,2459,1545,20083,8,400,378,0,0,0,0
5,0,1,1,ACCEPT,11.0633,1.7634,395,0,-2,0.9038,42.00,188.95,54.81,32.69,53.50,201.50,17.00,57.00,0.2482,17.03,1,0,3.2857,ACCEPT,0,2243,1344,20981,8,400,395,0,0,0,0
6,0,1,1,ACCEPT,10.4536,2.2359,436,-2,-3,0.6858,40.28,187.42,54.81,32.69,61.50,202.00,29.00,56.00,0.2199,25.74,1,0,2.7295,ACCEPT,0,2863,1438,20208,8,400,436,0,0,0,0
7,0,1,1,ACCEPT,10.4996,2.3511,442,0,-1,0.9389,40.28,186.91,54.81,32.69,65.00,202.00,42.00,52.00,0.1939,28.96,1,0,2.4947,ACCEPT,0,2567,1603,16360,8,400,442,0,0,0,0
8,0,1,1,ACCEPT,10.5735,2.2189,375,-1,-1,0.9360,39.42,186.41,54.81,32.69,65.00,201.00,50.00,46.00,0.1937,29.45,1,0,1.9176,LOW_CONF,0,1973,1365,17910,8,400,375,0,0,0,0
9,0,1,1,ACCEPT,12.1085,2.3370,430,-4,0,0.6767,35.98,186.41,54.81,32.69,68.50,200.50,59.00,35.00,0.1427,35.44,1,0,3.3148,ACCEPT,0,2177,936,21562,8,400,430,0,0,0,0
10,0,1,1,ACCEPT,12.9192,2.2258,414,-2,0,0.8261,34.27,186.41,54.81,32.69,73.00,200.00,66.00,24.00,0.1046,41.05,1,0,3.0088,ACCEPT,0,2325,660,28636,8,400,414,0,0,0,0
11,0,1,1,ACCEPT,15.0857,2.9286,451,-1,-1,0.9335,33.41,185.90,54.81,32.69,74.00,201.00,72.00,22.00,0.0902,43.31,1,0,3.1599,ACCEPT,0,2377,583,28386,8,400,451,0,0,0,0
12,0,1,1,ACCEPT,18.4856,3.1429,484,-1,-5,0.4174,32.55,183.36,54.81,32.69,78.50,203.50,71.00,15.00,0.0225,50.17,1,0,3.3507,ACCEPT,0,2070,713,27141,8,400,484,0,0,0,0
13,0,1,1,ACCEPT,21.1141,2.9398,488,-2,-4,0.5205,30.83,181.33,54.81,32.69,83.00,204.00,66.00,20.00,0.0098,56.89,1,0,3.0411,ACCEPT,0,1667,895,30341,8,400,488,0,0,0,0
14,0,1,1,ACCEPT,21.4662,2.4725,539,1,-2,0.7792,31.69,180.31,54.81,32.69,83.50,204.50,65.00,25.00,0.0112,57.18,1,0,3.3050,ACCEPT,0,1798,980,31391,8,400,539,0,0,0,0
15,0,1,1,ACCEPT,21.5163,2.7562,554,-1,-6,0.3357,30.83,177.27,54.81,32.69,90.50,206.50,49.00,33.00,0.0000,66.45,1,0,3.2732,ACCEPT,0,1924,893,27780,8,400,554,0,0,0,0
16,0,1,1,ACCEPT,22.2796,2.8610,535,0,-8,0.1252,30.83,173.20,54.81,32.69,94.00,208.00,40.00,40.00,0.0000,72.12,1,0,3.2842,ACCEPT,0,1780,916,25390,8,400,535,0,0,0,0
17,0,1,1,ACCEPT,23.9144,2.8610,535,0,-4,0.5364,30.83,171.17,54.81,32.69,94.00,207.50,36.00,41.00,0.0000,72.87,1,0,3.3032,ACCEPT,0,1659,739,26514,8,400,535,0,0,0,0
18,0,1,1,ACCEPT,23.7629,2.5022,568,0,-10,0.0757,30.83,166.09,54.81,32.69,92.00,205.00,36.00,42.00,0.0000,72.50,1,0,3.3553,ACCEPT,0,1734,972,27379,8,400,568,0,0,0,0
19,0,1,1,ACCEPT,25.1677,2.6064,649,0,-10,0.0539,30.83,161.02,54.81,32.69,91.00,202.50,54.00,47.00,0.0000,73.09,1,0,3.3484,ACCEPT,0,1868,823,25358,8,400,649,0,0,0,0
20,0,1,1,ACCEPT,26.7896,2.7302,587,0,-5,0.4600,30.83,158.48,54.81,32.69,88.00,204.00,64.00,48.00,0.0000,73.08,1,0,3.3782,ACCEPT,0,1715,652,28595,8,400,587,0,0,0,0
21,0,1,1,ACCEPT,26.7630,2.9194,616,0,-7,0.1364,30.83,154.92,54.81,32.69,85.00,204.50,72.00,39.00,0.0000,73.43,1,0,3.3098,ACCEPT,0,1872,688,25957,8,400,616,0,0,0,0
22,0,1,1,ACCEPT,27.5244,2.7082,631,0,-9,0.0571,30.83,150.35,54.81,32.69,85.50,206.00,73.00,32.00,0.0000,78.01,1,0,3.2898,ACCEPT,0,1840,592,26626,8,400,631,0,0,0,0
23,0,1,1,ACCEPT,27.9940,2.8479,618,1,-2,0.7913,31.69,149.34,54.81,32.69,85.00,208.50,76.00,39.00,0.0000,79.64,1,0,3.3450,ACCEPT,0,1767,580,27339,8,400,618,0,0,0,0
24,0,1,1,ACCEPT,27.8322,2.8267,636,0,-9,0.0802,31.69,144.77,54.81,32.69,87.50,212.00,71.00,50.00,0.0000,87.38,1,0,3.3472,ACCEPT,0,1799,645,25989,8,400,636,0,0,0,0
25,0,1,1,ACCEPT,28.5636,3.0312,679,0,-10,0.0324,31.69,139.69,54.81,32.69,87.50,207.50,71.00,47.00,0.0000,87.83,1,0,3.3548,ACCEPT,0,1799,612,25292,8,400,679,0,0,0,0
26,0,1,1,ACCEPT,29.4656,3.1019,639,0,-5,0.4210,31.69,137.15,54.81,32.69,89.50,210.50,69.00,47.00,0.0000,93.40,1,0,3.3138,ACCEPT,0,1787,555,30085,8,400,639,0,0,0,0
27,0,1,1,ACCEPT,25.5699,2.0649,636,0,-12,0.0267,31.69,131.05,54.81,32.69,95.00,210.00,58.00,44.00,0.0000,101.20,1,0,3.3056,ACCEPT,0,1769,648,24990,8,400,636,0,0,0,0
28,0,1,1,ACCEPT,24.9805,2.3272,633,0,-15,0.0569,31.69,123.44,54.81,32.69,105.00,211.50,48.00,53.00,0.0000,114.59,1,0,3.2132,ACCEPT,0,1637,704,24700,8,400,633,0,0,0,0
29,0,1,1,ACCEPT,27.4678,2.3692,661,0,-8,0.1604,31.69,119.38,54.81,32.69,108.00,209.00,40.00,48.00,0.0000,117.71,1,0,3.2115,ACCEPT,0,1657,650,28612,8,400,661,0,0,0,0
30,0,1,1,ACCEPT,25.9096,2.3502,698,0,-16,0.0659,31.69,111.25,54.81,32.69,109.00,205.00,38.00,56.00,0.0000,121.52,1,0,3.1986,ACCEPT,0,1872,732,25771,8,400,698,0,0,0,0
31,0,1,1,ACCEPT,26.6059,2.3077,720,0,-18,0.0486,31.69,102.11,54.81,32.69,107.00,197.00,42.00,60.00,0.0000,121.15,1,0,3.2724,ACCEPT,0,1766,784,24516,8,400,720,0,0,0,0
32,0,1,1,ACCEPT,30.1689,2.7481,720,0,-9,0.0569,31.69,97.54,54.81,32.69,108.00,194.00,46.00,60.00,0.0000,123.00,1,0,3.3444,ACCEPT,0,1666,635,27685,8,400,720,0,0,0,0
33,0,1,1,ACCEPT,27.5868,2.5725,710,-1,-17,0.0380,30.83,88.91,54.81,32.69,107.50,189.50,49.00,53.00,0.0000,126.48,1,0,3.2886,ACCEPT,0,1829,761,27330,8,400,710,0,0,0,0
34,0,1,1,ACCEPT,28.4795,2.4667,740,-1,-15,0.0500,29.97,81.29,54.81,32.69,105.50,185.00,55.00,46.00,0.0000,128.30,1,0,3.2321,ACCEPT,0,1872,739,24842,8,400,740,0,0,0,0
35,0,1,1,ACCEPT,30.0880,2.4908,675,0,-8,0.1526,29.97,77.23,54.81,32.69,104.50,183.50,57.00,43.00,0.0000,129.80,1,0,3.3560,ACCEPT,0,1663,623,28865,8,400,675,0,0,0,0
36,0,1,1,ACCEPT,29.0129,2.3828,691,-1,-15,0.0492,29.11,69.61,54.81,32.69,100.00,182.00,58.00,44.00,0.0000,132.88,1,0,3.3593,ACCEPT,0,1804,717,25885,8,400,691,0,0,0,0
37,0,1,1,ACCEPT,29.6612,2.4740,715,-1,-16,0.0503,28.25,61.48,54.81,32.69,95.50,180.50,57.00,43.00,0.0000,136.70,1,0,3.3840,ACCEPT,0,1726,732,25643,8,400,715,0,0,0,0
38,0,1,1,ACCEPT,30.5837,2.6777,648,0,-6,0.3565,28.25,58.44,54.81,32.69,93.00,180.00,58.00,44.00,0.0000,137.73,1,0,3.3101,ACCEPT,0,1459,742,28358,8,400,648,0,0,0,0
39,0,1,1,ACCEPT,28.6640,2.4113,639,-1,-15,0.0391,27.39,50.82,54.81,32.69,90.50,178.50,61.00,43.00,0.0000,142.43,1,0,3.3487,ACCEPT,0,1718,776,25339,8,400,639,0,0,0,0
40,0,1,1,ACCEPT,28.0009,2.3495,679,-1,-17,0.0530,26.53,42.19,54.81,32.69,88.00,176.50,66.00,43.00,0.0000,147.71,1,0,3.3916,ACCEPT,0,1924,856,24595,8,400,679,0,0,0,0
41,0,1,1,ACCEPT,29.9979,2.3763,682,-1,-8,0.1818,25.67,38.12,54.81,32.69,86.50,176.00,67.00,44.00,0.0000,150.70,1,0,3.2333,ACCEPT,0,1718,732,27555,8,400,682,0,0,0,0
42,0,1,1,ACCEPT,27.9747,2.4507,696,0,-16,0.0647,25.67,30.00,54.81,32.69,84.50,174.00,73.00,42.00,0.0000,155.55,1,0,3.2827,ACCEPT,0,1980,846,24663,8,400,696,0,0,0,0
43,0,1,1,ACCEPT,28.1202,2.4150,739,0,-17,0.0663,25.67,21.37,54.81,32.69,82.50,173.50,77.00,41.00,0.0000,162.40,1,0,3.3530,ACCEPT,0,2032,882,22108,8,400,739,0,0,0,0
44,0,1,1,ACCEPT,29.7568,2.3405,653,0,-8,0.1317,25.67,17.30,54.81,32.69,80.50,173.00,81.00,42.00,0.0000,165.07,1,0,3.3494,ACCEPT,0,1679,641,24778,8,400,653,0,0,0,0
45,0,1,1,ACCEPT,27.5402,2.0680,639,-1,-18,0.0610,24.81,8.16,54.81,32.69,80.00,173.00,82.00,42.00,0.0000,173.83,1,0,3.2061,ACCEPT,0,1714,759,20284,8,400,639,0,0,0,0
46,0,1,1,ACCEPT,23.9733,2.2607,581,0,-18,0.0654,24.81,-0.98,54.81,32.69,83.00,172.50,82.00,41.00,0.0000,182.98,1,0,3.2327,ACCEPT,0,1777,790,21859,8,400,581,0,0,0,0
47,0,1,1,ACCEPT,18.0056,1.8015,472,0,-9,0.0720,24.81,-5.55,54.81,32.69,83.00,172.00,86.00,42.00,0.0000,186.84,1,0,3.0537,ACCEPT,0,1676,685,21584,8,400,472,0,0,0,0
48,0,1,1,ACCEPT,13.6102,1.8765,319,-1,-18,0.0470,23.95,-14.69,57.00,34.00,83.50,169.00,83.00,40.00,0.0000,193.10,1,1,2.5028,ACCEPT,0,1531,1532,15228,8,400,319,0,0,0,0
49,0,1,0,LOW_PSR,3.2777,1.0294,105,-3,-43,0.2095,23.95,-14.69,57.00,34.00,85.50,166.50,85.00,41.00,0.0000,191.36,0,0,0.0000,NOT_RUN,0,3356,3032,0,8,400,105,0,0,0,0
50,0,1,0,NEGATIVE_PEAK,-3.1542,1.0000,-104,20,-38,0.3365,23.95,-14.69,57.00,34.00,86.50,165.00,83.00,42.00,0.0000,190.26,0,0,0.0000,NOT_RUN,0,3062,3059,0,8,400,104,0,0,0,0
51,0,1,0,NEGATIVE_PEAK,-3.4824,1.0159,-128,19,-29,0.0625,23.95,-14.69,57.00,34.00,91.00,165.00,80.00,46.00,0.0000,191.79,0,0,0.0000,NOT_RUN,0,3566,1564,0,8,400,128,0,0,0,0
52,0,1,0,NEGATIVE_PEAK,-3.7725,1.0367,-113,19,-31,0.2655,23.95,-14.69,57.00,34.00,92.50,163.00,77.00,54.00,0.0000,190.45,0,0,0.0000,NOT_RUN,0,2520,1197,0,8,400,113,0,0,0,0
53,0,1,0,NEGATIVE_PEAK,-3.5044,1.0215,-95,18,-37,0.3789,23.95,-14.69,57.00,34.00,95.00,161.50,70.00,57.00,0.0000,189.97,0,0,0.0000,NOT_RUN,0,2230,838,0,8,400,95,0,0,0,0
54,0,1,0,LOW_PSR,3.8982,1.0676,79,30,-26,0.1392,23.95,-14.69,57.00,34.00,98.00,160.50,68.00,51.00,0.0000,190.19,0,0,0.0000,NOT_RUN,0,1840,1236,0,8,400,79,0,0,0,0
55,0,1,0,LOW_PSR,3.9619,1.0548,77,33,-23,0.0779,23.95,-14.69,57.00,34.00,99.50,163.00,65.00,40.00,0.0000,193.08,0,0,0.0000,NOT_RUN,0,1651,785,0,8,400,77,0,0,0,0
56,0,1,0,NEGATIVE_PEAK,-3.4343,1.0341,-91,17,-30,0.2308,23.95,-14.69,57.00,34.00,100.50,162.50,65.00,39.00,0.0000,193.02,0,0,0.0000,NOT_RUN,0,2144,1042,0,8,400,91,0,0,0,0
57,0,1,0,LOW_PSR,3.2501,1.0123,82,-31,7,0.3415,23.95,-14.69,57.00,34.00,100.50,163.00,63.00,26.00,0.0000,193.47,0,0,0.0000,NOT_RUN,0,2189,1321,0,8,400,82,0,0,0,0
58,0,1,0,NEGATIVE_PEAK,-3.1499,1.0319,-97,9,-28,0.4021,23.95,-14.69,57.00,34.00,99.50,160.50,63.00,25.00,0.0000,190.78,0,0,0.0000,NOT_RUN,0,2957,1448,0,8,400,97,0,0,0,0
59,0,1,0,LOW_PSR,3.2033,1.0460,91,-18,9,0.1868,23.95,-14.69,57.00,34.00,99.00,163.00,62.00,30.00,0.0000,192.89,0,0,0.0000,NOT_RUN,0,2964,1534,0,8,400,91,0,0,0,0
60,0,1,0,NEGATIVE_PEAK,-3.2875,1.0404,-103,12,-25,0.0000,23.95,-14.69,57.00,34.00,97.50,166.50,61.00,37.00,0.0000,195.55,0,0,0.0000,NOT_RUN,0,2978,1271,0,8,400,103,0,0,0,0
61,0,1,0,NEGATIVE_PEAK,-3.2529,1.0204,-100,9,-35,0.1000,23.95,-14.69,57.00,34.00,97.00,169.00,60.00,48.00,0.0000,197.68,0,0,0.0000,NOT_RUN,0,2732,1967,0,8,400,100,0,0,0,0
62,0,1,0,NEGATIVE_PEAK,-3.8426,1.0167,-122,12,-30,0.0492,23.95,-14.69,57.00,34.00,97.50,170.50,59.00,49.00,0.0000,199.26,0,0,0.0000,NOT_RUN,0,2852,1987,0,8,400,122,0,0,0,0
63,0,1,0,NEGATIVE_PEAK,-3.7848,1.0200,-102,11,-23,0.3039,23.95,-14.69,57.00,34.00,99.50,170.50,61.00,55.00,0.0000,200.00,0,0,0.0000,NOT_RUN,0,2241,1164,0,8,400,102,0,0,0,0
64,0,1,0,NEGATIVE_PEAK,-3.5071,1.0096,-105,7,-13,0.2000,23.95,-14.69,57.00,34.00,102.00,173.00,64.00,52.00,0.0000,203.27,0,0,0.0000,NOT_RUN,0,2749,1345,0,8,400,105,0,0,0,0
65,0,1,0,NEGATIVE_PEAK,-3.9645,1.0100,-101,11,-31,0.1881,23.95,-14.69,57.00,34.00,101.50,174.00,61.00,52.00,0.0000,204.00,0,0,0.0000,NOT_RUN,0,2305,1379,0,8,400,101,0,0,0,0
66,0,1,0,NEGATIVE_PEAK,-3.9538,1.0741,-87,14,-37,0.1954,23.95,-14.69,57.00,34.00,104.00,175.50,62.00,43.00,0.0000,206.35,0,0,0.0000,NOT_RUN,0,1817,1114,0,8,400,87,0,0,0,0
67,0,1,1,ACCEPT,5.5176,1.3770,84,-32,4,0.5357,-4.55,-12.56,57.00,34.00,103.50,176.50,61.00,35.00,0.0000,217.76,1,14,1.9930,MAX_STEP,0,1029,1109,15053,8,400,84,0,0,0,0
68,0,1,1,ACCEPT,5.6490,1.1250,126,0,-4,0.4127,-4.55,-14.69,57.00,34.00,104.00,176.50,60.00,31.00,0.0000,219.85,1,11,2.2055,MAX_STEP,0,1373,580,17437,8,400,126,0,0,0,0
69,0,1,0,NEGATIVE_PEAK,-3.3948,1.0361,-86,-24,2,0.4419,-4.55,-14.69,57.00,34.00,104.00,181.00,60.00,42.00,0.0000,223.78,0,0,0.0000,NOT_RUN,0,2362,3335,0,8,400,86,0,0,0,0
70,0,1,0,NEGATIVE_PEAK,-4.4693,1.2190,-128,7,0,0.7734,-4.55,-14.69,57.00,34.00,103.50,186.50,59.00,47.00,0.0000,228.36,0,0,0.0000,NOT_RUN,0,2200,4714,0,8,400,128,0,0,0,0
71,0,1,0,NEGATIVE_PEAK,-4.0162,1.2561,-103,7,2,0.5631,-4.55,-14.69,57.00,34.00,104.50,188.00,61.00,48.00,0.0000,230.16,0,0,0.0000,NOT_RUN,0,1918,2967,0,8,400,103,0,0,0,0
72,0,1,0,NEGATIVE_PEAK,-3.8593,1.1064,-104,4,0,0.7115,-4.55,-14.69,57.00,34.00,105.50,189.00,63.00,50.00,0.0000,231.51,0,0,0.0000,NOT_RUN,0,1870,2234,0,8,400,104,0,0,0,0
73,0,1,0,LOW_PSR,3.8070,1.0270,76,11,12,0.1184,-4.55,-14.69,57.00,34.00,106.50,188.50,63.00,51.00,0.0000,231.55,0,0,0.0000,NOT_RUN,0,1403,7656,0,8,400,76,0,0,0,0
74,0,1,0,LOW_PSR,4.2823,1.0541,78,11,11,0.2179,-4.55,-14.69,57.00,34.00,107.00,189.00,62.00,52.00,0.0000,232.23,0,0,0.0000,NOT_RUN,0,1348,6790,0,8,400,78,0,0,0,0
75,0,1,0,LOW_PSR,4.8814,1.0361,86,-4,11,0.2093,-4.55,-14.69,57.00,34.00,108.50,192.00,61.00,52.00,0.0000,235.58,0,0,0.0000,NOT_RUN,0,1252,4674,0,8,400,86,0,0,0,0
76,0,1,1,ACCEPT,5.6323,1.3750,121,10,7,0.1240,4.36,-10.97,57.00,34.00,108.50,196.00,61.00,50.00,0.0000,231.69,1,-11,1.8358,MAX_STEP,0,1668,3820,10412,8,400,121,0,0,0,0
77,0,1,1,ACCEPT,6.4885,1.4604,203,1,1,0.9360,5.25,-10.44,57.00,34.00,108.00,196.00,62.00,52.00,0.0000,230.59,1,-2,1.9609,LOW_CONF,0,1767,2362,16155,8,400,203,0,0,0,0
78,0,1,1,ACCEPT,7.0874,1.2551,305,0,-2,0.9082,5.25,-11.50,57.00,34.00,106.50,198.50,63.00,49.00,0.0000,233.13,1,-4,1.6220,MAX_STEP,0,1997,1438,23067,8,400,305,0,0,0,0
79,0,1,1,ACCEPT,7.9418,1.4717,312,0,1,0.9295,5.25,-10.97,57.00,34.00,105.50,199.00,65.00,38.00,0.0000,232.67,1,-13,1.6125,MAX_STEP,0,2181,1510,16686,8,400,312,0,0,0,0
80,0,1,1,ACCEPT,8.7690,1.4550,291,0,-1,0.9691,5.25,-11.50,57.00,34.00,105.00,199.00,68.00,36.00,0.0000,232.94,1,-12,1.5924,MAX_STEP,0,1737,1132,17956,8,400,291,0,0,0,0
81,0,1,1,ACCEPT,9.6323,1.4423,300,0,1,0.9800,5.25,-10.97,57.00,34.00,103.50,198.50,71.00,31.00,0.0000,231.37,1,-11,1.5055,MAX_STEP,0,1631,1242,14933,8,400,300,0,0,0,0
82,0,1,1,ACCEPT,10.8149,1.5245,311,0,-1,0.9325,5.25,-11.50,57.00,34.00,103.00,200.00,72.00,30.00,0.0000,233.00,1,-11,1.6448,MAX_STEP,0,1329,1124,15148,8,400,311,0,0,0,0
83,0,1,1,ACCEPT,11.9272,1.6548,326,0,0,1.0000,5.25,-11.50,57.00,34.00,101.50,199.00,73.00,28.00,0.0000,231.46,1,-12,1.6503,MAX_STEP,0,1411,1232,13175,8,400,326,0,0,0,0
84,0,1,1,ACCEPT,12.4936,1.5969,313,0,0,1.0000,5.25,-11.50,57.00,34.00,101.50,200.50,75.00,27.00,0.0000,232.83,1,-11,1.4355,MAX_STEP,0,1292,996,15528,8,400,313,0,0,0,0
85,0,1,1,ACCEPT,13.1647,1.6498,358,0,-1,0.9860,5.25,-12.03,57.00,34.00,101.50,201.50,73.00,25.00,0.0000,234.22,1,-10,1.3083,MAX_STEP,0,1528,1085,14176,8,400,358,0,0,0,0
86,0,1,1,ACCEPT,14.0155,1.8973,351,0,-1,0.9573,5.25,-12.56,57.00,34.00,101.00,203.50,74.00,25.00,0.0000,236.33,1,-14,1.3481,MAX_STEP,0,1239,1532,11392,8,400,351,0,0,0,0
87,0,1,1,ACCEPT,14.6892,2.2027,326,0,0,1.0000,5.25,-12.56,57.00,34.00,101.00,204.50,74.00,25.00,0.0000,237.24,1,-16,1.6779,AT_SEARCH_RAIL,0,1095,1218,12975,8,400,326,0,0,0,0
88,0,1,1,ACCEPT,14.1041,1.8994,340,-1,-1,0.9618,4.36,-13.09,57.00,34.00,101.50,204.00,73.00,26.00,0.0000,237.84,1,-4,1.8763,MAX_STEP,0,1460,861,12994,8,400,340,0,0,0,0
89,0,1,1,ACCEPT,13.6533,2.0392,312,0,-2,0.9071,4.36,-14.16,57.00,34.00,101.00,205.00,74.00,24.00,0.0000,239.52,1,-3,2.0186,MAX_STEP,0,1324,1224,13732,8,400,312,0,0,0,0
90,0,1,1,ACCEPT,10.0086,1.7669,235,0,-3,0.8298,4.36,-15.75,57.00,34.00,100.00,205.50,74.00,23.00,0.0000,241.04,1,0,2.5462,ACCEPT,0,1482,570,13224,8,400,235,0,0,0,0
91,0,1,1,ACCEPT,9.3938,1.5794,169,1,1,0.9882,5.25,-15.22,54.81,32.69,100.50,203.00,73.00,20.00,0.0000,238.10,1,-1,2.9023,ACCEPT,0,1310,985,11593,8,400,169,0,0,0,0
92,0,1,1,ACCEPT,11.1403,1.5244,125,0,-1,0.9680,5.25,-15.73,54.81,32.69,100.00,204.00,74.00,18.00,0.0000,239.29,1,0,3.0720,ACCEPT,0,702,701,12795,8,400,125,0,0,0,0
93,0,1,1,ACCEPT,11.9771,1.5714,121,0,1,0.9835,5.25,-15.22,54.81,32.69,99.00,203.50,74.00,19.00,0.0000,237.96,1,0,3.0625,ACCEPT,0,672,849,10482,8,400,121,0,0,0,0
94,0,1,1,ACCEPT,13.2089,1.5000,108,1,-1,0.9074,6.11,-15.73,50.67,30.23,100.00,204.50,72.00,21.00,0.0000,239.41,1,-2,2.1620,ACCEPT,0,590,1091,7718,8,400,108,0,0,0,0
95,0,1,1,ACCEPT,12.1928,1.7308,90,0,4,0.6667,6.11,-13.85,52.70,31.43,100.00,205.00,72.00,20.00,0.0000,238.14,1,1,2.3748,ACCEPT,0,614,929,5963,8,400,90,0,0,0,0
96,0,1,1,ACCEPT,15.5587,1.7143,84,-1,-3,0.7738,5.29,-15.33,54.81,32.69,100.00,204.50,72.00,21.00,0.0000,239.36,1,1,3.0306,ACCEPT,0,374,871,8225,8,400,84,0,0,0,0
97,0,1,1,ACCEPT,14.8895,1.6333,98,1,-2,0.8776,6.15,-16.34,52.70,31.43,100.50,204.00,73.00,20.00,0.0000,239.69,1,-1,2.6922,ACCEPT,0,471,946,6543,8,400,98,0,0,0,0
98,0,1,1,ACCEPT,12.5323,1.4400,72,1,1,0.9028,6.97,-15.85,50.67,30.23,101.00,204.50,74.00,21.00,0.0000,239.58,1,-1,2.0754,ACCEPT,0,454,1123,4267,8,400,72,0,0,0,0
99,0,1,1,ACCEPT,13.6810,1.8276,53,1,3,0.6226,7.76,-14.45,50.67,30.23,101.50,204.00,73.00,22.00,0.0000,237.71,1,0,2.0309,ACCEPT,0,318,841,4410,8,400,53,0,0,0,0
100,0,1,1,ACCEPT,17.2352,2.0667,62,0,0,1.0000,7.76,-14.45,50.67,30.23,102.50,204.50,73.00,21.00,0.0000,238.56,1,0,2.8277,ACCEPT,0,275,861,5480,8,400,62,0,0,0,0
101,0,1,1,ACCEPT,16.7334,2.1053,80,0,0,1.0000,7.76,-14.45,52.70,31.43,101.50,204.50,75.00,21.00,0.0000,238.17,1,1,3.0579,ACCEPT,0,377,1017,5382,8,400,80,0,0,0,0
102,0,1,1,ACCEPT,17.0098,2.3824,81,0,-3,0.7778,7.76,-15.92,52.70,31.43,102.50,204.00,75.00,22.00,0.0000,239.46,1,0,3.1376,ACCEPT,0,385,929,5440,8,400,81,0,0,0,0
103,0,1,1,ACCEPT,13.3586,2.0000,64,1,1,0.9219,8.58,-15.43,50.67,30.23,103.00,204.50,74.00,21.00,0.0000,239.34,1,-1,2.9331,ACCEPT,0,433,1589,4046,8,400,64,0,0,0,0
104,0,1,1,ACCEPT,13.0439,2.0000,46,-1,1,0.8913,7.79,-14.96,52.70,31.43,103.00,204.00,74.00,20.00,0.0000,238.77,1,1,3.0827,ACCEPT,0,318,1091,4094,8,400,46,0,0,0,0
105,0,1,1,ACCEPT,11.4667,1.8636,41,1,-3,0.8780,8.61,-16.44,50.67,30.23,103.00,203.50,74.00,21.00,0.0000,239.34,1,-1,3.1108,ACCEPT,0,297,1345,4052,8,400,41,0,0,0,0
106,0,1,1,ACCEPT,7.2978,1.3889,25,1,3,0.8400,9.40,-15.03,50.67,30.23,103.00,204.00,74.00,20.00,0.0000,238.19,1,0,2.9870,ACCEPT,0,290,1608,2612,8,400,25,0,0,0,0
107,0,1,0,NEGATIVE_PEAK,-6.7037,1.3125,-21,-23,9,0.6190,9.40,-15.03,50.67,30.23,103.00,203.00,76.00,20.00,0.0000,237.27,0,0,0.0000,NOT_RUN,0,242,2296,0,8,400,21,0,0,0,0
108,0,1,0,NEGATIVE_PEAK,-7.1527,1.2778,-23,-22,7,0.2609,9.40,-15.03,50.67,30.23,103.50,202.00,75.00,20.00,0.0000,236.55,0,0,0.0000,NOT_RUN,0,220,2997,0,8,400,23,0,0,0,0
109,0,1,0,NEGATIVE_PEAK,-6.4900,1.2222,-22,-22,5,0.0909,9.40,-15.03,50.67,30.23,104.00,202.50,74.00,19.00,0.0000,237.21,0,0,0.0000,NOT_RUN,0,225,2024,0,8,400,22,0,0,0,0
110,0,1,0,NEGATIVE_PEAK,-5.3709,1.0588,-18,-21,4,0.0000,9.40,-15.03,50.67,30.23,104.50,202.00,75.00,20.00,0.0000,236.95,0,0,0.0000,NOT_RUN,0,229,2839,0,8,400,18,0,0,0,0
111,0,1,0,NEGATIVE_PEAK,-5.0500,1.0625,-17,-21,1,0.1765,9.40,-15.03,50.67,30.23,104.50,201.50,75.00,19.00,0.0000,236.50,0,0,0.0000,NOT_RUN,0,222,2372,0,8,400,17,0,0,0,0
112,0,1,1,ACCEPT,6.0472,1.0588,18,5,-8,0.1111,13.34,-18.78,50.67,30.23,104.50,201.00,75.00,20.00,0.0000,237.94,1,-10,1.5766,MAX_STEP,0,215,2751,1742,8,400,18,0,0,0,0
113,0,1,0,LOW_PSR,4.9314,1.0000,15,0,1,0.8667,13.34,-18.78,50.67,30.23,104.50,201.00,75.00,20.00,0.0000,237.94,0,0,0.0000,NOT_RUN,0,254,1992,0,8,400,15,0,0,0,0
114,0,1,0,LOW_PSR,4.8751,1.0000,15,0,-7,0.8667,13.34,-18.78,50.67,30.23,104.00,201.00,76.00,20.00,0.0000,237.74,0,0,0.0000,NOT_RUN,0,257,1725,0,8,400,15,0,0,0,0
115,0,1,0,LOW_PSR,4.9646,1.0714,15,0,-6,0.8000,13.34,-18.78,50.67,30.23,104.50,200.00,75.00,20.00,0.0000,237.01,0,0,0.0000,NOT_RUN,0,270,1819,0,8,400,15,0,0,0,0
116,0,1,0,LOW_PSR,4.9899,1.0714,15,0,-6,0.8667,13.34,-18.78,50.67,30.23,104.50,199.50,75.00,19.00,0.0000,236.55,0,0,0.0000,NOT_RUN,0,267,1759,0,8,400,15,0,0,0,0
117,0,1,1,ACCEPT,5.0509,1.0000,16,0,-7,0.8750,13.34,-22.06,50.67,30.23,104.50,200.00,75.00,20.00,0.0000,240.04,1,-10,1.5446,MAX_STEP,0,260,1952,1640,8,400,16,0,0,0,0
118,0,1,1,ACCEPT,5.0778,1.1000,11,0,3,0.8182,13.34,-20.66,50.67,30.23,105.00,200.00,74.00,20.00,0.0000,238.94,1,-10,1.5713,MAX_STEP,0,193,1985,1513,8,400,11,0,0,0,0
119,0,1,1,ACCEPT,5.7158,1.1000,11,0,3,0.8182,13.34,-19.25,50.67,30.23,105.00,200.00,74.00,20.00,0.0000,237.64,1,-10,1.5817,MAX_STEP,0,166,1757,1748,8,400,11,0,0,0,0
120,0,1,1,ACCEPT,5.8567,1.0000,12,0,-7,0.8333,13.34,-22.53,50.67,30.23,104.50,200.00,75.00,20.00,0.0000,240.48,1,-9,1.5471,MAX_STEP,0,166,1803,1839,8,400,12,0,0,0,0
121,0,1,1,ACCEPT,5.5964,1.0833,13,0,3,0.8462,13.34,-21.12,50.67,30.23,104.50,199.50,75.00,21.00,0.0000,238.72,1,-9,1.5249,MAX_STEP,0,201,2079,1546,8,400,13,0,0,0,0
122,0,1,1,ACCEPT,6.0297,1.0909,12,0,3,0.8333,13.34,-19.72,50.67,30.23,104.00,199.00,76.00,20.00,0.0000,236.76,1,-10,1.5614,MAX_STEP,0,167,2176,1726,8,400,12,0,0,0,0
123,0,1,1,ACCEPT,6.4113,1.0714,15,-1,-6,0.8000,12.55,-22.53,50.67,30.23,103.00,199.50,74.00,21.00,0.0000,239.75,1,-10,1.4972,MAX_STEP,0,197,2114,1897,8,400,15,0,0,0,0
124,0,1,1,ACCEPT,5.8505,1.0714,15,-3,3,0.8000,10.19,-21.12,50.67,30.23,102.00,198.50,76.00,21.00,0.0000,238.04,1,0,2.7401,ACCEPT,0,213,1930,1756,8,400,15,0,0,0,0
125,0,1,1,ACCEPT,6.6797,1.0833,13,1,3,0.7692,10.98,-19.72,50.67,30.23,102.50,198.50,75.00,21.00,0.0000,236.63,1,-8,1.5310,MAX_STEP,0,159,1732,1973,8,400,13,0,0,0,0
126,0,1,1,ACCEPT,6.2639,1.0000,15,0,3,0.8667,10.98,-18.31,50.67,30.23,101.50,198.00,75.00,22.00,0.0000,234.49,1,-10,1.5750,MAX_STEP,0,195,2105,1903,8,400,15,0,0,0,0
127,0,1,1,ACCEPT,7.7180,1.3333,20,-2,-6,0.6500,9.40,-21.12,50.67,30.23,101.50,198.00,75.00,22.00,0.0000,237.69,1,-1,1.9172,LOW_CONF,0,198,2075,2318,8,400,20,0,0,0,0
128,0,1,1,ACCEPT,6.8969,1.0500,21,1,1,0.8571,10.19,-20.66,50.67,30.23,100.50,197.00,75.00,24.00,0.0000,235.65,1,-9,1.4949,MAX_STEP,0,244,1811,2026,8,400,21,0,0,0,0
129,0,1,1,ACCEPT,6.8431,1.0667,16,-2,3,0.8125,8.61,-19.25,48.72,29.06,100.00,197.00,76.00,24.00,0.0000,234.77,1,-1,2.1325,ACCEPT,0,197,2035,1791,8,400,16,0,0,0,0
130,0,1,1,ACCEPT,7.0506,1.0667,16,0,1,0.9375,8.61,-18.80,48.72,29.06,99.50,197.00,77.00,24.00,0.0000,234.16,1,-1,1.8414,LOW_CONF,0,189,1950,2178,8,400,16,0,0,0,0
131,0,1,1,ACCEPT,7.5465,1.1875,19,0,3,0.8947,8.61,-17.44,48.72,29.06,99.50,197.00,75.00,26.00,0.0000,232.90,1,-1,1.6149,LOW_CONF,0,206,1997,1965,8,400,19,0,0,0,0
132,0,1,1,ACCEPT,7.9927,1.1111,20,-1,-3,0.9000,7.85,-18.80,48.72,29.06,100.00,196.00,74.00,28.00,0.0000,233.73,1,0,2.3944,ACCEPT,0,199,2173,2035,8,400,20,0,0,0,0
133,0,1,1,ACCEPT,7.6732,1.2105,23,1,3,0.8261,8.61,-17.44,48.72,29.06,100.00,196.00,74.00,30.00,0.0000,232.18,1,-9,1.4935,MAX_STEP,0,240,2274,1774,8,400,23,0,0,0,0
134,0,1,1,ACCEPT,8.2485,1.1875,19,-1,1,0.8421,7.85,-16.98,46.85,27.95,99.50,195.00,75.00,32.00,0.0000,230.95,1,-1,2.0058,ACCEPT,0,182,2174,2250,8,400,19,0,0,0,0
135,0,1,1,ACCEPT,8.2269,1.3125,21,1,3,0.7619,8.59,-15.67,46.85,27.95,100.00,195.00,74.00,34.00,0.0000,229.65,1,-9,1.3715,MAX_STEP,0,201,1848,2478,8,400,21,0,0,0,0
136,0,1,1,ACCEPT,7.1767,1.1667,21,-1,3,0.6190,7.85,-14.36,45.05,26.87,100.00,194.00,76.00,36.00,0.0000,227.83,1,-1,2.3060,ACCEPT,0,233,1790,3443,8,400,21,0,0,0,0
137,0,1,1,ACCEPT,9.3125,1.2308,32,-1,1,0.8438,7.15,-13.94,46.85,27.95,100.00,194.00,74.00,38.00,0.0000,227.73,1,1,3.0927,ACCEPT,0,276,1583,4294,8,400,32,0,0,0,0
138,0,1,1,ACCEPT,14.1705,2.0000,52,0,1,0.8846,7.15,-13.50,46.85,27.95,99.50,194.50,75.00,39.00,0.0000,227.58,1,0,3.1901,ACCEPT,0,283,1251,5406,8,400,52,0,0,0,0
139,0,1,1,ACCEPT,15.5064,2.3929,67,0,3,0.8060,7.15,-12.19,46.85,27.95,100.00,197.00,74.00,40.00,0.0000,228.87,1,0,3.1105,ACCEPT,0,317,1372,4780,8,400,67,0,0,0,0
140,0,1,1,ACCEPT,19.8316,2.9032,90,0,-1,0.9222,7.15,-12.62,48.72,29.06,100.50,198.50,75.00,41.00,0.0000,230.84,1,1,3.0990,ACCEPT,0,293,1061,7771,8,400,90,0,0,0,0
141,0,1,1,ACCEPT,13.6731,1.4930,106,-4,-1,0.8679,4.12,-13.08,48.72,29.06,100.50,201.50,75.00,39.00,0.0000,235.23,1,4,1.9673,MAX_STEP,0,380,868,14467,8,400,106,0,0,0,0
142,0,1,1,ACCEPT,14.6317,1.5116,130,-1,1,0.9615,3.36,-12.62,48.72,29.06,100.50,201.50,75.00,39.00,0.0000,235.13,1,5,1.4184,MAX_STEP,0,417,1656,9260,8,400,130,0,0,0,0
143,0,1,1,ACCEPT,14.6193,1.6753,129,1,3,0.7752,4.12,-11.27,48.72,29.06,98.50,201.50,77.00,41.00,0.0000,232.76,1,4,1.7517,MAX_STEP,0,508,1873,9133,8,400,129,0,0,0,0
144,0,1,1,ACCEPT,18.0640,1.7177,213,1,1,0.9343,4.88,-10.81,48.72,29.06,98.00,203.00,80.00,38.00,0.0000,233.21,1,3,2.2051,MAX_STEP,0,552,1760,15521,8,400,213,0,0,0,0
145,0,1,1,ACCEPT,20.3957,1.9697,325,-1,3,0.6277,4.12,-9.45,48.72,29.06,96.50,205.50,83.00,37.00,0.0000,233.96,1,4,1.7188,MAX_STEP,0,799,1516,18165,8,400,325,0,0,0,0
146,0,1,1,ACCEPT,18.7314,1.9684,374,1,-1,0.9599,4.88,-9.91,48.72,29.06,96.50,206.00,83.00,36.00,0.0000,234.54,1,3,2.0067,MAX_STEP,0,1318,2049,17578,8,400,374,0,0,0,0
147,0,1,1,ACCEPT,15.2644,1.6232,336,0,2,0.8125,4.88,-9.00,48.72,29.06,95.50,207.00,85.00,34.00,0.0000,234.24,1,3,1.7667,MAX_STEP,0,1331,1610,17116,8,400,336,0,0,0,0
148,0,1,1,ACCEPT,18.8447,2.1159,347,0,0,1.0000,4.88,-9.00,48.72,29.06,96.00,206.50,84.00,33.00,0.0000,233.97,1,3,1.7580,MAX_STEP,0,1176,1671,18276,8,400,347,0,0,0,0
149,0,1,1,ACCEPT,22.0325,2.3158,440,0,-1,0.9932,4.88,-9.45,48.72,29.06,96.00,206.50,84.00,33.00,0.0000,234.39,1,3,1.9268,MAX_STEP,0,1329,1816,21000,8,400,440,0,0,0,0
150,0,1,1,ACCEPT,21.9567,2.5200,441,0,0,1.0000,4.88,-9.45,48.72,29.06,96.50,206.50,85.00,33.00,0.0000,234.59,1,3,1.8104,MAX_STEP,0,1360,1598,18323,8,400,441,0,0,0,0
151,0,1,1,ACCEPT,24.7085,2.4859,440,0,0,1.0000,4.88,-9.45,48.72,29.06,96.00,206.00,84.00,32.00,0.0000,233.93,1,3,1.8768,MAX_STEP,0,1241,1408,24961,8,400,440,0,0,0,0
152,0,1,1,ACCEPT,26.2167,2.5263,480,0,0,1.0000,4.88,-9.45,48.72,29.06,96.00,206.00,84.00,32.00,0.0000,233.93,1,3,1.8806,MAX_STEP,0,1260,1408,25805,8,400,480,0,0,0,0
153,0,1,1,ACCEPT,28.6976,2.4774,493,0,0,1.0000,4.88,-9.45,48.72,29.06,96.00,206.50,84.00,31.00,0.0000,234.39,1,3,1.9228,MAX_STEP,0,1196,1376,26284,8,400,493,0,0,0,0
154,0,1,1,ACCEPT,30.3265,2.4028,507,0,0,1.0000,4.88,-9.45,48.72,29.06,95.00,206.00,86.00,34.00,0.0000,233.54,1,3,1.9875,MAX_STEP,0,1151,1396,27707,8,400,507,0,0,0,0
155,0,1,1,ACCEPT,33.8449,2.4795,543,-1,0,0.9963,4.12,-9.45,48.72,29.06,95.50,206.00,85.00,32.00,0.0000,234.03,1,4,1.6923,MAX_STEP,0,1093,1341,29820,8,400,543,0,0,0,0
156,0,1,1,ACCEPT,35.0971,2.9517,611,0,0,1.0000,4.12,-9.45,48.72,29.06,95.50,205.50,85.00,31.00,0.0000,233.57,1,3,1.9118,MAX_STEP,0,1017,1372,23215,8,400,611,0,0,0,0
157,0,1,1,ACCEPT,23.9208,2.8580,463,0,-1,0.9719,4.12,-9.91,48.72,29.06,95.00,205.50,86.00,33.00,0.0000,233.79,1,3,2.1181,MAX_STEP,0,974,2324,15204,8,400,463,0,0,0,0
158,0,1,1,ACCEPT,26.1081,2.8153,442,0,1,0.9186,4.12,-9.45,48.72,29.06,96.00,205.00,84.00,32.00,0.0000,233.31,1,3,2.0934,MAX_STEP,0,962,1898,21619,8,400,442,0,0,0,0
159,0,1,1,ACCEPT,23.0452,2.9176,531,0,-1,0.9379,4.12,-9.91,52.70,31.43,95.50,205.00,85.00,32.00,0.0000,233.53,1,2,2.1377,ACCEPT,0,1193,1855,21564,8,400,531,0,0,0,0
160,0,1,1,ACCEPT,26.2239,3.3824,460,-1,-2,0.8022,3.30,-10.89,57.00,34.00,95.50,204.50,85.00,31.00,0.0000,234.30,1,2,2.2217,ACCEPT,0,962,2710,20551,8,400,460,0,0,0,0
161,0,1,1,ACCEPT,24.9941,2.7824,537,0,-1,0.9236,3.30,-11.42,57.00,34.00,95.00,205.00,84.00,30.00,0.0000,235.05,1,0,2.5402,ACCEPT,0,1268,2505,17164,8,400,537,0,0,0,0
162,0,1,1,ACCEPT,30.7638,3.1676,567,0,-2,0.8818,3.30,-12.48,57.00,34.00,95.00,205.00,86.00,30.00,0.0000,236.03,1,0,2.5688,ACCEPT,0,1091,1463,21297,8,400,567,0,0,0,0
163,0,1,1,ACCEPT,33.2181,2.4034,560,0,0,1.0000,3.30,-12.48,54.81,32.69,93.50,204.50,87.00,31.00,0.0000,234.99,1,-1,2.6448,ACCEPT,0,1097,1383,20305,8,400,560,0,0,0,0
164,0,1,1,ACCEPT,35.7183,2.3565,542,0,0,1.0000,3.30,-12.48,54.81,32.69,93.50,204.00,85.00,32.00,0.0000,234.53,1,0,2.6913,ACCEPT,0,928,1362,18341,8,400,542,0,0,0,0
165,0,1,1,ACCEPT,29.7767,2.2596,531,-1,-1,0.9397,2.44,-12.99,57.00,34.00,92.50,203.00,87.00,34.00,0.0000,234.02,1,1,2.5399,ACCEPT,0,1006,882,19061,8,400,531,0,0,0,0
166,0,1,1,ACCEPT,20.6429,1.7244,269,0,-1,0.9405,2.44,-13.52,57.00,34.00,92.50,203.00,85.00,34.00,0.0000,234.51,1,0,2.3546,ACCEPT,0,718,1252,21943,8,400,269,0,0,0,0
167,0,1,1,ACCEPT,17.5546,1.6730,353,-1,-1,0.9915,1.55,-14.05,59.28,35.36,93.00,203.00,86.00,34.00,0.0000,235.53,1,1,2.2976,ACCEPT,0,1069,777,20379,8,400,353,0,0,0,0
168,0,1,1,ACCEPT,21.2142,2.0631,425,-2,-5,0.4306,-0.31,-16.83,59.28,35.36,93.50,202.50,83.00,35.00,0.0000,238.55,1,2,1.9182,LOW_CONF,0,1056,698,23220,8,400,425,0,0,0,0
169,0,1,1,ACCEPT,21.9064,2.1845,367,1,0,0.9837,0.62,-16.83,61.65,36.77,94.00,203.00,84.00,36.00,0.0000,238.84,1,1,2.2181,ACCEPT,0,813,939,17024,8,400,367,0,0,0,0
170,0,1,1,ACCEPT,20.2015,2.1532,239,0,-1,0.9791,0.62,-17.41,61.65,36.77,94.50,203.00,83.00,38.00,0.0000,239.57,1,0,2.2813,ACCEPT,0,592,1074,14305,8,400,239,0,0,0,0
171,0,1,1,ACCEPT,26.2409,2.4176,220,-1,-1,0.9500,-0.34,-17.98,64.12,38.25,95.50,203.00,83.00,38.00,0.0000,240.87,1,1,2.4894,ACCEPT,0,531,3622,6158,8,400,220,0,0,0,0
172,0,1,1,ACCEPT,20.4734,1.7540,221,-1,1,0.9774,-1.34,-17.39,64.12,38.25,94.50,203.00,85.00,42.00,0.0000,240.33,1,0,2.4639,ACCEPT,0,699,3135,8477,8,400,221,0,0,0,0
173,0,1,1,ACCEPT,18.1775,1.5048,316,-1,-1,0.9304,-2.34,-17.98,66.68,39.78,94.50,203.00,83.00,42.00,0.0000,241.27,1,1,2.3750,ACCEPT,0,1076,1388,14824,8,400,316,0,0,0,0
174,0,1,1,ACCEPT,21.4909,1.5990,331,-1,-1,0.8943,-3.38,-18.61,66.68,39.78,92.50,203.00,83.00,46.00,0.0000,241.46,1,0,2.3775,ACCEPT,0,1035,2029,13831,8,400,331,0,0,0,0
175,0,1,1,ACCEPT,20.6386,1.6000,328,-2,0,0.9482,-5.46,-18.61,69.35,41.37,91.50,202.50,83.00,49.00,0.0000,241.43,1,1,2.1816,ACCEPT,0,1019,1172,20991,8,400,328,0,0,0,0
176,0,1,1,ACCEPT,18.5684,1.5495,344,-1,-1,0.9215,-6.55,-19.26,72.12,43.02,90.00,202.00,84.00,52.00,0.0000,241.40,1,1,2.2526,ACCEPT,0,1241,576,22142,8,400,344,0,0,0,0
177,0,1,1,ACCEPT,13.9951,1.3722,247,-1,0,0.9879,-7.67,-19.26,72.12,43.02,89.00,201.00,82.00,56.00,0.0000,240.54,1,0,2.4365,ACCEPT,0,943,324,22144,8,400,247,0,0,0,0
178,0,1,1,ACCEPT,14.7670,1.3615,290,-1,-1,0.9483,-8.80,-19.93,75.01,44.74,88.00,198.50,80.00,57.00,0.0000,238.92,1,1,2.2844,ACCEPT,0,1182,429,19184,8,400,290,0,0,0,0
179,0,1,1,ACCEPT,15.4332,1.3879,322,-1,-2,0.8665,-9.97,-21.32,75.01,44.74,88.00,198.00,80.00,60.00,0.0000,240.21,1,1,1.8176,LOW_CONF,0,1268,1190,18171,8,400,322,0,0,0,0
180,0,1,1,ACCEPT,16.3472,1.4703,297,0,-1,0.9798,-9.97,-22.02,75.01,44.74,88.00,197.00,78.00,60.00,0.0000,239.93,1,-8,2.0661,MAX_STEP,0,1080,930,16339,8,400,297,0,0,0,0
181,0,1,1,ACCEPT,14.4875,1.4965,214,-1,0,0.9766,-11.14,-22.02,75.01,44.74,88.50,195.00,77.00,64.00,0.0000,238.80,1,-7,2.3658,MAX_STEP,0,804,2271,9248,8,400,214,0,0,0,0
182,0,1,0,NEGATIVE_PEAK,-5.7479,1.0714,-75,-3,10,0.3333,-11.14,-22.02,75.01,44.74,89.00,194.00,76.00,64.00,0.0000,238.10,0,0,0.0000,NOT_RUN,0,823,3737,0,8,400,75,0,0,0,0
183,0,1,0,NEGATIVE_PEAK,-6.2279,1.1200,-84,-2,9,0.5357,-11.14,-22.02,75.01,44.74,89.00,192.50,74.00,65.00,0.0000,236.74,0,0,0.0000,NOT_RUN,0,823,3518,0,8,400,84,0,0,0,0
184,0,1,0,NEGATIVE_PEAK,-6.4007,1.1184,-85,-3,9,0.4824,-11.14,-22.02,75.01,44.74,91.00,193.00,70.00,64.00,0.0000,238.04,0,0,0.0000,NOT_RUN,0,827,2307,0,8,400,85,0,0,0,0
185,0,1,0,NEGATIVE_PEAK,-6.1624,1.1039,-85,-3,7,0.1765,-11.14,-22.02,75.01,44.74,92.00,192.00,68.00,66.00,0.0000,237.57,0,0,0.0000,NOT_RUN,0,838,1488,0,8,400,85,0,0,0,0
186,0,1,0,NEGATIVE_PEAK,-5.4596,1.0685,-78,-4,7,0.0769,-11.14,-22.02,75.01,44.74,92.50,191.00,65.00,68.00,0.0000,236.89,0,0,0.0000,NOT_RUN,0,876,707,0,8,400,78,0,0,0,0
187,0,1,0,NEGATIVE_PEAK,-6.1762,1.1000,-88,-1,7,0.2841,-11.14,-22.02,75.01,44.74,94.50,190.50,63.00,71.00,0.0000,237.32,0,0,0.0000,NOT_RUN,0,858,943,0,8,400,88,0,0,0,0
188,0,1,0,NEGATIVE_PEAK,-6.3009,1.0952,-92,0,6,0.1739,-11.14,-22.02,75.01,44.74,95.50,190.00,63.00,70.00,0.0000,237.32,0,0,0.0000,NOT_RUN,0,839,1487,0,8,400,92,0,0,0,0
189,0,1,0,NEGATIVE_PEAK,-5.7472,1.0494,-85,-4,6,0.0941,-11.14,-22.02,75.01,44.74,96.00,187.50,62.00,69.00,0.0000,235.32,0,0,0.0000,NOT_RUN,0,877,952,0,8,400,85,0,0,0,0
190,0,1,0,NEGATIVE_PEAK,-5.6837,1.1081,-82,-3,7,0.1585,-11.14,-22.02,75.01,44.74,96.00,186.50,60.00,67.00,0.0000,234.43,0,0,0.0000,NOT_RUN,0,902,841,0,8,400,82,0,0,0,0
191,0,1,0,NEGATIVE_PEAK,-5.7300,1.1515,-76,-3,7,0.0526,-11.14,-22.02,75.01,44.74,96.50,186.00,61.00,66.00,0.0000,234.22,0,0,0.0000,NOT_RUN,0,837,1589,0,8,400,76,0,0,0,0
192,0,1,0,NEGATIVE_PEAK,-5.8543,1.1096,-81,-3,9,0.6296,-11.14,-22.02,75.01,44.74,97.00,185.50,60.00,65.00,0.0000,234.00,0,0,0.0000,NOT_RUN,0,908,1914,0,8,400,81,0,0,0,0
193,0,1,1,ACCEPT,9.3082,1.5370,83,-2,1,0.8554,-13.48,-21.32,75.01,44.74,97.00,185.00,60.00,58.00,0.0000,234.04,1,-8,1.9633,MAX_STEP,0,602,679,10088,8,400,83,0,0,0,0
194,0,1,1,ACCEPT,13.0644,1.5405,57,-1,1,0.9123,-14.66,-20.62,75.01,44.74,97.00,183.50,60.00,55.00,0.0000,232.67,1,-7,1.7606,MAX_STEP,0,338,1356,6171,8,400,57,0,0,0,0
195,0,1,0,NEGATIVE_PEAK,-5.4499,1.0769,-14,23,-2,0.7857,-14.66,-20.62,75.01,44.74,97.00,181.50,60.00,47.00,0.0000,230.91,0,0,0.0000,NOT_RUN,0,227,1479,0,8,400,14,0,0,0,0
196,0,1,1,ACCEPT,14.7097,1.1200,56,1,-1,0.8571,-13.48,-21.32,75.01,44.74,97.00,184.50,60.00,45.00,0.0000,233.60,1,0,2.0294,ACCEPT,0,245,1569,4057,8,400,56,0,0,0,0
197,0,1,1,ACCEPT,16.3643,1.4800,37,-2,1,0.7568,-15.83,-20.62,75.01,44.74,97.00,185.50,60.00,47.00,0.0000,234.98,1,6,2.0590,MAX_STEP,0,172,1201,5639,8,400,37,0,0,0,0
198,0,1,1,ACCEPT,12.8821,1.3200,33,0,7,0.2121,-15.83,-15.76,78.01,46.53,96.00,187.00,62.00,44.00,0.0000,231.55,1,1,2.1349,ACCEPT,0,207,1216,6941,8,400,33,0,0,0,0
199,0,1,1,ACCEPT,13.8825,1.3409,59,-1,1,0.9661,-17.05,-15.03,78.01,46.53,96.00,188.00,62.00,40.00,0.0000,232.38,1,2,1.7189,LOW_CONF,0,305,704,16747,8,400,59,0,0,0,0
200,0,1,1,ACCEPT,14.8556,1.5345,89,1,-1,0.9213,-15.83,-15.76,84.37,50.33,96.50,187.00,61.00,40.00,0.0000,231.79,1,2,2.2864,ACCEPT,0,419,985,12844,8,400,89,0,0,0,0
201,0,1,1,ACCEPT,14.1886,1.8113,96,-2,-2,0.7396,-18.47,-17.34,84.37,50.33,96.50,187.00,61.00,40.00,0.0000,234.46,1,5,2.3714,MAX_STEP,0,545,771,16033,8,400,96,0,0,0,0
202,0,1,1,ACCEPT,15.1689,1.8409,81,0,-1,0.9753,-18.47,-18.12,84.37,50.33,97.00,185.00,62.00,46.00,0.0000,233.65,1,5,2.4123,MAX_STEP,0,444,784,15100,8,400,81,0,0,0,0
203,0,1,1,ACCEPT,15.2627,1.9231,75,0,1,0.9467,-18.47,-17.34,84.37,50.33,97.00,185.50,64.00,47.00,0.0000,233.40,1,5,2.3503,MAX_STEP,0,405,624,16485,8,400,75,0,0,0,0
204,0,1,1,ACCEPT,17.5041,2.2500,81,0,0,1.0000,-18.47,-17.34,84.37,50.33,96.00,184.00,64.00,50.00,0.0000,231.60,1,4,2.3359,MAX_STEP,0,372,742,17115,8,400,81,0,0,0,0
205,0,1,1,ACCEPT,16.1554,2.0000,88,0,1,0.9773,-18.47,-16.55,84.37,50.33,96.50,183.00,63.00,50.00,0.0000,230.30,1,4,2.2829,MAX_STEP,0,436,691,19237,8,400,88,0,0,0,0
206,0,1,1,ACCEPT,16.4295,2.0750,83,0,1,0.9398,-18.47,-15.76,84.37,50.33,97.50,180.00,65.00,48.00,0.0000,227.53,1,5,2.2134,MAX_STEP,0,400,756,16919,8,400,83,0,0,0,0
207,0,1,1,ACCEPT,12.8629,1.1446,95,-1,1,0.9789,-19.79,-14.97,87.75,52.34,98.50,179.00,65.00,44.00,0.0000,227.19,1,1,2.6289,ACCEPT,0,368,581,18703,8,400,95,0,0,0,0
208,0,1,1,ACCEPT,16.1309,2.2353,114,1,0,0.9298,-18.42,-14.97,94.91,56.61,100.00,179.50,64.00,43.00,0.0000,227.69,1,2,2.5276,ACCEPT,0,556,1235,10068,8,400,114,0,0,0,0
209,0,1,1,ACCEPT,19.7510,2.9412,100,-1,-1,0.8700,-19.91,-15.85,102.65,61.23,100.50,179.00,63.00,38.00,0.0000,229.05,1,2,2.4613,ACCEPT,0,439,1337,10892,8,400,100,0,0,0,0
210,0,1,1,ACCEPT,25.6050,1.6797,215,-1,1,0.9767,-21.51,-14.90,102.65,61.23,102.00,181.00,66.00,40.00,0.0000,231.58,1,4,2.1334,MAX_STEP,0,455,1183,17833,8,400,215,0,0,0,0
211,0,1,1,ACCEPT,18.8612,1.6626,271,1,2,0.7269,-19.91,-12.99,102.65,61.23,104.00,183.00,66.00,42.00,0.0000,231.87,1,4,2.1371,MAX_STEP,0,722,957,32766,8,400,271,0,0,0,0
212,0,1,1,ACCEPT,18.5383,1.8678,452,1,1,0.9004,-18.30,-12.04,102.65,61.23,105.50,183.50,67.00,43.00,0.0000,231.44,1,5,1.5522,MAX_STEP,0,1552,1528,29626,8,400,452,0,0,0,0
213,0,1,1,ACCEPT,12.8503,1.2463,668,0,3,0.6198,-18.30,-9.18,102.65,61.23,106.00,185.00,66.00,46.00,0.0000,230.56,1,-16,2.0889,AT_SEARCH_RAIL,0,2787,587,32767,8,400,668,0,0,0,0
214,0,1,0,NEGATIVE_PEAK,-11.6563,1.0118,-515,1,-17,0.6602,-18.30,-9.18,102.65,61.23,107.00,183.50,68.00,49.00,0.0000,229.84,0,0,0.0000,NOT_RUN,0,2139,3964,0,8,400,515,0,0,0,0
215,0,1,0,NEGATIVE_PEAK,-12.1998,1.2693,-575,1,-16,0.3583,-18.30,-9.18,102.65,61.23,108.00,183.50,72.00,47.00,0.0000,230.39,0,0,0.0000,NOT_RUN,0,2415,5072,0,8,400,575,0,0,0,0
216,0,1,0,NEGATIVE_PEAK,-9.3831,1.0278,-443,1,-11,0.1603,-18.30,-9.18,102.65,61.23,104.00,181.50,88.00,39.00,0.0000,226.53,0,0,0.0000,NOT_RUN,0,2437,705,0,8,400,443,0,0,0,0
217,0,1,1,ACCEPT,12.6969,1.4477,498,-2,-17,0.0823,-21.51,-25.38,102.65,61.23,103.00,186.00,88.00,38.00,0.0000,245.33,1,-9,2.0728,MAX_STEP,0,2101,3326,7941,8,400,498,0,0,0,0
218,0,1,1,ACCEPT,11.1027,1.2143,136,1,2,0.7132,-19.91,-23.48,102.65,61.23,102.00,188.00,84.00,44.00,0.0000,244.10,1,-10,1.5403,MAX_STEP,0,689,5411,5380,8,400,136,0,0,0,0
219,0,1,1,ACCEPT,16.9633,1.4417,235,0,3,0.7106,-19.91,-20.62,102.65,61.23,97.50,187.00,69.00,54.00,0.0000,238.51,1,0,1.8745,LOW_CONF,0,623,2840,15394,8,400,235,0,0,0,0
220,0,1,1,ACCEPT,15.9482,2.1453,251,1,3,0.5936,-18.30,-17.76,106.76,63.68,90.50,187.50,43.00,55.00,0.0000,232.31,1,1,2.7259,ACCEPT,0,764,1897,22694,8,400,251,0,0,0,0
221,0,1,1,ACCEPT,15.5223,1.6371,388,-2,4,0.5232,-21.65,-13.79,106.76,63.68,88.50,189.00,33.00,60.00,0.0000,230.77,1,-15,1.8362,MAX_STEP,0,1046,2156,29929,8,400,388,0,0,0,0
222,0,1,1,ACCEPT,18.2488,1.4273,618,2,-1,0.8754,-18.30,-14.78,106.76,63.68,80.50,189.50,21.00,63.00,0.0000,226.92,1,-2,1.2949,LOW_CONF,0,1454,460,32767,8,400,618,0,0,0,0
223,0,1,1,ACCEPT,13.9155,1.1299,609,1,0,0.9737,-16.63,-14.78,106.76,63.68,75.50,189.50,39.00,59.00,0.0000,224.10,1,-13,1.6967,MAX_STEP,0,2094,862,29308,8,400,609,0,0,0,0
224,0,1,1,ACCEPT,18.0919,1.4382,617,1,0,0.9854,-14.96,-14.78,106.76,63.68,70.50,189.00,49.00,56.00,0.0000,220.98,1,-14,1.8548,MAX_STEP,0,1654,1071,32767,8,400,617,0,0,0,0
225,0,1,1,ACCEPT,23.6613,1.7663,703,0,-1,0.9986,-14.96,-15.77,106.76,63.68,67.00,181.50,66.00,49.00,0.0000,213.62,1,-14,1.7386,MAX_STEP,0,1464,1236,32767,8,400,703,0,0,0,0
226,0,1,1,ACCEPT,22.7399,1.7556,869,0,0,1.0000,-14.96,-15.77,106.76,63.68,67.50,176.50,73.00,33.00,0.0000,209.21,1,5,1.7846,MAX_STEP,0,1828,865,32767,8,400,869,0,0,0,0
227,0,1,1,ACCEPT,23.9869,1.9149,833,0,-1,0.9832,-14.96,-16.77,106.76,63.68,65.50,174.50,81.00,33.00,0.0000,207.50,1,4,1.7499,MAX_STEP,0,1730,1555,32767,8,400,833,0,0,0,0
228,0,1,1,ACCEPT,22.6102,1.6256,699,-1,-4,0.2961,-16.63,-20.73,106.76,63.68,61.00,170.00,94.00,26.00,0.0000,205.93,1,-6,2.4324,MAX_STEP,0,1228,1237,16998,8,400,699,0,0,0,0
229,0,1,1,ACCEPT,20.9616,2.4113,340,-2,-5,0.2029,-19.98,-25.70,106.76,63.68,60.00,166.50,96.00,37.00,0.0000,208.17,1,3,2.4808,MAX_STEP,0,620,1736,25243,8,400,340,0,0,0,0
230,0,1,1,ACCEPT,9.4038,1.0508,269,3,5,0.1933,-14.96,-20.73,106.76,63.68,59.00,162.00,94.00,48.00,0.0000,197.13,1,-10,1.4055,MAX_STEP,0,1623,2730,11809,8,400,269,0,0,0,0
231,0,1,1,ACCEPT,13.1274,1.0833,221,2,4,0.2805,-11.62,-16.77,106.76,63.68,61.50,155.50,83.00,65.00,0.0000,187.14,1,-8,2.0639,MAX_STEP,0,831,1403,24710,8,400,221,0,0,0,0
232,0,1,1,ACCEPT,20.7223,1.9887,529,-2,-9,0.3951,-14.96,-25.70,106.76,63.68,62.00,146.50,76.00,93.00,0.0000,188.61,1,2,2.3439,OUT_OF_RANGE,0,1274,1016,15790,8,400,529,0,0,0,0
233,0,1,1,ACCEPT,21.4700,2.1429,195,-1,-4,0.4564,-16.63,-29.66,111.03,66.23,65.00,146.00,70.00,98.00,0.0000,193.71,1,1,2.5017,ACCEPT,0,553,740,12676,8,400,195,0,0,0,0
234,0,1,0,NEGATIVE_PEAK,-6.7582,1.1600,-29,7,4,0.4138,-16.63,-29.66,111.03,66.23,73.50,134.50,51.00,115.00,0.0000,187.28,0,0,0.0000,NOT_RUN,0,410,1171,0,8,400,29,0,0,0,0
235,0,1,1,ACCEPT,12.1784,1.5172,88,0,10,0.6591,-16.63,-19.35,111.03,66.23,75.50,132.00,53.00,106.00,0.0000,177.19,1,-16,1.2858,AT_SEARCH_RAIL,0,426,1957,10218,8,400,88,0,0,0,0
236,0,1,1,ACCEPT,17.0467,1.7143,228,0,0,1.0000,-16.63,-19.35,111.03,66.23,85.50,139.00,65.00,100.00,0.0000,188.43,1,16,1.2658,AT_SEARCH_RAIL,0,669,2928,9996,8,400,228,0,0,0,0
237,0,1,1,ACCEPT,17.5958,1.6627,281,0,6,0.0107,-16.63,-13.16,111.03,66.23,102.00,149.00,78.00,92.00,0.0000,200.93,1,-6,1.5995,MAX_STEP,0,808,2572,5800,8,400,281,0,0,0,0
238,0,1,1,ACCEPT,11.2114,1.2154,158,1,10,0.0633,-14.90,-2.85,111.03,66.23,114.00,163.00,96.00,74.00,0.0000,210.05,1,15,1.5556,MAX_STEP,0,794,780,10838,8,400,158,0,0,0,0
239,0,1,1,ACCEPT,11.4935,1.2180,162,1,7,0.1481,-13.16,4.37,111.03,66.23,116.00,165.50,106.00,69.00,0.0000,206.51,1,2,1.3783,OUT_OF_RANGE,0,582,1145,12889,8,400,162,0,0,0,0
240,0,1,0,NEGATIVE_PEAK,-10.8102,1.0971,-226,-5,-31,0.0531,-13.16,4.37,111.03,66.23,120.00,172.00,116.00,56.00,0.0000,214.09,0,0,0.0000,NOT_RUN,0,787,480,0,8,400,226,0,0,0,0
241,0,1,0,NEGATIVE_PEAK,-15.9419,1.0767,-323,-5,-17,0.0279,-13.16,4.37,111.03,66.23,124.50,178.50,107.00,49.00,0.0000,221.98,0,0,0.0000,NOT_RUN,0,665,605,0,8,400,323,0,0,0,0
242,0,1,1,ACCEPT,15.0275,1.0931,270,-4,-21,0.0519,-20.10,-17.29,111.03,66.23,126.00,181.50,104.00,45.00,0.0000,246.70,1,0,2.8196,ACCEPT,0,664,498,30999,8,400,270,0,0,0,0
243,0,1,1,ACCEPT,7.6793,1.0115,88,6,-13,0.3977,-9.70,-30.70,111.03,66.23,131.00,184.50,94.00,47.00,0.0000,257.11,1,-13,1.3112,MAX_STEP,0,798,506,9336,8,400,88,0,0,0,0
244,0,1,1,ACCEPT,11.8836,1.4688,47,-4,10,0.4255,-16.63,-20.38,111.03,66.23,132.00,182.50,92.00,65.00,0.0000,251.50,1,10,1.3843,MAX_STEP,0,303,2263,3468,8,400,47,0,0,0,0
245,0,1,1,ACCEPT,18.5049,1.9143,67,-3,-9,0.3881,-21.84,-29.66,111.03,66.23,133.50,181.00,89.00,72.00,0.0000,261.74,1,2,2.7465,OUT_OF_RANGE,0,246,532,15817,8,400,67,0,0,0,0
246,0,1,1,ACCEPT,9.0032,1.2333,37,-1,11,0.2703,-23.57,-18.32,111.03,66.23,137.00,183.00,82.00,82.00,0.0000,257.51,1,3,2.9193,MAX_STEP,0,383,403,8522,8,400,37,0,0,0,0
247,0,1,1,ACCEPT,10.7253,1.0714,30,3,-13,0.2000,-18.37,-31.73,102.65,61.23,132.00,193.50,66.00,109.00,0.0000,270.81,1,-2,2.6896,ACCEPT,0,177,670,13616,8,400,30,0,0,0,0
248,0,1,1,ACCEPT,8.5587,1.5357,43,1,4,0.6977,-16.77,-27.91,102.65,61.23,122.50,191.50,53.00,105.00,0.0000,259.88,1,10,1.5879,MAX_STEP,0,428,786,6590,8,400,43,0,0,0,0
249,0,1,1,ACCEPT,14.2610,1.5417,37,0,10,0.0811,-16.77,-18.38,102.65,61.23,111.00,196.00,56.00,106.00,0.0000,249.57,1,-1,1.6762,LOW_CONF,0,221,401,15025,8,400,37,0,0,0,0
250,0,1,0,NEGATIVE_PEAK,-12.4912,1.4471,-123,0,-9,0.3496,-16.77,-18.38,102.65,61.23,107.00,196.50,76.00,91.00,0.0000,247.98,0,0,0.0000,NOT_RUN,0,441,331,0,8,400,123,0,0,0,0
251,0,1,1,ACCEPT,15.4270,1.0930,141,0,-12,0.5106,-16.77,-29.82,102.65,61.23,94.00,192.00,106.00,86.00,0.0000,247.94,1,16,1.4190,AT_SEARCH_RAIL,0,329,1054,26920,8,400,141,0,0,0,0
252,0,1,1,ACCEPT,12.8613,2.0357,171,-2,11,0.1111,-19.97,-19.34,102.65,61.23,78.00,182.00,132.00,74.00,0.0000,223.91,1,-16,1.8784,AT_SEARCH_RAIL,0,1106,883,11925,8,400,171,0,0,0,0
253,0,1,0,NEGATIVE_PEAK,-11.0548,1.3333,-52,11,-7,0.4615,-19.97,-19.34,102.65,61.23,69.00,182.00,134.00,78.00,0.0000,220.12,0,0,0.0000,NOT_RUN,0,339,627,0,8,400,52,0,0,0,0
254,0,1,0,NEGATIVE_PEAK,-9.9367,1.0698,-46,11,-2,0.6304,-19.97,-19.34,102.65,61.23,66.50,184.00,131.00,82.00,0.0000,220.96,0,0,0.0000,NOT_RUN,0,362,784,0,8,400,46,0,0,0,0
255,0,1,1,ACCEPT,7.3472,1.0645,33,-3,6,0.1515,-24.77,-13.62,102.65,61.23,60.00,185.50,118.00,91.00,0.0000,216.41,1,-16,1.5787,AT_SEARCH_RAIL,0,376,844,10330,8,400,33,0,0,0,0
256,0,1,1,ACCEPT,15.2274,2.1892,81,1,-10,0.2099,-23.17,-23.15,102.65,61.23,62.50,176.50,93.00,121.00,0.0000,217.25,1,5,2.3246,MAX_STEP,0,414,1414,7947,8,400,81,0,0,0,0
257,0,1,1,ACCEPT,14.1148,2.2727,75,0,3,0.5600,-23.17,-20.29,102.65,61.23,64.00,172.50,82.00,135.00,0.0000,211.58,1,4,2.1902,MAX_STEP,0,489,1442,4669,8,400,75,0,0,0,0
258,0,1,1,ACCEPT,12.4937,2.4000,36,0,9,0.0556,-23.17,-11.71,102.65,61.23,73.50,167.50,53.00,149.00,0.0000,203.62,1,5,2.1182,MAX_STEP,0,271,1381,3943,8,400,36,0,0,0,0
259,0,1,1,ACCEPT,8.0123,1.0476,22,0,12,0.4545,-23.17,-0.27,102.65,61.23,87.50,166.50,33.00,149.00,0.0000,200.15,1,5,1.5362,MAX_STEP,0,201,1338,4763,8,400,22,0,0,0,0
260,0,1,1,ACCEPT,9.1994,1.0303,34,2,-27,0.0882,-19.97,-26.01,102.65,61.23,92.00,169.00,44.00,146.00,0.0000,224.87,1,4,1.7716,MAX_STEP,0,238,955,6022,8,400,34,0,0,0,0
261,0,1,1,ACCEPT,9.6500,1.3478,31,-1,9,0.1935,-21.57,-17.43,102.65,61.23,111.50,171.00,87.00,132.00,0.0000,230.68,1,6,1.7504,MAX_STEP,0,293,1197,2805,8,400,31,0,0,0,0
262,0,1,1,ACCEPT,11.8405,1.1905,25,3,-9,0.5600,-16.77,-26.01,102.65,61.23,122.00,172.50,108.00,111.00,0.0000,242.20,1,3,2.4882,MAX_STEP,0,127,1661,2840,8,400,25,0,0,0,0
263,0,1,0,NEGATIVE_PEAK,-8.4700,1.1905,-25,15,0,0.3200,-16.77,-26.01,102.65,61.23,124.00,174.00,108.00,98.00,0.0000,244.58,0,0,0.0000,NOT_RUN,0,210,1587,0,8,400,25,0,0,0,0
264,0,1,0,NEGATIVE_PEAK,-13.9375,1.5333,-46,6,2,0.5217,-16.77,-26.01,102.65,61.23,125.00,175.50,106.00,75.00,0.0000,246.38,0,0,0.0000,NOT_RUN,0,150,861,0,8,400,46,0,0,0,0
265,0,1,1,ACCEPT,14.0479,1.0488,43,3,-3,0.3023,-11.96,-28.87,102.65,61.23,125.00,175.50,106.00,75.00,0.0000,246.02,1,0,2.6659,ACCEPT,0,130,697,15198,8,400,43,0,0,0,0
266,0,1,1,ACCEPT,12.8984,1.1304,78,3,6,0.0256,-7.16,-23.15,102.65,61.23,123.50,176.50,109.00,79.00,0.0000,238.60,1,-3,2.0061,MAX_STEP,0,258,562,10366,8,400,78,0,0,0,0
267,0,1,1,ACCEPT,9.2782,1.1429,32,0,14,0.2812,-7.16,-9.80,102.65,61.23,118.00,178.00,108.00,84.00,0.0000,225.69,1,-14,1.8264,MAX_STEP,0,149,794,5769,8,400,32,0,0,0,0
268,0,1,0,NEGATIVE_PEAK,-11.4280,1.1290,-70,-5,-11,0.0429,-7.16,-9.80,102.65,61.23,110.00,177.00,104.00,84.00,0.0000,220.50,0,0,0.0000,NOT_RUN,0,264,562,0,8,400,70,0,0,0,0
269,0,1,0,NEGATIVE_PEAK,-9.4355,1.0612,-52,-5,-5,0.1923,-7.16,-9.80,102.65,61.23,108.50,177.00,107.00,82.00,0.0000,219.71,0,0,0.0000,NOT_RUN,0,238,462,0,8,400,52,0,0,0,0
270,0,1,1,ACCEPT,16.3004,1.6866,113,-1,-13,0.0708,-8.76,-22.20,102.65,61.23,100.50,176.50,107.00,81.00,0.0000,226.75,1,1,1.6658,LOW_CONF,0,254,1304,6350,8,400,113,0,0,0,0
271,0,1,1,ACCEPT,8.5228,1.0435,96,9,-1,0.8854,5.66,-23.15,102.65,61.23,97.50,175.00,107.00,86.00,0.0000,218.40,1,11,1.8368,MAX_STEP,0,489,1133,5453,8,400,96,0,0,0,0
272,0,1,1,ACCEPT,9.4429,1.0769,70,15,1,0.4714,29.68,-22.20,102.65,61.23,96.00,172.50,108.00,85.00,0.0000,205.68,1,12,2.0844,MAX_STEP,0,375,1141,6125,8,400,70,0,0,0,0
273,0,1,1,ACCEPT,10.7042,1.3500,81,1,14,0.3086,31.28,-8.85,102.65,61.23,92.50,166.00,115.00,82.00,0.0000,185.26,1,14,1.2524,MAX_STEP,0,384,887,5514,8,400,81,0,0,0,0
274,0,1,0,NEGATIVE_PEAK,-10.5848,1.4400,-72,-15,-19,0.2083,31.28,-8.85,102.65,61.23,90.50,159.50,119.00,79.00,0.0000,178.46,0,0,0.0000,NOT_RUN,0,285,676,0,8,400,72,0,0,0,0
275,0,1,1,ACCEPT,13.1339,1.2826,118,-16,-20,0.0254,5.66,-27.91,102.65,61.23,93.00,157.50,122.00,77.00,0.0000,204.96,1,6,2.3583,MAX_STEP,0,344,845,13223,8,400,118,0,0,0,0
276,0,1,1,ACCEPT,10.1989,1.2500,70,14,7,0.2857,28.08,-21.24,102.65,61.23,101.00,159.00,130.00,76.00,0.0000,194.43,1,-16,1.7860,AT_SEARCH_RAIL,0,283,1194,4145,8,400,70,0,0,0,0
277,0,1,0,NEGATIVE_PEAK,-7.8407,1.0357,-58,-26,4,0.3103,28.08,-21.24,102.65,61.23,106.50,165.50,125.00,71.00,0.0000,202.54,0,0,0.0000,NOT_RUN,0,324,1125,0,8,400,58,0,0,0,0
278,0,1,0,NEGATIVE_PEAK,-6.9154,1.0600,-53,-21,-7,0.6038,28.08,-21.24,102.65,61.23,105.00,168.00,126.00,68.00,0.0000,204.28,0,0,0.0000,NOT_RUN,0,457,910,0,8,400,53,0,0,0,0
279,0,1,1,ACCEPT,6.0505,1.0303,34,1,15,0.5588,29.68,-6.95,102.65,61.23,102.50,159.00,129.00,82.00,0.0000,181.22,1,-12,1.2352,MAX_STEP,0,384,798,5842,8,400,34,0,0,0,0
280,0,1,1,ACCEPT,7.3467,1.1739,27,0,13,0.3704,29.68,5.45,102.65,61.23,99.00,146.50,126.00,73.00,0.0000,157.17,1,-2,1.4009,LOW_CONF,0,230,1030,5339,8,400,27,0,0,0,0
281,0,1,0,NEGATIVE_PEAK,-8.1478,1.1892,-44,-29,-32,0.2045,29.68,5.45,102.65,61.23,96.50,143.00,121.00,64.00,0.0000,152.93,0,0,0.0000,NOT_RUN,0,238,1215,0,8,400,44,0,0,0,0
282,0,1,0,NEGATIVE_PEAK,-11.5614,1.5254,-90,-20,-33,0.0778,29.68,5.45,102.65,61.23,95.00,141.50,116.00,65.00,0.0000,150.92,0,0,0.0000,NOT_RUN,0,358,1098,0,8,400,90,0,0,0,0
283,0,1,0,NEGATIVE_PEAK,-8.6586,1.2048,-100,-20,-19,0.1800,29.68,5.45,102.65,61.23,96.50,141.50,117.00,63.00,0.0000,151.58,0,0,0.0000,NOT_RUN,0,433,952,0,8,400,100,0,0,0,0
284,0,1,0,NEGATIVE_PEAK,-6.9625,1.1765,-80,-20,-11,0.2750,29.68,5.45,102.65,61.23,97.00,143.50,118.00,61.00,0.0000,153.59,0,0,0.0000,NOT_RUN,0,461,930,0,8,400,80,0,0,0,0
285,0,1,1,ACCEPT,11.3238,1.7286,121,-15,-29,0.0909,5.66,-22.20,102.65,61.23,96.00,151.50,120.00,51.00,0.0000,195.79,1,1,1.7051,LOW_CONF,0,475,1141,12704,8,400,121,0,0,0,0
286,0,1,1,ACCEPT,7.6746,1.0758,71,0,10,0.3662,5.66,-12.66,102.65,61.23,94.50,152.00,119.00,52.00,0.0000,187.10,1,-1,1.6849,LOW_CONF,0,787,1762,5800,8,400,71,0,0,0,0
287,0,1,1,ACCEPT,9.2600,1.2281,70,1,6,0.1000,7.26,-6.95,102.65,61.23,94.00,149.50,118.00,57.00,0.0000,178.88,1,-2,1.6598,LOW_CONF,0,463,1146,11119,8,400,70,0,0,0,0
288,0,1,0,NEGATIVE_PEAK,-8.9570,1.3964,-155,-13,-16,0.0581,7.26,-6.95,102.65,61.23,92.50,144.50,113.00,71.00,0.0000,173.79,0,0,0.0000,NOT_RUN,0,854,2250,0,8,400,155,0,0,0,0
289,0,1,1,ACCEPT,10.8792,1.4344,175,-11,-21,0.2571,-10.36,-26.96,102.65,61.23,92.00,142.50,104.00,81.00,0.0000,197.98,1,-16,1.8258,AT_SEARCH_RAIL,0,781,2028,6965,8,400,175,0,0,0,0
290,0,1,1,ACCEPT,11.3065,1.3478,93,1,5,0.4516,-8.76,-22.20,102.65,61.23,94.00,139.50,106.00,81.00,0.0000,191.58,1,3,2.0881,MAX_STEP,0,685,3406,1925,8,400,93,0,0,0,0
291,0,1,1,ACCEPT,11.7030,1.2632,48,1,8,0.4583,-7.16,-14.57,102.65,61.23,98.00,139.00,108.00,66.00,0.0000,186.12,1,4,1.4919,MAX_STEP,0,231,2638,2720,8,400,48,0,0,0,0
292,0,1,1,ACCEPT,13.7797,1.7018,97,1,-14,0.0515,-5.55,-27.91,111.03,66.23,99.00,142.50,112.00,59.00,0.0000,199.93,1,2,2.3659,ACCEPT,0,314,1568,5172,8,400,97,0,0,0,0
293,0,1,1,ACCEPT,12.5222,1.8077,94,1,1,0.9149,-3.82,-26.88,111.03,66.23,97.50,143.50,113.00,55.00,0.0000,198.23,1,0,2.7094,ACCEPT,0,513,1918,3140,8,400,94,0,0,0,0
294,0,1,1,ACCEPT,11.9153,1.6341,67,-9,1,0.2239,-19.43,-25.85,111.03,66.23,95.00,139.00,114.00,58.00,0.0000,200.67,1,10,1.5728,MAX_STEP,0,290,1893,6281,8,400,67,0,0,0,0
295,0,1,1,ACCEPT,11.3462,1.0714,60,6,-5,0.2167,-9.02,-31.01,111.03,66.23,93.50,135.50,113.00,65.00,0.0000,195.54,1,1,2.5440,OUT_OF_RANGE,0,224,2930,8844,8,400,60,0,0,0,0
296,0,1,0,NEGATIVE_PEAK,-13.2731,1.9359,-151,-8,0,0.1325,-9.02,-31.01,111.03,66.23,91.50,136.00,109.00,68.00,0.0000,194.93,0,0,0.0000,NOT_RUN,0,760,535,0,8,400,151,0,0,0,0
297,0,1,1,ACCEPT,9.9437,1.5172,88,0,0,1.0000,-9.02,-31.01,111.03,66.23,88.00,139.00,104.00,68.00,0.0000,195.75,1,1,2.9143,OUT_OF_RANGE,0,781,1194,3242,8,400,88,0,0,0,0
298,0,1,1,ACCEPT,8.2035,1.4000,14,0,7,0.2857,-9.02,-23.79,111.03,66.23,88.50,136.50,101.00,81.00,0.0000,187.63,1,0,2.6263,ACCEPT,0,190,1387,1636,8,400,14,0,0,0,0
299,0,1,1,ACCEPT,9.7049,1.5714,11,1,3,0.4545,-7.29,-20.70,106.76,63.68,88.00,137.50,100.00,85.00,0.0000,184.68,1,-1,2.4674,ACCEPT,0,106,1356,1844,8,400,11,0,0,0,0
300,0,1,1,ACCEPT,9.7834,1.5000,12,-3,7,0.1667,-12.30,-13.75,106.76,63.68,90.00,139.00,98.00,92.00,0.0000,183.84,1,2,2.7389,OUT_OF_RANGE,0,118,1185,1650,8,400,12,0,0,0,0
301,0,1,0,NEGATIVE_PEAK,-9.6794,1.1765,-20,-4,-11,0.1000,-12.30,-13.75,106.76,63.68,90.50,142.50,99.00,87.00,0.0000,187.04,0,0,0.0000,NOT_RUN,0,101,975,0,8,400,20,0,0,0,0
302,0,1,0,NEGATIVE_PEAK,-8.4226,1.1333,-17,-4,-7,0.0000,-12.30,-13.75,106.76,63.68,90.00,143.00,98.00,78.00,0.0000,187.18,0,0,0.0000,NOT_RUN,0,102,866,0,8,400,17,0,0,0,0
303,0,1,0,NEGATIVE_PEAK,-11.5232,1.1698,-62,-4,-18,0.5645,-12.30,-13.75,106.76,63.68,90.50,145.00,99.00,62.00,0.0000,189.13,0,0,0.0000,NOT_RUN,0,231,751,0,8,400,62,0,0,0,0
304,0,1,0,NEGATIVE_PEAK,-14.6730,1.0725,-148,1,-13,0.2635,-12.30,-13.75,106.76,63.68,92.00,141.00,100.00,68.00,0.0000,186.62,0,0,0.0000,NOT_RUN,0,404,602,0,8,400,148,0,0,0,0
305,0,1,0,NEGATIVE_PEAK,-17.4049,1.1000,-143,2,-11,0.5455,-12.30,-13.75,106.76,63.68,92.50,137.00,99.00,70.00,0.0000,183.60,0,0,0.0000,NOT_RUN,0,307,1461,0,8,400,143,0,0,0,0
306,0,1,0,NEGATIVE_PEAK,-15.4701,1.1649,-113,3,-8,0.6814,-12.30,-13.75,106.76,63.68,94.00,134.50,98.00,83.00,0.0000,182.42,0,0,0.0000,NOT_RUN,0,263,1687,0,8,400,113,0,0,0,0
307,0,1,0,NEGATIVE_PEAK,-14.3503,1.4247,-104,3,-7,0.2500,-12.30,-13.75,106.76,63.68,91.50,129.00,105.00,86.00,0.0000,176.50,0,0,0.0000,NOT_RUN,0,257,1673,0,8,400,104,0,0,0,0
308,0,1,0,NEGATIVE_PEAK,-12.9020,1.1463,-94,4,-6,0.0851,-12.30,-13.75,106.76,63.68,90.00,126.50,106.00,83.00,0.0000,173.60,0,0,0.0000,NOT_RUN,0,267,1325,0,8,400,94,0,0,0,0
309,0,1,0,NEGATIVE_PEAK,-15.8033,1.1711,-89,5,-5,0.2584,-12.30,-13.75,106.76,63.68,90.50,124.00,103.00,82.00,0.0000,171.88,0,0,0.0000,NOT_RUN,0,201,4669,0,8,400,89,0,0,0,0
310,0,1,0,NEGATIVE_PEAK,-17.2847,1.4545,-80,5,-5,0.1625,-12.30,-13.75,106.76,63.68,96.50,122.00,91.00,74.00,0.0000,173.97,0,0,0.0000,NOT_RUN,0,192,2435,0,8,400,80,0,0,0,0
311,0,1,0,NEGATIVE_PEAK,-16.3050,1.4259,-77,5,-4,0.1299,-12.30,-13.75,106.76,63.68,95.50,120.00,93.00,72.00,0.0000,171.79,0,0,0.0000,NOT_RUN,0,188,2991,0,8,400,77,0,0,0,0
312,0,1,0,NEGATIVE_PEAK,-15.2328,1.5238,-64,6,-2,0.0625,-12.30,-13.75,106.76,63.68,95.50,115.50,93.00,59.00,0.0000,168.31,0,0,0.0000,NOT_RUN,0,165,1557,0,8,400,64,0,0,0,0
313,0,1,0,NEGATIVE_PEAK,-12.5627,1.2857,-36,7,0,0.2500,-12.30,-13.75,106.76,63.68,95.00,114.00,98.00,54.00,0.0000,166.84,0,0,0.0000,NOT_RUN,0,100,596,0,8,400,36,0,0,0,0
314,0,1,0,NEGATIVE_PEAK,-14.0760,1.7895,-34,7,1,0.2059,-12.30,-13.75,106.76,63.68,93.50,115.00,99.00,52.00,0.0000,166.65,0,0,0.0000,NOT_RUN,0,97,595,0,8,400,34,0,0,0,0
315,0,1,0,NEGATIVE_PEAK,-12.0579,1.5882,-27,9,4,0.3333,-12.30,-13.75,106.76,63.68,94.00,115.00,102.00,48.00,0.0000,166.96,0,0,0.0000,NOT_RUN,0,99,854,0,8,400,27,0,0,0,0
316,0,1,0,NEGATIVE_PEAK,-13.0428,1.5217,-35,0,-17,0.1429,-12.30,-13.75,106.76,63.68,92.50,118.00,109.00,48.00,0.0000,168.35,0,0,0.0000,NOT_RUN,0,111,1340,0,8,400,35,0,0,0,0
317,0,1,1,ACCEPT,9.4890,1.1026,43,-8,-15,0.0465,-25.68,-28.63,106.76,63.68,94.00,119.50,110.00,45.00,0.0000,190.44,1,0,1.7037,LOW_CONF,0,163,1499,12387,8,400,43,0,0,0,0
318,0,1,0,NEGATIVE_PEAK,-11.1198,1.1845,-122,5,-5,0.0164,-25.68,-28.63,106.76,63.68,94.50,123.50,113.00,45.00,0.0000,193.88,0,0,0.0000,NOT_RUN,0,513,2209,0,8,400,122,0,0,0,0
319,0,1,0,NEGATIVE_PEAK,-7.4455,1.3485,-89,7,3,0.3708,-25.68,-28.63,106.76,63.68,96.00,128.00,114.00,44.00,0.0000,198.34,0,0,0.0000,NOT_RUN,0,761,6164,0,8,400,89,0,0,0,0
320,0,1,0,NEGATIVE_PEAK,-5.9316,1.1000,-66,-7,8,0.1515,-25.68,-28.63,106.76,63.68,96.50,131.00,115.00,44.00,0.0000,201.02,0,0,0.0000,NOT_RUN,0,734,5987,0,8,400,66,0,0,0,0
321,0,1,1,ACCEPT,17.7967,1.6606,181,5,-2,0.6188,-17.32,-30.62,102.65,61.23,97.50,136.50,119.00,43.00,0.0000,202.76,1,-1,2.4978,ACCEPT,0,723,774,12544,8,400,181,0,0,0,0
322,0,1,0,NEGATIVE_PEAK,-13.8335,1.5188,-202,-2,2,0.7921,-17.32,-30.62,102.65,61.23,100.00,142.00,118.00,44.00,0.0000,208.71,0,0,0.0000,NOT_RUN,0,895,1181,0,8,400,202,0,0,0,0
323,0,1,0,NEGATIVE_PEAK,-6.5905,1.0133,-76,17,2,0.2105,-17.32,-30.62,102.65,61.23,100.50,144.00,119.00,42.00,0.0000,210.65,0,0,0.0000,NOT_RUN,0,738,2555,0,8,400,76,0,0,0,0
324,0,1,0,NEGATIVE_PEAK,-8.4588,1.0490,-107,21,5,0.8598,-17.32,-30.62,102.65,61.23,102.00,148.50,120.00,41.00,0.0000,215.22,0,0,0.0000,NOT_RUN,0,409,3740,0,8,400,107,0,0,0,0
325,0,1,1,ACCEPT,9.1603,1.0909,84,12,7,0.0595,1.90,-23.95,102.65,61.23,102.00,152.00,120.00,40.00,0.0000,202.43,1,-1,1.4942,LOW_CONF,0,427,7356,1562,8,400,84,0,0,0,0
326,0,1,1,ACCEPT,12.2767,1.1624,136,-1,2,0.8750,0.30,-22.04,102.65,61.23,101.50,153.00,121.00,40.00,0.0000,202.19,1,0,1.9571,LOW_CONF,0,456,4566,2824,8,400,136,0,0,0,0
327,0,1,1,ACCEPT,12.2629,1.2130,205,0,3,0.7171,0.30,-19.18,102.65,61.23,101.00,155.00,122.00,38.00,0.0000,201.20,1,0,1.8009,LOW_CONF,0,656,4353,4082,8,400,205,0,0,0,0
328,0,1,1,ACCEPT,13.5589,1.4412,245,0,1,0.9429,0.30,-18.23,102.65,61.23,100.00,155.00,122.00,38.00,0.0000,199.87,1,0,2.0068,ACCEPT,0,661,1488,8536,8,400,245,0,0,0,0
329,0,1,1,ACCEPT,16.9564,1.8117,279,0,1,0.9892,0.30,-17.27,102.65,61.23,99.50,156.00,123.00,38.00,0.0000,199.66,1,0,2.1389,ACCEPT,0,667,1008,11532,8,400,279,0,0,0,0
330,0,1,1,ACCEPT,19.0865,2.1358,346,0,0,1.0000,0.30,-17.27,98.71,58.88,98.50,156.00,123.00,38.00,0.0000,199.17,1,-1,2.0586,ACCEPT,0,910,1009,16231,8,400,346,0,0,0,0
331,0,1,1,ACCEPT,21.8218,2.5536,429,1,1,0.8974,1.84,-16.35,98.71,58.88,99.00,155.50,126.00,37.00,0.0000,197.42,1,-2,1.9911,LOW_CONF,0,1090,1279,17761,8,400,429,0,0,0,0
332,0,1,1,ACCEPT,23.6982,2.5361,492,-1,1,0.9533,0.30,-15.43,98.71,58.88,97.50,155.50,123.00,37.00,0.0000,196.64,1,0,2.1357,ACCEPT,0,1157,2450,16029,8,400,492,0,0,0,0
333,0,1,1,ACCEPT,17.3139,1.9348,534,0,1,0.9906,0.30,-14.51,98.71,58.88,97.50,155.50,123.00,37.00,0.0000,195.83,1,0,2.1717,ACCEPT,0,1714,4936,11061,8,400,534,0,0,0,0
334,0,1,1,ACCEPT,24.3919,2.9280,691,1,0,0.9913,1.84,-14.51,94.91,56.61,98.00,155.50,124.00,39.00,0.0000,195.32,1,-1,2.1183,ACCEPT,0,1728,3836,11965,8,400,691,0,0,0,0
335,0,1,1,ACCEPT,29.4419,3.1940,642,0,1,0.9922,1.84,-13.62,91.26,54.44,97.00,154.50,124.00,39.00,0.0000,193.19,1,-1,2.3327,ACCEPT,0,1308,2563,14584,8,400,642,0,0,0,0
336,0,1,1,ACCEPT,28.6634,3.5939,593,0,0,1.0000,1.84,-13.62,91.26,54.44,97.50,154.50,125.00,39.00,0.0000,193.44,1,0,2.3584,ACCEPT,0,1170,1799,15162,8,400,593,0,0,0,0
337,0,1,1,ACCEPT,24.5893,3.5794,451,0,0,1.0000,1.84,-13.62,87.75,52.34,97.00,154.00,126.00,40.00,0.0000,192.75,1,-1,2.4615,ACCEPT,0,1029,1007,22212,8,400,451,0,0,0,0
338,0,1,1,ACCEPT,23.4195,3.7426,509,1,1,0.9646,3.20,-12.80,81.13,48.39,97.00,153.50,126.00,37.00,0.0000,190.93,1,-2,2.2616,ACCEPT,0,1159,1033,22960,8,400,509,0,0,0,0
339,0,1,1,ACCEPT,23.5559,2.9933,446,2,1,0.8363,5.73,-12.05,81.13,48.39,97.00,152.50,126.00,39.00,0.0000,188.16,1,-3,1.6390,MAX_STEP,0,998,916,18904,8,400,446,0,0,0,0
340,0,1,1,ACCEPT,25.4748,3.1862,462,0,0,1.0000,5.73,-12.05,81.13,48.39,98.00,151.00,126.00,38.00,0.0000,187.34,1,-2,1.9378,LOW_CONF,0,1053,1365,15265,8,400,462,0,0,0,0
341,0,1,1,ACCEPT,27.1056,3.3305,393,0,0,1.0000,5.73,-12.05,75.01,44.74,98.50,153.00,127.00,38.00,0.0000,189.33,1,-2,2.0444,ACCEPT,0,866,1959,16015,8,400,393,0,0,0,0
342,0,1,1,ACCEPT,17.2363,2.5047,268,1,2,0.7724,6.91,-10.66,72.12,43.02,98.50,151.00,127.00,40.00,0.0000,185.80,1,-1,2.1006,ACCEPT,0,964,4233,7153,8,400,268,0,0,0,0
343,0,1,1,ACCEPT,19.1088,2.4444,220,1,2,0.7909,8.03,-9.31,66.68,39.78,98.50,151.50,127.00,39.00,0.0000,184.51,1,-2,2.0162,ACCEPT,0,636,3913,7908,8,400,220,0,0,0,0
344,0,1,1,ACCEPT,16.4298,2.1000,210,1,1,0.8667,9.07,-8.69,61.65,36.77,98.50,151.00,127.00,40.00,0.0000,183.02,1,-2,2.0348,ACCEPT,0,660,3717,7701,8,400,210,0,0,0,0
345,0,1,1,ACCEPT,14.9041,2.0899,186,1,5,0.4032,10.03,-5.80,57.00,34.00,99.00,152.00,128.00,40.00,0.0000,181.15,1,-2,2.2144,ACCEPT,0,663,3633,6662,8,400,186,0,0,0,0
346,0,1,1,ACCEPT,14.5713,1.9121,174,1,3,0.6322,10.92,-4.20,52.70,31.43,99.50,151.50,127.00,41.00,0.0000,179.14,1,-2,2.1723,ACCEPT,0,558,3375,8158,8,400,174,0,0,0,0
347,0,1,1,ACCEPT,14.1575,1.6903,191,-1,1,0.9372,10.10,-3.71,52.70,31.43,98.50,152.00,127.00,42.00,0.0000,179.05,1,0,2.4673,ACCEPT,0,656,3235,7968,8,400,191,0,0,0,0
348,0,1,1,ACCEPT,17.0596,2.2330,230,1,2,0.7913,10.92,-2.73,50.67,30.23,99.00,152.50,126.00,41.00,0.0000,178.47,1,-1,2.6300,ACCEPT,0,650,3231,7838,8,400,230,0,0,0,0
349,0,1,1,ACCEPT,17.5390,2.4688,237,0,4,0.5949,10.92,-0.85,50.67,30.23,99.00,153.00,126.00,42.00,0.0000,177.28,1,0,2.6446,ACCEPT,0,718,2820,8590,8,400,237,0,0,0,0
350,0,1,1,ACCEPT,18.9176,1.9209,267,-1,0,0.9963,10.13,-0.85,50.67,30.23,98.50,153.00,127.00,40.00,0.0000,177.42,1,0,2.4855,ACCEPT,0,704,2687,9664,8,400,267,0,0,0,0
351,0,1,1,ACCEPT,19.3367,2.2263,305,0,0,1.0000,10.13,-0.85,50.67,30.23,98.00,152.50,128.00,41.00,0.0000,176.74,1,0,2.7479,ACCEPT,0,1020,3123,8607,8,400,305,0,0,0,0
352,0,1,1,ACCEPT,20.1743,2.2653,333,-1,0,0.9760,9.34,-0.85,50.67,30.23,97.50,152.00,127.00,42.00,0.0000,176.45,1,0,2.7654,ACCEPT,0,1064,2811,10544,8,400,333,0,0,0,0
353,0,1,1,ACCEPT,20.7810,2.3295,410,0,0,1.0000,9.34,-0.85,50.67,30.23,97.50,152.00,127.00,42.00,0.0000,176.45,1,0,2.8146,ACCEPT,0,1237,2889,11405,8,400,410,0,0,0,0
354,0,1,1,ACCEPT,21.1737,2.2550,451,-1,0,0.9911,8.55,-0.85,50.67,30.23,97.00,152.50,128.00,43.00,0.0000,177.03,1,0,2.8253,ACCEPT,0,1166,2012,12369,8,400,451,0,0,0,0
355,0,1,1,ACCEPT,19.5781,2.5584,394,-1,-1,0.9594,7.77,-1.32,52.70,31.43,96.50,153.50,127.00,41.00,0.0000,178.45,1,1,2.6378,ACCEPT,0,1290,1830,13804,8,400,394,0,0,0,0
356,0,1,1,ACCEPT,22.6848,2.6552,462,0,-3,0.7273,7.77,-2.80,52.70,31.43,96.50,152.00,127.00,42.00,0.0000,178.43,1,0,2.8981,ACCEPT,0,1477,2025,10731,8,400,462,0,0,0,0
357,0,1,1,ACCEPT,24.0682,2.3944,340,-1,1,0.9500,6.95,-2.30,54.81,32.69,96.00,152.50,128.00,43.00,0.0000,178.59,1,1,2.6604,ACCEPT,0,952,2227,10506,8,400,340,0,0,0,0
358,0,1,1,ACCEPT,26.7890,2.8496,379,1,-2,0.8865,7.80,-3.32,52.70,31.43,96.50,152.00,127.00,42.00,0.0000,178.86,1,-1,2.8362,ACCEPT,0,1019,2260,8250,8,400,379,0,0,0,0
359,0,1,1,ACCEPT,27.0505,2.5625,287,0,1,0.9268,7.80,-2.83,52.70,31.43,96.50,152.00,127.00,42.00,0.0000,178.43,1,0,2.8993,ACCEPT,0,684,2477,7803,8,400,287,0,0,0,0
360,0,1,1,ACCEPT,25.4699,2.7159,239,0,3,0.7992,7.80,-1.35,52.70,31.43,96.50,153.50,127.00,43.00,0.0000,178.45,1,0,2.9460,ACCEPT,0,593,2560,10456,8,400,239,0,0,0,0
361,0,1,1,ACCEPT,15.9940,2.5426,239,0,0,1.0000,7.80,-1.35,52.70,31.43,96.50,154.00,127.00,42.00,0.0000,178.89,1,0,2.9597,ACCEPT,0,752,3153,9934,8,400,239,0,0,0,0
362,0,1,1,ACCEPT,17.7797,2.7500,341,0,1,0.9355,7.80,-0.86,52.70,31.43,96.00,154.50,128.00,43.00,0.0000,178.65,1,0,2.9846,ACCEPT,0,988,2741,11833,8,400,341,0,0,0,0
363,0,1,1,ACCEPT,19.1123,2.5352,360,0,3,0.7333,7.80,0.62,52.70,31.43,96.50,155.50,127.00,41.00,0.0000,178.48,1,0,3.0116,ACCEPT,0,1100,2608,13070,8,400,360,0,0,0,0
364,0,1,1,ACCEPT,23.0252,2.6505,546,-1,0,0.9780,6.98,0.62,52.70,31.43,95.50,156.00,127.00,44.00,0.0000,178.83,1,0,3.0223,ACCEPT,0,1748,1555,18231,8,400,546,0,0,0,0
365,0,1,1,ACCEPT,19.6000,2.9884,517,0,1,0.9768,6.98,1.11,52.70,31.43,96.00,156.50,128.00,43.00,0.0000,179.08,1,0,3.0336,ACCEPT,0,2004,1339,18103,8,400,517,0,0,0,0
366,0,1,1,ACCEPT,17.2709,2.6228,438,0,2,0.8767,6.98,2.09,50.67,30.23,95.00,157.50,128.00,43.00,0.0000,178.60,1,-1,2.9665,ACCEPT,0,1893,1421,20390,8,400,438,0,0,0,0
367,0,1,1,ACCEPT,18.4111,2.5622,474,-1,3,0.8122,6.20,3.50,50.67,30.23,94.50,157.00,127.00,44.00,0.0000,177.09,1,0,3.0188,ACCEPT,0,1912,1383,18073,8,400,474,0,0,0,0
368,0,1,1,ACCEPT,21.9975,2.7172,538,0,-2,0.9071,6.20,2.56,50.67,30.23,94.00,157.00,128.00,44.00,0.0000,177.65,1,0,3.0919,ACCEPT,0,1733,1486,21313,8,400,538,0,0,0,0
369,0,1,1,ACCEPT,24.0970,2.8571,660,-1,0,0.9864,5.41,2.56,50.67,30.23,93.50,158.00,127.00,42.00,0.0000,178.67,1,0,3.1033,ACCEPT,0,1716,1481,21651,8,400,660,0,0,0,0
370,0,1,1,ACCEPT,20.0901,2.3064,542,0,-1,0.9945,5.41,2.09,50.67,30.23,93.00,157.50,128.00,43.00,0.0000,178.39,1,0,3.0533,ACCEPT,0,1386,1861,18314,8,400,542,0,0,0,0
371,0,1,1,ACCEPT,20.6782,2.5767,487,0,1,0.9733,5.41,2.56,48.72,29.06,93.00,157.00,128.00,44.00,0.0000,177.55,1,-1,3.0063,ACCEPT,0,1350,2229,17428,8,400,487,0,0,0,0
372,0,1,1,ACCEPT,19.9318,2.4353,565,0,-2,0.9363,5.41,1.66,46.85,27.95,92.50,156.00,127.00,42.00,0.0000,177.22,1,-1,2.9470,ACCEPT,0,1602,1446,19462,8,400,565,0,0,0,0
373,0,1,1,ACCEPT,20.6845,2.3600,531,1,1,0.9661,6.14,2.09,43.32,25.84,92.50,155.00,127.00,42.00,0.0000,175.61,1,-2,2.6012,ACCEPT,0,1421,1377,17776,8,400,531,0,0,0,0
374,0,1,1,ACCEPT,17.6840,2.3046,454,0,2,0.8811,6.14,2.91,43.32,25.84,92.00,155.00,126.00,42.00,0.0000,174.65,1,0,2.9432,ACCEPT,0,1407,1786,12031,8,400,454,0,0,0,0
375,0,1,1,ACCEPT,19.1305,2.2378,414,-1,-1,0.9203,5.46,2.50,43.32,25.84,92.50,154.50,127.00,43.00,0.0000,175.16,1,0,3.0578,ACCEPT,0,1286,2480,9730,8,400,414,0,0,0,0
376,0,1,1,ACCEPT,21.0510,2.3871,444,1,-3,0.8333,6.14,1.28,41.65,24.84,92.00,153.50,128.00,43.00,0.0000,174.76,1,-1,2.8667,ACCEPT,0,1327,2587,9000,8,400,444,0,0,0,0
377,0,1,1,ACCEPT,17.7596,2.1278,383,0,3,0.8172,6.14,2.45,41.65,24.84,92.00,153.00,128.00,42.00,0.0000,173.31,1,0,2.9612,ACCEPT,0,1527,2612,6884,8,400,383,0,0,0,0
378,0,1,1,ACCEPT,20.7971,2.3681,341,0,-1,0.9413,6.14,2.06,41.65,24.84,92.00,153.00,128.00,42.00,0.0000,173.65,1,0,3.0138,ACCEPT,0,1044,2477,7398,8,400,341,0,0,0,0
379,0,1,1,ACCEPT,21.3968,2.4464,411,1,-3,0.8370,6.79,0.89,41.65,24.84,92.50,153.00,127.00,42.00,0.0000,174.60,1,0,3.1102,ACCEPT,0,1155,2258,8428,8,400,411,0,0,0,0
380,0,1,1,ACCEPT,21.8598,2.5200,441,0,-1,0.9909,6.79,0.50,43.32,25.84,93.50,153.00,127.00,42.00,0.0000,175.43,1,1,2.9463,ACCEPT,0,1348,2458,7460,8,400,441,0,0,0,0
381,0,1,1,ACCEPT,26.2374,2.3102,499,0,-3,0.7295,6.79,-0.72,45.05,26.87,93.50,151.50,127.00,41.00,0.0000,175.18,1,1,2.8014,ACCEPT,0,1169,2376,9501,8,400,499,0,0,0,0
382,0,1,1,ACCEPT,26.2953,2.8722,517,2,0,0.8917,8.20,-0.72,45.05,26.87,94.00,151.50,126.00,41.00,0.0000,174.74,1,0,3.1373,ACCEPT,0,1401,2809,7366,8,400,517,0,0,0,0
383,0,1,1,ACCEPT,27.7691,2.9200,511,1,0,0.9863,8.90,-0.72,43.32,25.84,94.50,152.50,127.00,41.00,0.0000,175.51,1,-1,2.8118,ACCEPT,0,1257,2718,8037,8,400,511,0,0,0,0
384,0,1,1,ACCEPT,26.4446,2.5622,515,-1,2,0.8660,8.22,0.09,43.32,25.84,94.50,152.50,127.00,43.00,0.0000,175.13,1,0,3.1484,ACCEPT,0,1370,2573,7740,8,400,515,0,0,0,0
385,0,1,1,ACCEPT,28.9544,2.8447,458,0,2,0.9039,8.22,0.91,43.32,25.84,93.50,153.00,129.00,42.00,0.0000,174.37,1,0,3.1438,ACCEPT,0,1146,2662,7583,8,400,458,0,0,0,0
386,0,1,1,ACCEPT,29.5566,2.4179,486,-1,0,0.9938,7.54,0.91,43.32,25.84,93.50,153.00,129.00,42.00,0.0000,174.70,1,0,3.1046,ACCEPT,0,1107,2493,8657,8,400,486,0,0,0,0
387,0,1,1,ACCEPT,28.9802,2.4439,479,-2,2,0.8664,6.18,1.72,45.05,26.87,92.50,154.00,129.00,40.00,0.0000,175.05,1,1,2.7087,ACCEPT,0,1146,2325,9187,8,400,479,0,0,0,0
388,0,1,1,ACCEPT,30.5465,2.7257,477,1,0,0.9790,6.88,1.72,43.32,25.84,92.50,153.00,127.00,40.00,0.0000,173.83,1,-1,2.8941,ACCEPT,0,1115,2235,9986,8,400,477,0,0,0,0
389,0,1,1,ACCEPT,27.7252,2.6054,482,-1,1,0.8983,6.20,2.12,43.32,25.84,93.00,154.50,128.00,41.00,0.0000,175.36,1,0,3.1686,ACCEPT,0,1102,2108,9593,8,400,482,0,0,0,0
390,0,1,1,ACCEPT,25.2622,2.8082,410,-1,2,0.8756,5.52,2.94,43.32,25.84,91.50,155.00,127.00,42.00,0.0000,174.69,1,0,3.1744,ACCEPT,0,1071,2682,7014,8,400,410,0,0,0,0
391,0,1,1,ACCEPT,23.3614,2.6711,406,-2,1,0.9163,4.16,3.34,45.05,26.87,90.50,155.50,127.00,41.00,0.0000,174.94,1,1,2.8756,ACCEPT,0,1040,1948,9133,8,400,406,0,0,0,0
392,0,1,1,ACCEPT,20.5090,2.5896,448,1,1,0.9531,4.87,3.77,43.32,25.84,90.50,156.00,127.00,42.00,0.0000,174.67,1,-1,2.9595,ACCEPT,0,1651,1510,11314,8,400,448,0,0,0,0
393,0,1,1,ACCEPT,22.5240,2.3726,503,-1,1,0.9066,4.19,4.17,43.32,25.84,90.00,157.00,126.00,42.00,0.0000,175.27,1,0,3.1812,ACCEPT,0,1367,1611,11877,8,400,503,0,0,0,0
394,0,1,1,ACCEPT,19.2895,2.2000,484,-1,2,0.8616,3.51,4.98,43.32,25.84,89.50,158.00,127.00,42.00,0.0000,175.52,1,0,3.1654,ACCEPT,0,2017,1651,8366,8,400,484,0,0,0,0
395,0,1,1,ACCEPT,21.4752,2.4912,426,-1,1,0.9390,2.83,5.39,45.05,26.87,89.50,159.50,127.00,43.00,0.0000,176.81,1,1,3.0243,ACCEPT,0,1654,1701,9088,8,400,426,0,0,0,0
396,0,1,1,ACCEPT,20.4827,2.5027,468,0,1,0.9637,2.83,5.81,43.32,25.84,88.50,159.00,127.00,44.00,0.0000,175.52,1,-1,2.9623,ACCEPT,0,2018,1374,10416,8,400,468,0,0,0,0
397,0,1,1,ACCEPT,22.4374,2.3766,549,-1,0,0.9672,2.15,5.81,43.32,25.84,88.50,160.00,127.00,42.00,0.0000,176.72,1,0,3.1697,ACCEPT,0,2129,1613,8913,8,400,549,0,0,0,0
398,0,1,1,ACCEPT,22.0204,2.4742,527,1,1,0.9526,2.83,6.22,43.32,25.84,88.50,160.50,127.00,43.00,0.0000,176.47,1,0,3.1390,ACCEPT,0,2039,1659,8240,8,400,527,0,0,0,0
399,0,1,1,ACCEPT,22.9838,2.3221,483,1,1,0.9068,3.51,6.62,43.32,25.84,89.50,160.50,127.00,43.00,0.0000,176.27,1,0,3.1736,ACCEPT,0,1594,2078,10282,8,400,483,0,0,0,0
400,0,1,1,ACCEPT,24.4360,2.5516,717,1,-1,0.9568,4.19,6.22,45.05,26.87,90.50,160.50,127.00,43.00,0.0000,176.78,1,1,3.0476,ACCEPT,0,2297,1942,12056,8,400,717,0,0,0,0
0,0,0,0,ZERO_RESPONSE,0.0000,0.0000,0,0,0,0.0000,93.50,162.50,37.00,21.00,93.50,162.50,37.00,21.00,1.0000,0.00,1,0,0.0000,NOT_RUN,0,0,2766,12889,9,450,0,0,0,0,0
1,0,1,1,ACCEPT,41.4294,2.9808,465,-1,-1,0.9548,92.92,162.17,37.00,21.00,93.00,163.00,38.00,22.00,0.9018,0.83,1,0,3.2721,ACCEPT,0,800,2451,12770,9,450,465,0,0,0,0
2,0,1,1,ACCEPT,22.6361,2.1392,415,-1,0,0.9711,92.34,162.17,37.00,21.00,93.00,162.00,38.00,20.00,0.9209,0.68,1,0,3.2492,ACCEPT,0,1295,2312,15332,9,450,415,0,0,0,0
3,0,1,1,ACCEPT,15.6740,1.5785,543,0,-4,0.7514,92.34,160.86,37.00,21.00,92.00,161.50,38.00,21.00,0.9168,0.73,1,0,3.1175,ACCEPT,0,2107,2138,19914,9,450,543,0,0,0,0
4,0,1,1,ACCEPT,14.6306,1.5011,653,0,-4,0.8178,92.34,159.55,37.00,21.00,92.00,160.50,36.00,23.00,0.8905,1.01,1,0,2.9737,ACCEPT,0,2083,1969,22583,9,450,653,0,0,0,0
5,0,1,1,ACCEPT,11.6895,1.2565,583,-1,-6,0.7839,91.77,157.58,35.58,20.19,91.50,160.00,37.00,26.00,0.7468,2.44,1,-1,3.0165,ACCEPT,0,2333,2094,26764,9,450,583,0,0,0,0
6,0,1,1,ACCEPT,10.3553,1.2197,583,-1,-6,0.7581,91.21,155.70,35.58,20.19,91.00,159.00,38.00,28.00,0.6752,3.30,1,0,3.2142,ACCEPT,0,2858,2077,32767,9,450,583,0,0,0,0
7,0,1,1,ACCEPT,11.6011,1.4611,732,1,-2,0.9303,91.77,155.08,35.58,20.19,93.00,158.50,36.00,29.00,0.6554,3.64,1,0,3.1941,ACCEPT,0,3390,1886,32657,9,450,732,0,0,0,0
8,0,1,1,ACCEPT,12.6955,1.5276,857,1,-2,0.8880,92.32,154.45,35.58,20.19,93.50,158.50,35.00,29.00,0.6593,4.22,1,0,3.2210,ACCEPT,0,3543,1850,30729,9,450,857,0,0,0,0
9,0,1,1,ACCEPT,11.3604,1.5633,852,3,-1,0.7383,93.98,154.14,35.58,20.19,94.50,157.50,35.00,33.00,0.5995,3.40,1,0,2.8604,ACCEPT,0,3689,1904,31969,9,450,852,0,0,0,0
10,0,1,1,ACCEPT,11.5867,1.6860,902,0,-2,0.9290,93.98,153.52,35.58,20.19,95.00,158.00,36.00,34.00,0.5661,4.60,1,0,2.8745,ACCEPT,0,3879,1926,30066,9,450,902,0,0,0,0
11,0,1,1,ACCEPT,10.0721,1.8582,786,2,-4,0.5776,95.09,152.27,35.58,20.19,96.00,158.00,32.00,36.00,0.5278,5.81,1,0,2.7669,ACCEPT,0,3804,2033,23411,9,450,786,0,0,0,0
12,0,1,1,ACCEPT,9.3680,1.5767,678,2,-1,0.8997,96.20,151.95,34.21,19.42,98.00,158.50,34.00,41.00,0.4384,6.79,1,-1,2.7115,ACCEPT,0,3644,2241,18960,9,450,678,0,0,0,0
13,0,1,1,ACCEPT,9.5454,1.4906,717,1,-4,0.6625,96.73,150.73,34.21,19.42,99.00,159.00,34.00,44.00,0.4009,8.57,1,0,2.9429,ACCEPT,0,4067,2122,17460,9,450,717,0,0,0,0
14,0,1,1,ACCEPT,9.9139,1.2719,683,0,-4,0.8770,96.73,149.52,34.21,19.42,99.50,161.50,33.00,47.00,0.3704,12.30,1,0,2.9466,ACCEPT,0,3576,1988,19069,9,450,683,0,0,0,0
15,0,1,1,ACCEPT,6.0151,1.1777,444,1,-3,0.8671,97.27,148.60,32.89,18.67,97.00,160.50,32.00,47.00,0.3929,11.90,1,-1,2.6241,ACCEPT,0,3402,2321,18788,9,450,444,0,0,0,0
16,0,1,1,ACCEPT,6.6132,1.0340,486,2,0,0.8909,98.30,148.60,31.63,17.95,92.50,159.00,27.00,46.00,0.3042,11.91,1,-1,2.4651,ACCEPT,0,3499,2495,23525,9,450,486,0,0,0,0
17,0,1,1,ACCEPT,6.4035,1.0962,513,-2,4,0.6920,97.31,149.73,31.63,17.95,87.50,157.00,23.00,38.00,0.2786,12.21,1,0,3.1136,ACCEPT,0,5062,2766,13123,9,450,513,0,0,0,0
18,0,1,1,ACCEPT,8.7514,1.5040,373,0,-2,0.9464,97.31,149.16,31.63,17.95,82.00,157.50,38.00,35.00,0.2262,17.43,1,0,3.0335,ACCEPT,0,2652,2903,13068,9,450,373,0,0,0,0
19,0,1,1,ACCEPT,9.2338,1.4186,366,0,2,0.9536,97.31,149.73,31.63,17.95,80.00,158.00,42.00,32.00,0.2054,19.19,1,0,3.0281,ACCEPT,0,2401,2734,13411,9,450,366,0,0,0,0
20,0,1,1,ACCEPT,9.2122,1.5536,362,-1,-3,0.8840,96.82,148.88,31.63,17.95,77.00,161.00,50.00,24.00,0.1176,23.23,1,0,3.0054,ACCEPT,0,2481,2819,12088,9,450,362,0,0,0,0
21,0,1,1,ACCEPT,10.1212,1.6481,356,-1,-1,0.9607,96.33,148.60,31.63,17.95,73.50,163.00,55.00,22.00,0.0687,26.99,1,0,2.8321,ACCEPT,0,2163,2575,12883,9,450,356,0,0,0,0
22,0,1,1,ACCEPT,11.1406,1.8309,379,1,-2,0.8865,96.82,148.04,31.63,17.95,71.50,166.00,59.00,18.00,0.0002,31.04,1,0,3.0840,ACCEPT,0,2032,2422,13928,9,450,379,0,0,0,0
23,0,1,1,ACCEPT,11.8061,1.7382,405,-1,0,0.9802,96.33,148.04,31.63,17.95,71.50,170.00,57.00,24.00,0.0000,33.15,1,0,2.8485,ACCEPT,0,2086,2410,13077,9,450,405,0,0,0,0
24,0,1,1,ACCEPT,12.6824,1.8839,422,1,-3,0.8199,96.82,147.20,31.63,17.95,73.00,175.50,48.00,31.00,0.0000,36.99,1,0,3.0730,ACCEPT,0,2012,2134,14223,9,450,422,0,0,0,0
25,0,1,1,ACCEPT,12.9776,1.9103,426,0,-1,0.9883,96.82,146.91,31.63,17.95,74.00,175.50,42.00,31.00,0.0000,36.58,1,0,3.0183,ACCEPT,0,2001,2396,11883,9,450,426,0,0,0,0
26,0,1,1,ACCEPT,13.6485,1.8553,423,0,-4,0.6690,96.82,145.79,31.63,17.95,79.00,178.00,26.00,36.00,0.0000,36.81,1,0,3.0256,ACCEPT,0,2006,2091,12611,9,450,423,0,0,0,0
27,0,1,1,ACCEPT,14.3736,2.0239,423,0,-6,0.4752,96.82,144.10,31.63,17.95,83.00,180.50,22.00,43.00,0.0000,38.93,1,0,2.9725,ACCEPT,0,1867,2122,12593,9,450,423,0,0,0,0
28,0,1,1,ACCEPT,15.5450,2.0616,435,1,-2,0.8598,97.31,143.54,31.63,17.95,85.50,180.00,27.00,42.00,0.0000,38.33,1,0,3.0129,ACCEPT,0,1689,2164,11174,9,450,435,0,0,0,0
29,0,1,1,ACCEPT,16.5229,2.0791,447,2,-9,0.2841,98.30,141.01,31.63,17.95,90.50,178.00,35.00,40.00,0.0000,37.80,1,0,3.1589,ACCEPT,0,1754,2051,11744,9,450,447,0,0,0,0
30,0,1,1,ACCEPT,17.1120,2.1888,429,1,-5,0.5105,98.79,139.60,31.63,17.95,92.50,177.00,49.00,34.00,0.0000,37.92,1,0,3.1470,ACCEPT,0,1591,2053,11097,9,450,429,0,0,0,0
31,0,1,1,ACCEPT,17.5663,2.1739,450,-1,-6,0.4511,98.30,137.91,31.63,17.95,94.50,177.00,53.00,30.00,0.0000,39.27,1,0,3.0997,ACCEPT,0,1657,2149,10244,9,450,450,0,0,0,0
32,0,1,1,ACCEPT,18.1002,2.3228,439,2,-6,0.3531,99.28,136.23,31.63,17.95,98.00,175.50,54.00,27.00,0.0000,39.29,1,0,3.1587,ACCEPT,0,1503,2003,11342,9,450,439,0,0,0,0
33,0,1,1,ACCEPT,18.0354,2.0699,474,0,-7,0.3903,99.28,134.26,31.63,17.95,97.50,174.00,59.00,26.00,0.0000,39.78,1,0,3.1607,ACCEPT,0,1634,2038,10102,9,450,474,0,0,0,0
34,0,1,1,ACCEPT,19.3054,2.2965,457,0,-4,0.6805,99.28,133.13,31.63,17.95,97.50,177.50,59.00,31.00,0.0000,44.40,1,0,3.1760,ACCEPT,0,1483,1922,10435,9,450,457,0,0,0,0
35,0,1,1,ACCEPT,19.6161,2.3350,467,0,-8,0.2719,99.28,130.88,31.63,17.95,94.50,179.50,63.00,31.00,0.0000,48.85,1,0,3.1826,ACCEPT,0,1513,1956,9968,9,450,467,0,0,0,0
36,0,1,1,ACCEPT,19.5827,2.4098,441,-1,-9,0.2676,98.79,128.35,31.63,17.95,87.50,184.00,65.00,30.00,0.0000,56.78,1,0,3.2004,ACCEPT,0,1444,2069,9144,9,450,441,0,0,0,0
37,0,1,1,ACCEPT,20.4882,2.2602,443,-2,-4,0.6479,97.80,127.23,31.63,17.95,85.00,184.00,60.00,28.00,0.0000,58.20,1,0,3.0829,ACCEPT,0,1435,2065,9210,9,450,443,0,0,0,0
38,0,1,1,ACCEPT,21.3553,2.5659,467,-1,-9,0.2291,97.31,124.70,31.63,17.95,82.50,177.50,49.00,23.00,0.0000,54.84,1,0,3.1418,ACCEPT,0,1381,2019,9085,9,450,467,0,0,0,0
39,0,1,1,ACCEPT,21.8398,2.6946,450,-1,-11,0.2133,96.82,121.60,31.63,17.95,78.00,178.50,38.00,33.00,0.0000,59.93,1,0,3.2049,ACCEPT,0,1346,1890,9723,9,450,450,0,0,0,0
40,0,1,1,ACCEPT,23.2333,2.6429,444,-2,-5,0.3964,95.84,120.20,31.63,17.95,73.50,179.00,33.00,30.00,0.0000,62.90,1,0,3.1678,ACCEPT,0,1200,1867,9565,9,450,444,0,0,0,0
41,0,1,1,ACCEPT,23.1784,2.3838,472,-1,-6,0.4110,95.34,118.51,31.63,17.95,65.00,176.00,14.00,28.00,0.0000,65.01,1,0,3.1604,ACCEPT,0,1355,1894,9158,9,450,472,0,0,0,0
42,0,1,1,ACCEPT,23.9720,2.7175,481,0,-8,0.1913,95.34,116.26,31.63,17.95,60.50,174.00,23.00,30.00,0.0000,67.44,1,0,3.2177,ACCEPT,0,1304,1852,9298,9,450,481,0,0,0,0
43,0,1,1,ACCEPT,24.0124,2.8521,482,0,0,1.0000,95.34,116.26,31.63,17.95,61.00,172.00,22.00,32.00,0.0000,65.47,1,0,3.1781,ACCEPT,0,1371,1805,9527,9,450,482,0,0,0,0
44,0,1,1,ACCEPT,24.6656,2.6368,530,-1,-5,0.4925,94.85,114.85,31.63,17.95,53.50,176.50,41.00,25.00,0.0000,74.23,1,0,3.1967,ACCEPT,0,1449,2002,8054,9,450,530,0,0,0,0
45,0,1,1,ACCEPT,25.8977,2.9286,492,-1,-5,0.4065,94.36,113.45,31.63,17.95,48.50,182.50,51.00,21.00,0.0000,82.90,1,0,3.2016,ACCEPT,0,1283,1810,8543,9,450,492,0,0,0,0
46,0,1,1,ACCEPT,25.6876,3.1806,493,0,0,1.0000,94.36,113.45,31.63,17.95,48.00,183.50,56.00,19.00,0.0000,84.01,1,0,3.1876,ACCEPT,0,1329,1891,8517,9,450,493,0,0,0,0
47,0,1,1,ACCEPT,26.5457,3.1582,559,-1,-3,0.7084,93.87,112.60,31.63,17.95,46.00,184.00,60.00,16.00,0.0000,85.96,1,0,3.1966,ACCEPT,0,1518,1868,8042,9,450,559,0,0,0,0
48,0,1,1,ACCEPT,26.7597,2.6684,523,-3,-5,0.3289,92.39,111.20,31.63,17.95,45.00,185.50,60.00,23.00,0.0000,88.13,1,0,3.1439,ACCEPT,0,1350,2086,6479,9,450,523,0,0,0,0
49,0,1,1,ACCEPT,27.1116,2.7558,474,0,1,0.9515,92.39,111.48,31.63,17.95,45.00,186.50,60.00,25.00,0.0000,88.74,1,0,3.1990,ACCEPT,0,1256,1864,8109,9,450,474,0,0,0,0
50,0,1,1,ACCEPT,26.6739,3.0287,527,-2,0,0.8918,91.41,111.48,31.63,17.95,45.50,191.00,57.00,34.00,0.0000,91.82,1,0,3.2007,ACCEPT,0,1404,1935,7448,9,450,527,0,0,0,0
51,0,1,1,ACCEPT,27.0700,2.8372,488,-2,0,0.8443,90.42,111.48,31.63,17.95,45.50,193.50,47.00,43.00,0.0000,93.52,1,0,3.1661,ACCEPT,0,1307,2140,7025,9,450,488,0,0,0,0
52,0,1,1,ACCEPT,28.6707,2.6075,485,-1,-1,0.9155,89.93,111.20,31.63,17.95,46.00,195.50,42.00,49.00,0.0000,95.06,1,0,3.1361,ACCEPT,0,1214,2129,7195,9,450,485,0,0,0,0
53,0,1,1,ACCEPT,29.9635,3.0429,496,-4,-4,0.3508,87.96,110.07,31.63,17.95,49.50,197.50,29.00,55.00,0.0000,95.52,1,0,3.2096,ACCEPT,0,1173,2284,6643,9,450,496,0,0,0,0
54,0,1,1,ACCEPT,29.6859,2.7012,443,-2,-2,0.6930,86.98,109.51,31.63,17.95,53.00,199.50,16.00,53.00,0.0000,96.19,1,0,3.2194,ACCEPT,0,1066,2064,7841,9,450,443,0,0,0,0
55,0,1,1,ACCEPT,31.1387,2.9873,472,-2,-3,0.6038,85.99,108.66,31.63,17.95,53.50,201.50,17.00,57.00,0.0000,98.36,1,0,3.2074,ACCEPT,0,1089,2128,8037,9,450,472,0,0,0,0
56,0,1,1,ACCEPT,29.3158,2.7500,462,-2,-5,0.4177,85.01,107.26,31.63,17.95,61.50,202.00,29.00,56.00,0.0000,97.62,1,0,3.2408,ACCEPT,0,1144,1925,7769,9,450,462,0,0,0,0
57,0,1,1,ACCEPT,29.9189,2.8456,424,-3,-3,0.6085,83.53,106.41,31.63,17.95,65.00,202.00,42.00,52.00,0.0000,97.37,1,0,3.2142,ACCEPT,0,981,2244,7972,9,450,424,0,0,0,0
58,0,1,1,ACCEPT,29.8832,2.8710,445,-3,1,0.7663,82.05,106.70,31.63,17.95,65.00,201.00,50.00,46.00,0.0000,95.83,1,0,3.0452,ACCEPT,0,1053,2291,8358,9,450,445,0,0,0,0
59,0,1,1,ACCEPT,33.1777,3.0892,485,-3,-3,0.5443,80.58,105.85,31.63,17.95,68.50,200.50,59.00,35.00,0.0000,95.42,1,0,3.2280,ACCEPT,0,1101,2209,8863,9,450,485,0,0,0,0
60,0,1,1,ACCEPT,29.8622,2.7908,427,-5,-1,0.4941,78.12,105.57,31.63,17.95,73.00,200.00,66.00,24.00,0.0000,94.57,1,0,3.1018,ACCEPT,0,985,2148,7431,9,450,427,0,0,0,0
61,0,1,1,ACCEPT,32.4162,3.0150,401,0,-3,0.7980,78.12,104.73,31.63,17.95,74.00,201.00,72.00,22.00,0.0000,96.36,1,0,3.2434,ACCEPT,0,881,1704,9647,9,450,401,0,0,0,0
62,0,1,1,ACCEPT,30.7191,2.8067,421,-2,-5,0.4157,77.13,103.32,31.63,17.95,78.50,203.50,71.00,15.00,0.0000,100.19,1,0,3.2757,ACCEPT,0,934,1990,8369,9,450,421,0,0,0,0
63,0,1,1,ACCEPT,30.7140,3.2589,365,-2,-7,0.1863,76.15,101.35,31.63,17.95,83.00,204.00,66.00,20.00,0.0000,102.88,1,0,3.2506,ACCEPT,0,781,1889,8432,9,450,365,0,0,0,0
64,0,1,1,ACCEPT,31.1425,2.8605,369,0,-4,0.5014,76.15,100.23,31.63,17.95,83.50,204.50,65.00,25.00,0.0000,104.53,1,0,3.2560,ACCEPT,0,837,1770,8338,9,450,369,0,0,0,0
65,0,1,1,ACCEPT,27.5566,2.4085,342,-1,-10,0.1901,75.66,97.41,31.63,17.95,90.50,206.50,49.00,33.00,0.0000,110.09,1,0,3.2793,ACCEPT,0,843,1905,6593,9,450,342,0,0,0,0
66,0,1,1,ACCEPT,26.6570,2.4815,268,-1,-13,0.1642,75.16,93.76,31.63,17.95,94.00,208.00,40.00,40.00,0.0000,115.78,1,0,3.1607,ACCEPT,0,680,1966,6133,9,450,268,0,0,0,0
67,0,1,1,ACCEPT,28.4824,2.7158,258,1,-10,0.1667,75.66,90.95,31.63,17.95,94.00,207.50,36.00,41.00,0.0000,117.99,1,0,3.2900,ACCEPT,0,662,1844,6936,9,450,258,0,0,0,0
68,0,1,1,ACCEPT,23.5789,1.8667,252,-2,-17,0.1429,74.67,86.16,31.63,17.95,92.00,205.00,36.00,42.00,0.0000,120.09,1,0,3.2094,ACCEPT,0,698,2035,5498,9,450,252,0,0,0,0
69,0,1,1,ACCEPT,25.7168,2.3958,230,0,-17,0.1000,74.67,81.38,31.63,17.95,91.00,202.50,54.00,47.00,0.0000,122.21,1,0,3.1795,ACCEPT,0,590,1805,6374,9,450,230,0,0,0,0
70,0,1,1,ACCEPT,31.9679,2.8085,264,0,-8,0.1780,74.67,79.13,31.63,17.95,88.00,204.00,64.00,48.00,0.0000,125.58,1,0,3.1787,ACCEPT,0,584,1872,6875,9,450,264,0,0,0,0
71,0,1,1,ACCEPT,28.0609,2.9010,293,0,-16,0.1365,74.67,74.63,31.63,17.95,85.00,204.50,72.00,39.00,0.0000,130.28,1,0,3.1808,ACCEPT,0,663,1878,6740,9,450,293,0,0,0,0
72,0,1,1,ACCEPT,30.2093,2.6916,288,1,-16,0.1007,75.16,70.13,31.63,17.95,85.50,206.00,73.00,32.00,0.0000,136.26,1,0,3.2249,ACCEPT,0,638,1689,7506,9,450,288,0,0,0,0
73,0,1,1,ACCEPT,31.9770,3.1868,290,2,-4,0.5276,76.15,69.01,31.63,17.95,85.00,208.50,76.00,39.00,0.0000,139.77,1,0,3.2575,ACCEPT,0,672,1675,7538,9,450,290,0,0,0,0
74,0,1,1,ACCEPT,28.1210,2.2074,298,0,-16,0.1309,76.15,64.51,31.63,17.95,87.50,212.00,71.00,50.00,0.0000,147.93,1,0,3.2600,ACCEPT,0,694,1810,6355,9,450,298,0,0,0,0
75,0,1,1,ACCEPT,27.1365,2.5729,247,1,-18,0.0567,76.64,59.45,31.63,17.95,87.50,207.50,71.00,47.00,0.0000,148.45,1,0,3.2440,ACCEPT,0,561,1873,6191,9,450,247,0,0,0,0
76,0,1,1,ACCEPT,31.5183,2.9036,241,-1,-5,0.4440,76.15,58.04,31.63,17.95,89.50,210.50,69.00,47.00,0.0000,153.04,1,0,3.1830,ACCEPT,0,543,1857,6166,9,450,241,0,0,0,0
77,0,1,1,ACCEPT,18.5853,1.5414,205,1,-22,0.0976,76.64,51.85,31.63,17.95,95.00,210.00,58.00,44.00,0.0000,159.21,1,0,3.2437,ACCEPT,0,640,1784,5096,9,450,205,0,0,0,0
78,0,1,1,ACCEPT,16.6209,1.4810,117,0,-26,0.1453,76.64,44.54,31.63,17.95,105.00,211.50,48.00,53.00,0.0000,169.35,1,0,3.1935,ACCEPT,0,412,1869,4492,9,450,117,0,0,0,0
79,0,1,1,ACCEPT,19.5882,1.3827,112,0,-17,0.0179,76.64,39.76,31.63,17.95,108.00,209.00,40.00,48.00,0.0000,172.12,1,0,3.1960,ACCEPT,0,329,1947,4696,9,450,112,0,0,0,0
80,0,1,1,ACCEPT,14.7452,1.2987,100,0,-29,0.1700,76.64,31.60,31.63,17.95,109.00,205.00,38.00,56.00,0.0000,176.39,1,0,3.1776,ACCEPT,0,388,1995,3932,9,450,100,0,0,0,0
81,0,1,1,ACCEPT,14.4143,1.3860,79,0,-31,0.1266,76.64,22.88,31.63,17.95,107.00,197.00,42.00,60.00,0.0000,176.74,1,0,3.2205,ACCEPT,0,312,2165,3740,9,450,79,0,0,0,0
82,0,1,1,ACCEPT,20.3129,1.3857,97,-1,-16,0.0619,76.15,18.38,31.63,17.95,108.00,194.00,46.00,60.00,0.0000,178.48,1,0,3.1523,ACCEPT,0,254,2065,4344,9,450,97,0,0,0,0
83,0,1,1,ACCEPT,18.1209,1.5065,116,0,-28,0.1466,76.15,10.51,31.63,17.95,107.50,189.50,49.00,53.00,0.0000,181.72,1,0,3.2459,ACCEPT,0,382,2111,3549,9,450,116,0,0,0,0
84,0,1,1,ACCEPT,16.2296,1.3898,82,-2,-33,0.0976,75.16,1.23,31.63,17.95,105.50,185.00,55.00,46.00,0.0000,186.26,1,0,3.2781,ACCEPT,0,305,2112,3093,9,450,82,0,0,0,0
85,0,1,1,ACCEPT,18.8270,1.6078,82,-1,-12,0.0732,74.67,-2.15,31.63,17.95,104.50,183.50,57.00,43.00,0.0000,188.03,1,0,3.2803,ACCEPT,0,251,1981,3420,9,450,82,0,0,0,0
86,0,1,1,ACCEPT,7.0268,1.0345,30,-2,-27,0.4333,73.69,-9.74,31.63,17.95,100.00,182.00,58.00,44.00,0.0000,193.54,1,0,3.1906,ACCEPT,0,314,2349,1252,9,450,30,0,0,0,0
87,0,1,1,ACCEPT,6.4344,1.0000,10,-3,-36,0.4000,72.21,-19.87,31.63,17.95,95.50,180.50,57.00,43.00,0.0000,201.72,1,0,2.7904,ACCEPT,0,115,2304,1263,9,450,10,0,0,0,0
88,0,1,1,ACCEPT,6.6674,1.0000,10,0,-29,0.4000,72.21,-28.02,31.63,17.95,93.00,180.00,58.00,44.00,0.0000,209.06,1,0,3.0998,ACCEPT,0,109,1921,1463,9,450,10,0,0,0,0
89,0,1,1,ACCEPT,6.3064,1.0000,9,0,-36,0.4444,72.21,-38.15,31.63,17.95,90.50,178.50,61.00,43.00,0.0000,217.42,1,0,3.0055,ACCEPT,0,106,2029,1330,9,450,9,0,0,0,0
90,0,1,1,ACCEPT,7.0781,1.1111,10,-1,-31,0.4000,71.72,-46.87,31.63,17.95,88.00,176.50,66.00,43.00,0.0000,223.96,1,0,3.1666,ACCEPT,0,106,1924,1182,9,450,10,0,0,0,0
91,0,1,1,ACCEPT,7.0656,1.0000,10,-1,-31,0.4000,71.23,-55.59,31.63,17.95,86.50,176.00,67.00,44.00,0.0000,232.09,1,0,3.0825,ACCEPT,0,110,1795,1413,9,450,10,0,0,0,0
92,0,1,1,ACCEPT,6.6457,1.0000,9,1,-33,0.3333,71.72,-64.87,31.63,17.95,84.50,174.00,73.00,42.00,0.0000,239.21,1,0,3.0176,ACCEPT,0,97,2079,1434,9,450,9,0,0,0,0
93,0,1,1,ACCEPT,6.5097,1.0000,10,0,-31,0.5000,71.72,-73.59,31.63,17.95,82.50,173.50,77.00,41.00,0.0000,247.32,1,0,3.1724,ACCEPT,0,108,2405,1171,9,450,10,0,0,0,0
94,0,1,1,ACCEPT,6.7304,1.0000,10,-2,-34,0.4000,70.73,-83.15,31.63,17.95,80.50,173.00,81.00,42.00,0.0000,256.33,1,0,2.7872,ACCEPT,0,116,2351,1272,9,450,10,0,0,0,0
95,0,1,1,ACCEPT,6.6536,1.0000,10,0,-36,0.3000,70.73,-93.27,31.63,17.95,80.00,173.00,82.00,42.00,0.0000,266.43,1,0,2.9450,ACCEPT,0,103,1983,1555,9,450,10,0,0,0,0
96,0,1,1,ACCEPT,6.8730,1.0000,11,0,-35,0.3636,70.73,-103.12,31.63,17.95,83.00,172.50,82.00,41.00,0.0000,275.89,1,0,2.8529,ACCEPT,0,112,2410,1411,9,450,11,0,0,0,0
97,0,1,1,ACCEPT,6.9998,1.0000,11,0,-34,0.2727,70.73,-112.68,31.63,17.95,83.00,172.00,86.00,42.00,0.0000,284.94,1,0,3.0460,ACCEPT,0,112,2084,1511,9,450,11,0,0,0,0
98,0,1,1,ACCEPT,6.6937,1.0000,10,-3,-34,0.4000,69.26,-122.24,31.63,17.95,83.50,169.00,83.00,40.00,0.0000,291.59,1,0,2.7589,ACCEPT,0,97,2534,1316,9,450,10,0,0,0,0
99,0,1,1,ACCEPT,5.8776,1.0000,6,1,-34,0.3333,69.75,-131.80,31.63,17.95,85.50,166.50,85.00,41.00,0.0000,298.72,1,0,3.1584,ACCEPT,0,75,1572,1326,9,450,6,0,0,0,0
100,0,1,1,ACCEPT,6.1311,1.0000,7,-2,-34,0.2857,68.77,-141.37,31.63,17.95,86.50,165.00,83.00,42.00,0.0000,306.88,1,0,3.2105,ACCEPT,0,81,1785,1163,9,450,7,0,0,0,0
101,0,1,0,LOW_PSR,4.8758,1.0000,4,0,-32,0.2500,68.77,-141.37,31.63,17.95,91.00,165.00,80.00,46.00,0.0000,307.17,0,0,0.0000,NOT_RUN,0,59,1591,0,9,450,4,0,0,0,0
102,0,1,1,ACCEPT,5.9253,1.2500,5,-4,-25,0.0000,66.80,-148.40,31.63,17.95,92.50,163.00,77.00,54.00,0.0000,312.46,1,0,3.2946,ACCEPT,0,57,1694,1097,9,450,5,0,0,0,0
103,0,1,1,ACCEPT,5.1717,1.0000,4,0,-36,0.2500,66.80,-158.52,31.63,17.95,95.00,161.50,70.00,57.00,0.0000,321.26,1,0,3.4101,ACCEPT,0,54,1418,1324,9,450,4,0,0,0,0
104,0,1,1,ACCEPT,5.2970,1.0000,5,-4,-37,0.2000,64.83,-168.93,32.89,18.67,98.00,160.50,68.00,51.00,0.0000,331.10,1,1,3.1169,ACCEPT,0,67,1495,1221,9,450,5,0,0,0,0
105,0,1,1,ACCEPT,6.0828,1.0000,5,0,-34,0.2000,64.83,-178.76,32.89,18.67,99.50,163.00,65.00,40.00,0.0000,343.51,1,0,3.4028,ACCEPT,0,55,1519,1405,9,450,5,0,0,0,0
106,0,1,1,ACCEPT,5.3893,1.0000,5,0,-44,0.2000,64.83,-191.48,32.89,18.67,100.50,162.50,65.00,39.00,0.0000,355.77,1,0,3.3695,ACCEPT,0,62,1202,1489,9,450,5,0,0,0,0
107,0,1,1,ACCEPT,6.0981,1.0000,6,-3,-32,0.1667,63.28,-200.73,32.89,18.67,100.50,163.00,63.00,26.00,0.0000,365.63,1,0,3.2071,ACCEPT,0,67,1225,1475,9,450,6,0,0,0,0
108,0,1,1,ACCEPT,6.0438,1.0000,6,0,-38,0.3333,63.28,-211.71,32.89,18.67,99.50,160.50,63.00,25.00,0.0000,373.97,1,0,3.2045,ACCEPT,0,69,1305,1395,9,450,6,0,0,0,0
109,0,1,1,ACCEPT,6.0573,1.0000,6,0,-38,0.3333,63.28,-222.70,31.63,17.95,99.00,163.00,62.00,30.00,0.0000,387.35,1,-1,3.0077,ACCEPT,0,70,1297,1430,9,450,6,0,0,0,0
110,0,1,1,ACCEPT,6.1952,1.0000,6,-3,-36,0.1667,61.80,-232.82,31.63,17.95,97.50,166.50,61.00,37.00,0.0000,400.91,1,0,3.3044,ACCEPT,0,70,1346,1391,9,450,6,0,0,0,0
111,0,1,1,ACCEPT,6.3255,1.0000,6,0,-36,0.1667,61.80,-242.95,31.63,17.95,97.00,169.00,60.00,48.00,0.0000,413.45,1,0,3.3732,ACCEPT,0,65,1322,1471,9,450,6,0,0,0,0
112,0,1,1,ACCEPT,6.1619,1.0000,6,0,-39,0.3333,61.80,-253.91,31.63,17.95,97.50,170.50,59.00,49.00,0.0000,425.91,1,0,3.3776,ACCEPT,0,68,1289,1476,9,450,6,0,0,0,0
113,0,1,1,ACCEPT,6.2786,1.0000,6,0,-38,0.1667,61.80,-264.60,31.63,17.95,99.50,170.50,61.00,55.00,0.0000,436.73,1,0,3.3659,ACCEPT,0,65,1424,1460,9,450,6,0,0,0,0
114,0,1,1,ACCEPT,6.2024,1.0000,6,0,-41,0.1667,61.80,-276.13,31.63,17.95,102.00,173.00,64.00,52.00,0.0000,450.93,1,0,3.3086,ACCEPT,0,67,1428,1450,9,450,6,0,0,0,0
115,0,1,1,ACCEPT,7.1024,1.1667,7,-1,-34,0.1429,61.31,-285.70,31.63,17.95,101.50,174.00,61.00,52.00,0.0000,461.45,1,0,3.4017,ACCEPT,0,76,1632,1344,9,450,7,0,0,0,0
116,0,1,1,ACCEPT,7.1882,1.1667,7,1,-36,0.1429,61.80,-295.82,31.63,17.95,104.00,175.50,62.00,43.00,0.0000,473.21,1,0,3.2468,ACCEPT,0,66,1408,1485,9,450,7,0,0,0,0
117,0,1,1,ACCEPT,7.1247,1.1429,8,0,-34,0.2500,61.80,-305.38,31.63,17.95,103.50,176.50,61.00,35.00,0.0000,483.68,1,0,3.3545,ACCEPT,0,82,1366,1495,9,450,8,0,0,0,0
118,0,1,1,ACCEPT,7.2430,1.1429,8,0,-34,0.2500,61.80,-314.95,31.63,17.95,104.00,176.50,60.00,31.00,0.0000,493.25,1,0,3.3600,ACCEPT,0,75,1373,1460,9,450,8,0,0,0,0
119,0,1,1,ACCEPT,6.9559,1.0000,8,0,-37,0.2500,61.80,-325.35,31.63,17.95,104.00,181.00,60.00,42.00,0.0000,508.11,1,0,3.3191,ACCEPT,0,81,1555,1441,9,450,8,0,0,0,0
120,0,1,1,ACCEPT,7.0971,1.1429,8,0,-34,0.1250,61.80,-334.91,31.63,17.95,103.50,186.50,59.00,47.00,0.0000,523.08,1,0,3.2834,ACCEPT,0,84,1596,1522,9,450,8,0,0,0,0
121,0,1,1,ACCEPT,7.4984,1.1250,9,-2,-34,0.2222,60.82,-344.48,31.63,17.95,104.50,188.00,61.00,48.00,0.0000,534.27,1,0,3.2539,ACCEPT,0,86,1461,1482,9,450,9,0,0,0,0
122,0,1,1,ACCEPT,7.3427,1.1250,9,0,-37,0.2222,60.82,-354.88,31.63,17.95,105.50,189.00,63.00,50.00,0.0000,545.71,1,0,3.3345,ACCEPT,0,83,1561,1534,9,450,9,0,0,0,0
123,0,1,1,ACCEPT,7.1029,1.0000,9,0,-38,0.2222,60.82,-365.57,31.63,17.95,106.50,188.50,63.00,51.00,0.0000,555.95,1,0,3.3798,ACCEPT,0,88,1363,1616,9,450,9,0,0,0,0
124,0,1,1,ACCEPT,7.1383,1.0000,9,0,-38,0.2222,60.82,-376.26,31.63,17.95,107.00,189.00,62.00,52.00,0.0000,567.14,1,0,3.3835,ACCEPT,0,96,1408,1610,9,450,9,0,0,0,0
125,0,1,1,ACCEPT,7.8750,1.1111,10,0,-34,0.2000,60.82,-385.82,31.63,17.95,108.50,192.00,61.00,52.00,0.0000,579.78,1,0,3.3975,ACCEPT,0,92,1536,1574,9,450,10,0,0,0,0
126,0,1,1,ACCEPT,7.7122,1.1111,10,0,-34,0.1000,60.82,-395.38,31.63,17.95,108.50,196.00,61.00,50.00,0.0000,593.30,1,0,3.3268,ACCEPT,0,96,1674,1435,9,450,10,0,0,0,0
127,0,1,1,ACCEPT,7.9538,1.2500,10,-1,-36,0.1000,60.33,-405.51,31.63,17.95,108.00,196.00,62.00,52.00,0.0000,603.39,1,0,3.3336,ACCEPT,0,87,1698,1449,9,450,10,0,0,0,0
128,0,1,1,ACCEPT,7.4064,1.0000,8,0,-38,0.1250,60.33,-416.20,31.63,17.95,106.50,198.50,63.00,49.00,0.0000,616.43,1,0,3.3754,ACCEPT,0,72,1774,1623,9,450,8,0,0,0,0
129,0,1,1,ACCEPT,8.0794,1.1111,10,1,-37,0.1000,60.82,-426.60,31.63,17.95,105.50,199.00,65.00,38.00,0.0000,627.20,1,0,3.2827,ACCEPT,0,81,1796,1512,9,450,10,0,0,0,0
130,0,1,1,ACCEPT,7.3862,1.1250,9,-3,-38,0.1111,59.34,-437.29,32.89,18.67,105.00,199.00,68.00,36.00,0.0000,637.92,1,1,3.1284,ACCEPT,0,80,1714,1559,9,450,9,0,0,0,0
131,0,1,1,ACCEPT,7.3775,1.0000,8,1,-38,0.0000,59.86,-448.27,32.89,18.67,103.50,198.50,71.00,31.00,0.0000,648.24,1,0,3.3722,ACCEPT,0,68,1360,1602,9,450,8,0,0,0,0
132,0,1,1,ACCEPT,7.1128,1.0000,8,0,-39,0.1250,59.86,-459.55,32.89,18.67,103.00,200.00,72.00,30.00,0.0000,660.96,1,0,3.3836,ACCEPT,0,79,1418,1713,9,450,8,0,0,0,0
133,0,1,1,ACCEPT,7.3653,1.1429,8,0,-39,0.1250,59.86,-470.82,32.89,18.67,101.50,199.00,73.00,28.00,0.0000,671.11,1,0,3.2830,ACCEPT,0,70,1414,1665,9,450,8,0,0,0,0
134,0,1,1,ACCEPT,7.1373,1.0000,7,0,-40,0.1429,59.86,-482.38,32.89,18.67,101.50,200.50,75.00,27.00,0.0000,684.15,1,0,3.2198,ACCEPT,0,62,1484,1625,9,450,7,0,0,0,0
135,0,1,1,ACCEPT,7.9335,1.3333,8,-1,-37,0.1250,59.34,-493.08,32.89,18.67,101.50,201.50,73.00,25.00,0.0000,695.86,1,0,3.3652,ACCEPT,0,64,1519,1527,9,450,8,0,0,0,0
136,0,1,1,ACCEPT,7.7590,1.1667,7,1,-38,0.0000,59.86,-504.06,31.63,17.95,101.00,203.50,74.00,25.00,0.0000,708.76,1,-1,3.0970,ACCEPT,0,58,1280,1672,9,450,7,0,0,0,0
137,0,1,1,ACCEPT,7.8656,1.4000,7,-2,-38,0.0000,58.88,-514.75,31.63,17.95,101.00,204.50,74.00,25.00,0.0000,720.48,1,0,3.2894,ACCEPT,0,59,1373,1557,9,450,7,0,0,0,0
138,0,1,1,ACCEPT,6.8960,1.0000,6,0,-40,0.0000,58.88,-526.00,31.63,17.95,101.50,204.00,73.00,26.00,0.0000,731.24,1,0,3.3388,ACCEPT,0,55,1482,1498,9,450,6,0,0,0,0
139,0,1,1,ACCEPT,6.9642,1.0000,6,0,-40,0.0000,58.88,-537.25,31.63,17.95,101.00,205.00,74.00,24.00,0.0000,743.44,1,0,3.2135,ACCEPT,0,57,1495,1363,9,450,6,0,0,0,0
140,0,1,1,ACCEPT,7.1850,1.2000,6,0,-38,0.0000,58.88,-547.94,30.41,17.26,100.00,205.50,74.00,23.00,0.0000,754.56,1,-1,2.9696,ACCEPT,0,52,1362,1477,9,450,6,0,0,0,0
141,0,1,1,ACCEPT,7.7418,1.5000,6,-2,-39,0.0000,57.92,-558.60,30.41,17.26,100.50,203.00,73.00,20.00,0.0000,762.79,1,0,3.3072,ACCEPT,0,48,1413,1416,9,450,6,0,0,0,0
142,0,1,1,ACCEPT,7.0507,1.2500,5,0,-40,0.0000,57.92,-569.54,30.41,17.26,100.00,204.00,74.00,18.00,0.0000,774.68,1,0,3.3189,ACCEPT,0,43,1282,1591,9,450,5,0,0,0,0
143,0,1,1,ACCEPT,6.8049,1.2500,5,0,-40,0.0000,57.92,-580.48,30.41,17.26,99.00,203.50,74.00,19.00,0.0000,785.05,1,0,3.3233,ACCEPT,0,44,1330,1556,9,450,5,0,0,0,0
144,0,1,1,ACCEPT,7.0629,1.2500,5,0,-40,0.0000,57.92,-591.41,30.41,17.26,100.00,204.50,72.00,21.00,0.0000,797.03,1,0,3.2793,ACCEPT,0,43,1378,1526,9,450,5,0,0,0,0
145,0,1,1,ACCEPT,7.3738,1.2500,5,0,-40,0.0000,57.92,-602.35,30.41,17.26,100.00,205.00,72.00,20.00,0.0000,808.45,1,0,3.2933,ACCEPT,0,41,1508,1386,9,450,5,0,0,0,0
146,0,1,1,ACCEPT,7.5157,1.2500,5,0,-38,0.0000,57.92,-612.74,30.41,17.26,100.00,204.50,72.00,21.00,0.0000,818.32,1,0,3.2904,ACCEPT,0,39,1440,1362,9,450,5,0,0,0,0
147,0,1,1,ACCEPT,6.7504,1.3333,4,0,-40,0.2500,57.92,-623.68,30.41,17.26,100.50,204.00,73.00,20.00,0.0000,828.77,1,0,3.3156,ACCEPT,0,34,1099,1643,9,450,4,0,0,0,0
148,0,1,1,ACCEPT,6.7270,1.0000,4,0,-41,0.2500,57.92,-634.89,30.41,17.26,101.00,204.50,74.00,21.00,0.0000,840.50,1,0,3.2840,ACCEPT,0,35,1189,1594,9,450,4,0,0,0,0
149,0,1,1,ACCEPT,6.8435,1.3333,4,0,-41,0.2500,57.92,-646.10,31.63,17.95,101.50,204.00,73.00,22.00,0.0000,851.22,1,1,3.1456,ACCEPT,0,34,1019,1719,9,450,4,0,0,0,0
150,0,1,1,ACCEPT,7.0762,1.3333,4,1,-40,0.2500,58.41,-657.35,31.63,17.95,102.50,204.50,73.00,21.00,0.0000,862.98,1,0,3.2124,ACCEPT,0,32,1306,1549,9,450,4,0,0,0,0
151,0,1,1,ACCEPT,7.5654,1.3333,4,3,-38,0.2500,59.89,-668.04,30.41,17.26,101.50,204.50,75.00,21.00,0.0000,873.53,1,-1,3.0289,ACCEPT,0,28,1181,1672,9,450,4,0,0,0,0
152,0,1,1,ACCEPT,7.0254,1.3333,4,0,-40,0.2500,59.89,-678.98,30.41,17.26,102.50,204.00,75.00,22.00,0.0000,884.00,1,0,3.2946,ACCEPT,0,33,1424,1412,9,450,4,0,0,0,0
153,0,1,1,ACCEPT,5.8399,1.0000,3,0,-42,0.3333,59.89,-690.46,30.41,17.26,103.00,204.50,74.00,21.00,0.0000,896.00,1,0,3.3148,ACCEPT,0,27,1326,1460,9,450,3,0,0,0,0
154,0,1,1,ACCEPT,5.8645,1.0000,3,0,-42,0.3333,59.89,-701.95,30.41,17.26,103.00,204.00,74.00,20.00,0.0000,906.97,1,0,3.3199,ACCEPT,0,28,1423,1375,9,450,3,0,0,0,0
155,0,1,1,ACCEPT,6.1938,1.5000,3,0,-41,0.3333,59.89,-713.16,30.41,17.26,103.00,203.50,74.00,21.00,0.0000,917.67,1,0,3.3093,ACCEPT,0,26,1220,1501,9,450,3,0,0,0,0
156,0,1,1,ACCEPT,6.3570,1.5000,3,0,-40,0.3333,59.89,-724.09,31.63,17.95,103.00,204.00,74.00,20.00,0.0000,929.09,1,1,3.1540,ACCEPT,0,25,1432,1444,9,450,3,0,0,0,0
157,0,1,1,ACCEPT,6.3920,1.5000,3,0,-40,0.3333,59.89,-735.34,31.63,17.95,103.00,203.00,76.00,20.00,0.0000,939.33,1,0,3.2205,ACCEPT,0,24,1216,1550,9,450,3,0,0,0,0
158,0,1,0,LOW_PSR,4.7624,1.0000,2,0,-42,0.5000,59.89,-735.34,31.63,17.95,103.50,202.00,75.00,20.00,0.0000,938.36,0,0,0.0000,NOT_RUN,0,22,1088,0,9,450,2,0,0,0,0
159,0,1,0,LOW_PSR,4.8511,1.0000,2,0,-42,0.5000,59.89,-735.34,31.63,17.95,104.00,202.50,74.00,19.00,0.0000,938.88,0,0,0.0000,NOT_RUN,0,21,1011,0,9,450,2,0,0,0,0
160,0,1,0,LOW_PSR,4.8267,1.0000,2,0,-40,0.5000,59.89,-735.34,31.63,17.95,104.50,202.00,75.00,20.00,0.0000,938.40,0,0,0.0000,NOT_RUN,0,20,1032,0,9,450,3,0,0,0,0
161,0,1,0,LOW_PSR,4.8334,1.0000,2,0,-40,0.5000,59.89,-735.34,31.63,17.95,104.50,201.50,75.00,19.00,0.0000,937.91,0,0,0.0000,NOT_RUN,0,21,1023,0,9,450,3,0,0,0,0
162,0,1,0,LOW_PSR,4.8133,1.0000,2,0,-40,0.5000,59.89,-735.34,31.63,17.95,104.50,201.00,75.00,20.00,0.0000,937.41,0,0,0.0000,NOT_RUN,0,20,1148,0,9,450,3,0,0,0,0
163,0,1,0,LOW_PSR,4.8594,1.0000,2,0,-40,0.5000,59.89,-735.34,31.63,17.95,104.50,201.00,75.00,20.00,0.0000,937.41,0,0,0.0000,NOT_RUN,0,19,1129,0,9,450,3,0,0,0,0
164,0,1,0,LOW_PSR,4.8507,1.0000,2,0,-40,0.5000,59.89,-735.34,31.63,17.95,104.00,201.00,76.00,20.00,0.0000,937.38,0,0,0.0000,NOT_RUN,0,22,1073,0,9,450,2,0,0,0,0
165,0,1,1,ACCEPT,6.7021,1.5000,3,3,-40,0.3333,61.37,-746.59,31.63,17.95,104.50,200.00,75.00,20.00,0.0000,947.58,1,0,3.1874,ACCEPT,0,20,1147,1608,9,450,3,0,0,0,0
166,0,1,1,ACCEPT,6.5866,1.5000,3,1,-40,0.3333,61.86,-757.84,31.63,17.95,104.50,199.50,75.00,19.00,0.0000,958.29,1,0,3.3110,ACCEPT,0,24,1214,1465,9,450,3,0,0,0,0
167,0,1,1,ACCEPT,6.7409,1.5000,3,-1,-40,0.3333,61.37,-769.09,32.89,18.67,104.50,200.00,75.00,20.00,0.0000,970.05,1,1,3.1737,ACCEPT,0,22,1407,1331,9,450,3,0,0,0,0
168,0,1,1,ACCEPT,5.0199,1.0000,2,0,-40,0.5000,61.37,-780.66,32.89,18.67,105.00,200.00,74.00,20.00,0.0000,981.63,1,0,3.3398,ACCEPT,0,18,1221,1364,9,450,2,0,0,0,0
169,0,1,1,ACCEPT,5.1179,1.0000,2,0,-40,0.5000,61.37,-792.22,32.89,18.67,105.00,200.00,74.00,20.00,0.0000,993.18,1,0,3.3259,ACCEPT,0,18,1316,1310,9,450,2,0,0,0,0
170,0,1,1,ACCEPT,5.1677,1.0000,2,1,-40,0.5000,61.88,-803.78,32.89,18.67,104.50,200.00,75.00,20.00,0.0000,1004.69,1,0,3.3481,ACCEPT,0,18,1269,1354,9,450,2,0,0,0,0
171,0,1,1,ACCEPT,5.1344,1.0000,2,0,-40,0.5000,61.88,-815.34,32.89,18.67,104.50,199.50,75.00,21.00,0.0000,1015.74,1,0,3.3487,ACCEPT,0,18,1318,1227,9,450,2,0,0,0,0
172,0,1,1,ACCEPT,5.1433,1.0000,2,0,-40,0.5000,61.88,-826.91,32.89,18.67,104.00,199.00,76.00,20.00,0.0000,1026.77,1,0,3.2011,ACCEPT,0,18,1502,1062,9,450,2,0,0,0,0
173,0,1,1,ACCEPT,5.2351,1.0000,2,0,-40,0.5000,61.88,-838.47,31.63,17.95,103.00,199.50,74.00,21.00,0.0000,1038.78,1,-1,2.8785,ACCEPT,0,18,1204,1201,9,450,2,0,0,0,0
174,0,1,0,NEGATIVE_PEAK,-2.7768,1.0000,-2,2,0,0.5000,61.88,-838.47,31.63,17.95,102.00,198.50,76.00,21.00,0.0000,1037.74,0,0,0.0000,NOT_RUN,0,18,1488,0,9,450,2,0,0,0,0
175,0,1,0,NEGATIVE_PEAK,-2.7523,1.0000,-2,41,-2,0.5000,61.88,-838.47,31.63,17.95,102.50,198.50,75.00,21.00,0.0000,1037.76,0,0,0.0000,NOT_RUN,0,18,1544,0,9,450,2,0,0,0,0
176,0,1,0,NEGATIVE_PEAK,-2.7453,1.0000,-2,8,0,0.5000,61.88,-838.47,31.63,17.95,101.50,198.00,75.00,22.00,0.0000,1037.23,0,0,0.0000,NOT_RUN,0,18,1810,0,9,450,2,0,0,0,0
177,0,1,0,NEGATIVE_PEAK,-2.7512,1.0000,-2,8,-1,0.5000,61.88,-838.47,31.63,17.95,101.50,198.00,75.00,22.00,0.0000,1037.23,0,0,0.0000,NOT_RUN,0,18,1707,0,9,450,2,0,0,0,0
178,0,1,0,NEGATIVE_PEAK,-2.7275,1.0000,-2,8,0,0.5000,61.88,-838.47,31.63,17.95,100.50,197.00,75.00,24.00,0.0000,1036.19,0,0,0.0000,NOT_RUN,0,18,1771,0,9,450,2,0,0,0,0
179,0,1,0,NEGATIVE_PEAK,-2.7122,1.0000,-2,8,-1,0.5000,61.88,-838.47,31.63,17.95,100.00,197.00,76.00,24.00,0.0000,1036.17,0,0,0.0000,NOT_RUN,0,18,1843,0,9,450,2,0,0,0,0
180,0,1,0,NEGATIVE_PEAK,-2.7226,1.0000,-2,8,-2,0.5000,61.88,-838.47,31.63,17.95,99.50,197.00,77.00,24.00,0.0000,1036.15,0,0,0.0000,NOT_RUN,0,18,1920,0,9,450,2,0,0,0,0
181,0,1,0,NEGATIVE_PEAK,-2.7052,1.0000,-2,2,-2,0.5000,61.88,-838.47,31.63,17.95,99.50,197.00,75.00,26.00,0.0000,1036.15,0,0,0.0000,NOT_RUN,0,18,1953,0,9,450,2,0,0,0,0
182,0,1,0,NEGATIVE_PEAK,-2.7294,1.0000,-2,5,-46,0.5000,61.88,-838.47,31.63,17.95,100.00,196.00,74.00,28.00,0.0000,1035.17,0,0,0.0000,NOT_RUN,0,18,1990,0,9,450,2,0,0,0,0
183,0,1,0,NEGATIVE_PEAK,-2.7111,1.0000,-2,1,-2,0.5000,61.88,-838.47,31.63,17.95,100.00,196.00,74.00,30.00,0.0000,1035.17,0,0,0.0000,NOT_RUN,0,18,2179,0,9,450,2,0,0,0,0
184,0,1,0,NEGATIVE_PEAK,-2.7141,1.0000,-2,1,-3,0.5000,61.88,-838.47,31.63,17.95,99.50,195.00,75.00,32.00,0.0000,1034.15,0,0,0.0000,NOT_RUN,0,18,2038,0,9,450,2,0,0,0,0
185,0,1,0,NEGATIVE_PEAK,-2.7571,1.0000,-2,0,-1,0.5000,61.88,-838.47,31.63,17.95,100.00,195.00,74.00,34.00,0.0000,1034.17,0,0,0.0000,NOT_RUN,0,18,2120,0,9,450,2,0,0,0,0
186,0,1,0,NEGATIVE_PEAK,-2.7283,1.0000,-2,0,-2,0.5000,61.88,-838.47,31.63,17.95,100.00,194.00,76.00,36.00,0.0000,1033.17,0,0,0.0000,NOT_RUN,0,18,2002,0,9,450,2,0,0,0,0
187,0,1,0,NEGATIVE_PEAK,-2.7577,1.0000,-2,0,-1,0.5000,61.88,-838.47,31.63,17.95,100.00,194.00,74.00,38.00,0.0000,1033.17,0,0,0.0000,NOT_RUN,0,18,2011,0,9,450,2,0,0,0,0
188,0,1,0,NEGATIVE_PEAK,-2.7479,1.0000,-2,0,-1,0.5000,61.88,-838.47,31.63,17.95,99.50,194.50,75.00,39.00,0.0000,1033.65,0,0,0.0000,NOT_RUN,0,18,2085,0,9,450,2,0,0,0,0
189,0,1,0,NEGATIVE_PEAK,-2.7543,1.0000,-2,2,-2,0.5000,61.88,-838.47,31.63,17.95,100.00,197.00,74.00,40.00,0.0000,1036.17,0,0,0.0000,NOT_RUN,0,18,2068,0,9,450,2,0,0,0,0
190,0,1,0,NEGATIVE_PEAK,-2.7504,1.0000,-2,1,-1,0.5000,61.88,-838.47,31.63,17.95,100.50,198.50,75.00,41.00,0.0000,1037.69,0,0,0.0000,NOT_RUN,0,18,2106,0,9,450,2,0,0,0,0
191,0,1,0,NEGATIVE_PEAK,-2.7469,1.0000,-2,1,-1,0.5000,61.88,-838.47,31.63,17.95,100.50,201.50,75.00,39.00,0.0000,1040.69,0,0,0.0000,NOT_RUN,0,18,2181,0,9,450,2,0,0,0,0
192,0,1,0,NEGATIVE_PEAK,-2.7519,1.0000,-2,1,-2,0.5000,61.88,-838.47,31.63,17.95,100.50,201.50,75.00,39.00,0.0000,1040.69,0,0,0.0000,NOT_RUN,0,18,2058,0,9,450,2,0,0,0,0
193,0,1,0,NEGATIVE_PEAK,-2.7571,1.0000,-2,1,-1,0.5000,61.88,-838.47,31.63,17.95,98.50,201.50,77.00,41.00,0.0000,1040.61,0,0,0.0000,NOT_RUN,0,18,2072,0,9,450,2,0,0,0,0
194,0,1,0,NEGATIVE_PEAK,-2.7304,1.0000,-2,1,-1,0.5000,61.88,-838.47,31.63,17.95,98.00,203.00,80.00,38.00,0.0000,1042.09,0,0,0.0000,NOT_RUN,0,18,2106,0,9,450,2,0,0,0,0
195,0,1,0,NEGATIVE_PEAK,-2.7227,1.0000,-2,1,-1,0.5000,61.88,-838.47,31.63,17.95,96.50,205.50,83.00,37.00,0.0000,1044.54,0,0,0.0000,NOT_RUN,0,18,2067,0,9,450,2,0,0,0,0
196,0,1,0,NEGATIVE_PEAK,-2.7340,1.0000,-2,1,-1,0.5000,61.88,-838.47,31.63,17.95,96.50,206.00,83.00,36.00,0.0000,1045.04,0,0,0.0000,NOT_RUN,0,18,2134,0,9,450,2,0,0,0,0
197,0,1,0,NEGATIVE_PEAK,-2.7341,1.0000,-2,1,-1,0.5000,61.88,-838.47,31.63,17.95,95.50,207.00,85.00,34.00,0.0000,1046.01,0,0,0.0000,NOT_RUN,0,18,2048,0,9,450,2,0,0,0,0
198,0,1,0,NEGATIVE_PEAK,-2.7392,1.0000,-2,1,-1,0.5000,61.88,-838.47,31.63,17.95,96.00,206.50,84.00,33.00,0.0000,1045.53,0,0,0.0000,NOT_RUN,0,18,2082,0,9,450,2,0,0,0,0
199,0,1,0,NEGATIVE_PEAK,-2.7405,1.0000,-2,1,-1,0.5000,61.88,-838.47,31.63,17.95,96.00,206.50,84.00,33.00,0.0000,1045.53,0,0,0.0000,NOT_RUN,0,18,2094,0,9,450,2,0,0,0,0
200,0,1,0,NEGATIVE_PEAK,-2.7342,1.0000,-2,2,-2,0.5000,61.88,-838.47,31.63,17.95,96.50,206.50,85.00,33.00,0.0000,1045.54,0,0,0.0000,NOT_RUN,0,18,2149,0,9,450,2,0,0,0,0
201,0,1,0,NEGATIVE_PEAK,-2.7301,1.0000,-2,2,-1,0.5000,61.88,-838.47,31.63,17.95,96.00,206.00,84.00,32.00,0.0000,1045.03,0,0,0.0000,NOT_RUN,0,18,2250,0,9,450,2,0,0,0,0
202,0,1,0,NEGATIVE_PEAK,-2.7317,1.0000,-2,1,-3,0.5000,61.88,-838.47,31.63,17.95,96.00,206.00,84.00,32.00,0.0000,1045.03,0,0,0.0000,NOT_RUN,0,18,2100,0,9,450,2,0,0,0,0
203,0,1,0,NEGATIVE_PEAK,-2.7470,1.0000,-2,2,-1,0.5000,61.88,-838.47,31.63,17.95,96.00,206.50,84.00,31.00,0.0000,1045.53,0,0,0.0000,NOT_RUN,0,18,2213,0,9,450,2,0,0,0,0
204,0,1,0,NEGATIVE_PEAK,-2.7411,1.0000,-2,0,-1,0.5000,61.88,-838.47,31.63,17.95,95.00,206.00,86.00,34.00,0.0000,1044.99,0,0,0.0000,NOT_RUN,0,18,2264,0,9,450,2,0,0,0,0
205,0,1,0,NEGATIVE_PEAK,-2.7500,1.0000,-2,1,-1,0.5000,61.88,-838.47,31.63,17.95,95.50,206.00,85.00,32.00,0.0000,1045.01,0,0,0.0000,NOT_RUN,0,18,2214,0,9,450,2,0,0,0,0
206,0,1,0,NEGATIVE_PEAK,-2.7359,1.0000,-2,0,-2,0.5000,61.88,-838.47,31.63,17.95,95.50,205.50,85.00,31.00,0.0000,1044.51,0,0,0.0000,NOT_RUN,0,18,2229,0,9,450,2,0,0,0,0
207,0,1,0,NEGATIVE_PEAK,-2.7333,1.0000,-2,1,-3,0.5000,61.88,-838.47,31.63,17.95,95.00,205.50,86.00,33.00,0.0000,1044.49,0,0,0.0000,NOT_RUN,0,18,2324,0,9,450,2,0,0,0,0
208,0,1,0,NEGATIVE_PEAK,-2.7306,1.0000,-2,0,-1,0.5000,61.88,-838.47,31.63,17.95,96.00,205.00,84.00,32.00,0.0000,1044.03,0,0,0.0000,NOT_RUN,0,18,2331,0,9,450,2,0,0,0,0
209,0,1,0,NEGATIVE_PEAK,-2.7467,1.0000,-2,0,-1,0.5000,61.88,-838.47,31.63,17.95,95.50,205.00,85.00,32.00,0.0000,1044.01,0,0,0.0000,NOT_RUN,0,18,2309,0,9,450,2,0,0,0,0
210,0,1,0,NEGATIVE_PEAK,-2.7107,1.0000,-2,0,-48,0.5000,61.88,-838.47,31.63,17.95,95.50,204.50,85.00,31.00,0.0000,1043.51,0,0,0.0000,NOT_RUN,0,18,2496,0,9,450,2,0,0,0,0
211,0,1,0,NEGATIVE_PEAK,-2.7277,1.0000,-2,0,-1,0.5000,61.88,-838.47,31.63,17.95,95.00,205.00,84.00,30.00,0.0000,1043.99,0,0,0.0000,NOT_RUN,0,18,2363,0,9,450,2,0,0,0,0
212,0,1,0,NEGATIVE_PEAK,-2.6983,1.0000,-2,0,-1,0.5000,61.88,-838.47,31.63,17.95,95.00,205.00,86.00,30.00,0.0000,1043.99,0,0,0.0000,NOT_RUN,0,19,2495,0,9,450,2,0,0,0,0
213,0,1,0,NEGATIVE_PEAK,-2.7238,1.0000,-2,0,-1,0.5000,61.88,-838.47,31.63,17.95,93.50,204.50,87.00,31.00,0.0000,1043.45,0,0,0.0000,NOT_RUN,0,18,2459,0,9,450,2,0,0,0,0
214,0,1,0,NEGATIVE_PEAK,-2.7102,1.0000,-2,0,-1,0.5000,61.88,-838.47,31.63,17.95,93.50,204.00,85.00,32.00,0.0000,1042.95,0,0,0.0000,NOT_RUN,0,18,2669,0,9,450,2,0,0,0,0
215,0,1,0,NEGATIVE_PEAK,-2.7231,1.0000,-2,0,-1,0.5000,61.88,-838.47,31.63,17.95,92.50,203.00,87.00,34.00,0.0000,1041.92,0,0,0.0000,NOT_RUN,0,18,2710,0,9,450,2,0,0,0,0
216,0,1,0,NEGATIVE_PEAK,-2.7061,1.0000,-2,0,-1,0.5000,61.88,-838.47,31.63,17.95,92.50,203.00,85.00,34.00,0.0000,1041.92,0,0,0.0000,NOT_RUN,0,18,2655,0,9,450,2,0,0,0,0
217,0,1,0,NEGATIVE_PEAK,-2.7073,1.0000,-2,0,-1,0.5000,61.88,-838.47,31.63,17.95,93.00,203.00,86.00,34.00,0.0000,1041.93,0,0,0.0000,NOT_RUN,0,18,2590,0,9,450,2,0,0,0,0
218,0,1,0,NEGATIVE_PEAK,-2.7007,1.0000,-2,0,-1,0.5000,61.88,-838.47,31.63,17.95,93.50,202.50,83.00,35.00,0.0000,1041.45,0,0,0.0000,NOT_RUN,0,18,2598,0,9,450,2,0,0,0,0
219,0,1,0,NEGATIVE_PEAK,-2.7253,1.0000,-2,0,-1,0.5000,61.88,-838.47,31.63,17.95,94.00,203.00,84.00,36.00,0.0000,1041.96,0,0,0.0000,NOT_RUN,0,18,2630,0,9,450,2,0,0,0,0
220,0,1,0,NEGATIVE_PEAK,-2.7139,1.0000,-2,0,-1,0.5000,61.88,-838.47,31.63,17.95,94.50,203.00,83.00,38.00,0.0000,1041.98,0,0,0.0000,NOT_RUN,0,18,2440,0,9,450,2,0,0,0,0
221,0,1,0,NEGATIVE_PEAK,-2.7144,1.0000,-2,0,-2,0.5000,61.88,-838.47,31.63,17.95,95.50,203.00,83.00,38.00,0.0000,1042.01,0,0,0.0000,NOT_RUN,0,18,2623,0,9,450,2,0,0,0,0
222,0,1,0,NEGATIVE_PEAK,-2.7156,1.0000,-2,0,-1,0.5000,61.88,-838.47,31.63,17.95,94.50,203.00,85.00,42.00,0.0000,1041.98,0,0,0.0000,NOT_RUN,0,19,3084,0,9,450,2,0,0,0,0
223,0,1,0,NEGATIVE_PEAK,-2.7113,1.0000,-2,0,-2,0.5000,61.88,-838.47,31.63,17.95,94.50,203.00,83.00,42.00,0.0000,1041.98,0,0,0.0000,NOT_RUN,0,18,3379,0,9,450,2,0,0,0,0
224,0,1,0,NEGATIVE_PEAK,-2.7051,1.0000,-2,0,-2,0.5000,61.88,-838.47,31.63,17.95,92.50,203.00,83.00,46.00,0.0000,1041.92,0,0,0.0000,NOT_RUN,0,18,3456,0,9,450,2,0,0,0,0
225,0,1,0,NEGATIVE_PEAK,-2.7142,1.0000,-2,6,-2,0.5000,61.88,-838.47,31.63,17.95,91.50,202.50,83.00,49.00,0.0000,1041.39,0,0,0.0000,NOT_RUN,0,18,3700,0,9,450,2,0,0,0,0
226,0,1,0,NEGATIVE_PEAK,-2.6919,1.0000,-2,2,-2,0.5000,61.88,-838.47,31.63,17.95,90.00,202.00,84.00,52.00,0.0000,1040.85,0,0,0.0000,NOT_RUN,0,19,3681,0,9,450,2,0,0,0,0
227,0,1,0,NEGATIVE_PEAK,-2.7419,1.0000,-2,8,-2,0.5000,61.88,-838.47,31.63,17.95,89.00,201.00,82.00,56.00,0.0000,1039.82,0,0,0.0000,NOT_RUN,0,17,3959,0,9,450,2,0,0,0,0
228,0,1,0,NEGATIVE_PEAK,-2.7287,1.0000,-2,8,-2,0.5000,61.88,-838.47,31.63,17.95,88.00,198.50,80.00,57.00,0.0000,1037.30,0,0,0.0000,NOT_RUN,0,17,4093,0,9,450,2,0,0,0,0
229,0,1,0,NEGATIVE_PEAK,-2.7098,1.0000,-2,11,-2,0.5000,61.88,-838.47,31.63,17.95,88.00,198.00,80.00,60.00,0.0000,1036.80,0,0,0.0000,NOT_RUN,0,18,4164,0,9,450,2,0,0,0,0
230,0,1,0,NEGATIVE_PEAK,-2.7237,1.0000,-2,-45,-2,0.5000,61.88,-838.47,31.63,17.95,88.00,197.00,78.00,60.00,0.0000,1035.80,0,0,0.0000,NOT_RUN,0,19,4237,0,9,450,2,0,0,0,0
231,0,1,0,NEGATIVE_PEAK,-2.7011,1.0000,-2,2,-2,0.5000,61.88,-838.47,31.63,17.95,88.50,195.00,77.00,64.00,0.0000,1033.81,0,0,0.0000,NOT_RUN,0,18,4245,0,9,450,2,0,0,0,0
232,0,1,0,NEGATIVE_PEAK,-2.7173,1.0000,-2,-57,-2,0.5000,61.88,-838.47,31.63,17.95,89.00,194.00,76.00,64.00,0.0000,1032.82,0,0,0.0000,NOT_RUN,0,18,4601,0,9,450,2,0,0,0,0
233,0,1,0,NEGATIVE_PEAK,-2.7445,1.0000,-2,0,-2,0.5000,61.88,-838.47,31.63,17.95,89.00,192.50,74.00,65.00,0.0000,1031.33,0,0,0.0000,NOT_RUN,0,17,4543,0,9,450,2,0,0,0,0
234,0,1,0,NEGATIVE_PEAK,-2.7374,1.0000,-2,2,-2,0.5000,61.88,-838.47,31.63,17.95,91.00,193.00,70.00,64.00,0.0000,1031.88,0,0,0.0000,NOT_RUN,0,19,4578,0,9,450,2,0,0,0,0
235,0,1,0,NEGATIVE_PEAK,-2.7157,1.0000,-2,2,-2,0.5000,61.88,-838.47,31.63,17.95,92.00,192.00,68.00,66.00,0.0000,1030.91,0,0,0.0000,NOT_RUN,0,19,4513,0,9,450,2,0,0,0,0
236,0,1,0,NEGATIVE_PEAK,-2.6886,1.0000,-2,53,-2,0.5000,61.88,-838.47,31.63,17.95,92.50,191.00,65.00,68.00,0.0000,1029.92,0,0,0.0000,NOT_RUN,0,18,4490,0,9,450,2,0,0,0,0
237,0,1,0,NEGATIVE_PEAK,-2.7187,1.0000,-2,0,-2,0.5000,61.88,-838.47,31.63,17.95,94.50,190.50,63.00,71.00,0.0000,1029.49,0,0,0.0000,NOT_RUN,0,19,4469,0,9,450,2,0,0,0,0
238,0,1,0,NEGATIVE_PEAK,-2.7340,1.0000,-2,-51,-2,0.5000,61.88,-838.47,31.63,17.95,95.50,190.00,63.00,70.00,0.0000,1029.02,0,0,0.0000,NOT_RUN,0,18,4465,0,9,450,2,0,0,0,0
239,0,1,0,NEGATIVE_PEAK,-2.7293,1.0000,-2,38,-2,0.5000,61.88,-838.47,31.63,17.95,96.00,187.50,62.00,69.00,0.0000,1026.54,0,0,0.0000,NOT_RUN,0,18,4455,0,9,450,2,0,0,0,0
240,0,1,0,NEGATIVE_PEAK,-2.7632,1.0000,-2,49,-2,0.5000,61.88,-838.47,31.63,17.95,96.00,186.50,60.00,67.00,0.0000,1025.54,0,0,0.0000,NOT_RUN,0,19,4226,0,9,450,2,0,0,0,0
241,0,1,0,NEGATIVE_PEAK,-2.7187,1.0000,-2,43,-2,0.5000,61.88,-838.47,31.63,17.95,96.50,186.00,61.00,66.00,0.0000,1025.05,0,0,0.0000,NOT_RUN,0,18,4428,0,9,450,2,0,0,0,0
242,0,1,0,NEGATIVE_PEAK,-2.7062,1.0000,-2,8,-2,0.5000,61.88,-838.47,31.63,17.95,97.00,185.50,60.00,65.00,0.0000,1024.57,0,0,0.0000,NOT_RUN,0,18,4569,0,9,450,2,0,0,0,0
243,0,1,0,NEGATIVE_PEAK,-2.7313,1.0000,-2,6,-2,0.5000,61.88,-838.47,31.63,17.95,97.00,185.00,60.00,58.00,0.0000,1024.07,0,0,0.0000,NOT_RUN,0,19,4512,0,9,450,2,0,0,0,0
244,0,1,0,NEGATIVE_PEAK,-2.7274,1.0000,-2,10,-2,0.5000,61.88,-838.47,31.63,17.95,97.00,183.50,60.00,55.00,0.0000,1022.57,0,0,0.0000,NOT_RUN,0,19,4460,0,9,450,2,0,0,0,0
245,0,1,0,NEGATIVE_PEAK,-2.7229,1.0000,-2,0,-2,0.5000,61.88,-838.47,31.63,17.95,97.00,181.50,60.00,47.00,0.0000,1020.57,0,0,0.0000,NOT_RUN,0,19,4759,0,9,450,2,0,0,0,0
246,0,1,0,NEGATIVE_PEAK,-2.7469,1.0000,-2,0,-2,0.5000,61.88,-838.47,31.63,17.95,97.00,184.50,60.00,45.00,0.0000,1023.57,0,0,0.0000,NOT_RUN,0,19,4883,0,9,450,2,0,0,0,0
247,0,1,0,NEGATIVE_PEAK,-2.7627,1.0000,-2,0,-2,0.5000,61.88,-838.47,31.63,17.95,97.00,185.50,60.00,47.00,0.0000,1024.57,0,0,0.0000,NOT_RUN,0,18,4949,0,9,450,2,0,0,0,0
248,0,1,0,NEGATIVE_PEAK,-2.7497,1.0000,-2,0,-2,0.5000,61.88,-838.47,31.63,17.95,96.00,187.00,62.00,44.00,0.0000,1026.04,0,0,0.0000,NOT_RUN,0,18,4662,0,9,450,2,0,0,0,0
249,0,1,0,NEGATIVE_PEAK,-2.7609,1.0000,-2,0,-2,0.5000,61.88,-838.47,31.63,17.95,96.00,188.00,62.00,40.00,0.0000,1027.04,0,0,0.0000,NOT_RUN,0,18,4729,0,9,450,2,0,0,0,0
250,0,1,0,NEGATIVE_PEAK,-2.7624,1.0000,-2,0,-2,0.5000,61.88,-838.47,31.63,17.95,96.50,187.00,61.00,40.00,0.0000,1026.05,0,0,0.0000,NOT_RUN,0,19,4542,0,9,450,2,0,0,0,0
251,0,1,0,NEGATIVE_PEAK,-2.7379,1.0000,-2,0,-2,0.5000,61.88,-838.47,31.63,17.95,96.50,187.00,61.00,40.00,0.0000,1026.05,0,0,0.0000,NOT_RUN,0,19,4323,0,9,450,2,0,0,0,0
252,0,1,0,NEGATIVE_PEAK,-2.7303,1.0000,-2,0,-2,0.5000,61.88,-838.47,31.63,17.95,97.00,185.00,62.00,46.00,0.0000,1024.07,0,0,0.0000,NOT_RUN,0,19,4222,0,9,450,2,0,0,0,0
253,0,1,0,NEGATIVE_PEAK,-2.7442,1.0000,-2,0,-2,0.5000,61.88,-838.47,31.63,17.95,97.00,185.50,64.00,47.00,0.0000,1024.57,0,0,0.0000,NOT_RUN,0,19,4355,0,9,450,2,0,0,0,0
254,0,1,0,NEGATIVE_PEAK,-2.7520,1.0000,-2,0,-2,0.5000,61.88,-838.47,31.63,17.95,96.00,184.00,64.00,50.00,0.0000,1023.04,0,0,0.0000,NOT_RUN,0,19,4288,0,9,450,2,0,0,0,0
255,0,1,0,NEGATIVE_PEAK,-2.7517,1.0000,-2,0,-2,0.5000,61.88,-838.47,31.63,17.95,96.50,183.00,63.00,50.00,0.0000,1022.06,0,0,0.0000,NOT_RUN,0,19,4355,0,9,450,2,0,0,0,0
256,0,1,0,NEGATIVE_PEAK,-2.7611,1.0000,-2,0,-2,0.5000,61.88,-838.47,31.63,17.95,97.50,180.00,65.00,48.00,0.0000,1019.09,0,0,0.0000,NOT_RUN,0,18,4346,0,9,450,2,0,0,0,0
257,0,1,0,NEGATIVE_PEAK,-2.7748,1.0000,-2,45,-2,0.5000,61.88,-838.47,31.63,17.95,98.50,179.00,65.00,44.00,0.0000,1018.13,0,0,0.0000,NOT_RUN,0,18,4218,0,9,450,2,0,0,0,0
258,0,1,0,NEGATIVE_PEAK,-2.7277,1.0000,-2,2,-2,0.5000,61.88,-838.47,31.63,17.95,100.00,179.50,64.00,43.00,0.0000,1018.68,0,0,0.0000,NOT_RUN,0,18,4269,0,9,450,2,0,0,0,0
259,0,1,0,NEGATIVE_PEAK,-2.7051,1.0000,-2,2,-2,0.5000,61.88,-838.47,31.63,17.95,100.50,179.00,63.00,38.00,0.0000,1018.20,0,0,0.0000,NOT_RUN,0,18,4149,0,9,450,2,0,0,0,0
260,0,1,0,NEGATIVE_PEAK,-2.7355,1.0000,-2,8,-2,0.5000,61.88,-838.47,31.63,17.95,102.00,181.00,66.00,40.00,0.0000,1020.26,0,0,0.0000,NOT_RUN,0,18,4133,0,9,450,2,0,0,0,0
261,0,1,0,NEGATIVE_PEAK,-2.7485,1.0000,-2,2,-2,0.5000,61.88,-838.47,31.63,17.95,104.00,183.00,66.00,42.00,0.0000,1022.34,0,0,0.0000,NOT_RUN,0,18,3894,0,9,450,2,0,0,0,0
262,0,1,0,NEGATIVE_PEAK,-2.7402,1.0000,-2,9,-2,0.5000,61.88,-838.47,31.63,17.95,105.50,183.50,67.00,43.00,0.0000,1022.90,0,0,0.0000,NOT_RUN,0,17,3757,0,9,450,2,0,0,0,0
263,0,1,0,NEGATIVE_PEAK,-2.7305,1.0000,-2,17,-2,0.5000,61.88,-838.47,31.63,17.95,106.00,185.00,66.00,46.00,0.0000,1024.42,0,0,0.0000,NOT_RUN,0,18,3493,0,9,450,2,0,0,0,0
264,0,1,0,NEGATIVE_PEAK,-2.7138,1.0000,-2,0,-1,0.5000,61.88,-838.47,31.63,17.95,107.00,183.50,68.00,49.00,0.0000,1022.96,0,0,0.0000,NOT_RUN,0,18,3386,0,9,450,2,0,0,0,0
265,0,1,0,NEGATIVE_PEAK,-2.7487,1.0000,-2,0,-1,0.5000,61.88,-838.47,31.63,17.95,108.00,183.50,72.00,47.00,0.0000,1023.01,0,0,0.0000,NOT_RUN,0,18,3568,0,9,450,2,0,0,0,0
266,0,1,0,NEGATIVE_PEAK,-2.7511,1.0000,-2,0,-1,0.5000,61.88,-838.47,31.63,17.95,104.00,181.50,88.00,39.00,0.0000,1020.84,0,0,0.0000,NOT_RUN,0,18,3204,0,9,450,2,0,0,0,0
267,0,1,0,NEGATIVE_PEAK,-2.7559,1.0000,-2,6,-1,0.5000,61.88,-838.47,31.63,17.95,103.00,186.00,88.00,38.00,0.0000,1025.29,0,0,0.0000,NOT_RUN,0,18,2865,0,9,450,2,0,0,0,0
268,0,1,0,NEGATIVE_PEAK,-2.7833,1.0000,-2,2,0,0.5000,61.88,-838.47,31.63,17.95,102.00,188.00,84.00,44.00,0.0000,1027.25,0,0,0.0000,NOT_RUN,0,18,2597,0,9,450,2,0,0,0,0
269,0,1,0,NEGATIVE_PEAK,-2.7874,1.0000,-2,17,-2,0.5000,61.88,-838.47,31.63,17.95,97.50,187.00,69.00,54.00,0.0000,1026.09,0,0,0.0000,NOT_RUN,0,18,2610,0,9,450,2,0,0,0,0
270,0,1,0,NEGATIVE_PEAK,-2.8172,1.0000,-2,2,0,0.5000,61.88,-838.47,31.63,17.95,90.50,187.50,43.00,55.00,0.0000,1026.37,0,0,0.0000,NOT_RUN,0,19,2888,0,9,450,2,0,0,0,0
271,0,1,0,NEGATIVE_PEAK,-2.8267,1.0000,-2,-46,-2,0.5000,61.88,-838.47,31.63,17.95,88.50,189.00,33.00,60.00,0.0000,1027.81,0,0,0.0000,NOT_RUN,0,19,3034,0,9,450,2,0,0,0,0
272,0,1,0,NEGATIVE_PEAK,-2.8363,1.0000,-2,-15,-2,0.5000,61.88,-838.47,31.63,17.95,80.50,189.50,21.00,63.00,0.0000,1028.14,0,0,0.0000,NOT_RUN,0,19,2358,0,9,450,2,0,0,0,0
273,0,1,0,NEGATIVE_PEAK,-2.8442,1.0000,-2,-20,-2,0.5000,61.88,-838.47,31.63,17.95,75.50,189.50,39.00,59.00,0.0000,1028.06,0,0,0.0000,NOT_RUN,0,17,2207,0,9,450,2,0,0,0,0
274,0,1,0,NEGATIVE_PEAK,-2.8436,1.0000,-2,-19,-2,0.5000,61.88,-838.47,31.63,17.95,70.50,189.00,49.00,56.00,0.0000,1027.50,0,0,0.0000,NOT_RUN,0,17,2652,0,9,450,2,0,0,0,0
275,0,1,0,NEGATIVE_PEAK,-2.8565,1.0000,-2,-21,-2,0.5000,61.88,-838.47,31.63,17.95,67.00,181.50,66.00,49.00,0.0000,1019.98,0,0,0.0000,NOT_RUN,0,17,2615,0,9,450,2,0,0,0,0
276,0,1,0,NEGATIVE_PEAK,-2.8557,2.0000,-2,-9,-2,0.5000,61.88,-838.47,31.63,17.95,67.50,176.50,73.00,33.00,0.0000,1014.98,0,0,0.0000,NOT_RUN,0,17,2648,0,9,450,2,0,0,0,0
277,0,1,0,NEGATIVE_PEAK,-2.8561,1.0000,-2,45,-2,0.5000,61.88,-838.47,31.63,17.95,65.50,174.50,81.00,33.00,0.0000,1012.98,0,0,0.0000,NOT_RUN,0,17,2823,0,9,450,2,0,0,0,0
278,0,1,0,NEGATIVE_PEAK,-0.7975,1.0000,-1,0,0,1.0000,61.88,-838.47,31.63,17.95,61.00,170.00,94.00,26.00,0.0000,1008.47,0,0,0.0000,NOT_RUN,0,17,1732,0,9,450,1,0,0,0,0
279,0,1,0,NEGATIVE_PEAK,-2.8604,1.0000,-2,-13,-2,0.5000,61.88,-838.47,31.63,17.95,60.00,166.50,96.00,37.00,0.0000,1004.97,0,0,0.0000,NOT_RUN,0,17,1772,0,9,450,2,0,0,0,0
280,0,1,0,NEGATIVE_PEAK,-0.8106,1.0000,-1,0,0,1.0000,61.88,-838.47,31.63,17.95,59.00,162.00,94.00,48.00,0.0000,1000.47,0,0,0.0000,NOT_RUN,0,16,2750,0,9,450,1,0,0,0,0
281,0,1,0,NEGATIVE_PEAK,-2.8470,2.0000,-2,-2,-2,0.5000,61.88,-838.47,31.63,17.95,61.50,155.50,83.00,65.00,0.0000,993.97,0,0,0.0000,NOT_RUN,0,16,2603,0,9,450,2,0,0,0,0
282,0,1,0,NEGATIVE_PEAK,-2.8534,1.0000,-2,-19,-2,0.5000,61.88,-838.47,31.63,17.95,62.00,146.50,76.00,93.00,0.0000,984.97,0,0,0.0000,NOT_RUN,0,17,2461,0,9,450,2,0,0,0,0
283,0,1,0,NEGATIVE_PEAK,-2.8538,1.0000,-2,10,-2,0.5000,61.88,-838.47,31.63,17.95,65.00,146.00,70.00,98.00,0.0000,984.47,0,0,0.0000,NOT_RUN,0,17,2152,0,9,450,2,0,0,0,0
284,0,1,0,NEGATIVE_PEAK,-2.8526,1.0000,-2,9,-2,0.5000,61.88,-838.47,31.63,17.95,73.50,134.50,51.00,115.00,0.0000,973.04,0,0,0.0000,NOT_RUN,0,17,1702,0,9,450,2,0,0,0,0
285,0,1,0,NEGATIVE_PEAK,-0.7916,1.0000,-1,0,0,1.0000,61.88,-838.47,31.63,17.95,75.50,132.00,53.00,106.00,0.0000,970.56,0,0,0.0000,NOT_RUN,0,16,1552,0,9,450,1,0,0,0,0
286,0,1,0,NEGATIVE_PEAK,-2.8469,2.0000,-2,-2,-2,0.5000,61.88,-838.47,31.63,17.95,85.50,139.00,65.00,100.00,0.0000,977.75,0,0,0.0000,NOT_RUN,0,17,1636,0,9,450,2,0,0,0,0
287,0,1,0,NEGATIVE_PEAK,-0.7946,1.0000,-1,0,0,1.0000,61.88,-838.47,31.63,17.95,102.00,149.00,78.00,92.00,0.0000,988.28,0,0,0.0000,NOT_RUN,0,15,1099,0,9,450,1,0,0,0,0
288,0,1,0,NEGATIVE_PEAK,-2.8546,1.0000,-2,-21,-2,0.5000,61.88,-838.47,31.63,17.95,114.00,163.00,96.00,74.00,0.0000,1002.82,0,0,0.0000,NOT_RUN,0,17,1577,0,9,450,2,0,0,0,0
289,0,1,0,NEGATIVE_PEAK,-2.8635,1.0000,-2,-22,-2,0.5000,61.88,-838.47,31.63,17.95,116.00,165.50,106.00,69.00,0.0000,1005.43,0,0,0.0000,NOT_RUN,0,15,3057,0,9,450,3,0,0,0,0
290,0,1,0,NEGATIVE_PEAK,-2.8165,1.0000,-2,-21,-2,0.5000,61.88,-838.47,31.63,17.95,120.00,172.00,116.00,56.00,0.0000,1012.14,0,0,0.0000,NOT_RUN,0,16,3492,0,9,450,3,0,0,0,0
291,0,1,0,NEGATIVE_PEAK,-2.8466,1.0000,-2,-19,-2,0.5000,61.88,-838.47,31.63,17.95,124.50,178.50,107.00,49.00,0.0000,1018.89,0,0,0.0000,NOT_RUN,0,15,4009,0,9,450,2,0,0,0,0
292,0,1,0,NEGATIVE_PEAK,-2.8620,1.0000,-2,-13,-2,0.5000,61.88,-838.47,31.63,17.95,126.00,181.50,104.00,45.00,0.0000,1021.98,0,0,0.0000,NOT_RUN,0,14,3825,0,9,450,2,0,0,0,0
293,0,1,0,NEGATIVE_PEAK,-2.8452,1.0000,-2,45,-2,0.5000,61.88,-838.47,31.63,17.95,131.00,184.50,94.00,47.00,0.0000,1025.30,0,0,0.0000,NOT_RUN,0,15,3658,0,9,450,2,0,0,0,0
294,0,1,0,NEGATIVE_PEAK,-2.8644,1.0000,-2,-13,-2,0.5000,61.88,-838.47,31.63,17.95,132.00,182.50,92.00,65.00,0.0000,1023.37,0,0,0.0000,NOT_RUN,0,16,3039,0,9,450,2,0,0,0,0
295,0,1,0,NEGATIVE_PEAK,-2.8599,1.0000,-2,45,-2,0.5000,61.88,-838.47,31.63,17.95,133.50,181.00,89.00,72.00,0.0000,1021.98,0,0,0.0000,NOT_RUN,0,14,4015,0,9,450,2,0,0,0,0
296,0,1,0,NEGATIVE_PEAK,-2.8638,1.0000,-2,0,-2,0.5000,61.88,-838.47,31.63,17.95,137.00,183.00,82.00,82.00,0.0000,1024.23,0,0,0.0000,NOT_RUN,0,12,4459,0,9,450,2,0,0,0,0
297,0,1,0,NEGATIVE_PEAK,-2.8685,1.0000,-2,-13,-2,0.5000,61.88,-838.47,31.63,17.95,132.00,193.50,66.00,109.00,0.0000,1034.35,0,0,0.0000,NOT_RUN,0,14,4009,0,9,450,2,0,0,0,0
298,0,1,0,NEGATIVE_PEAK,-2.8454,1.0000,-2,-19,-2,0.5000,61.88,-838.47,31.63,17.95,122.50,191.50,53.00,105.00,0.0000,1031.75,0,0,0.0000,NOT_RUN,0,15,3712,0,9,450,2,0,0,0,0
299,0,1,0,NEGATIVE_PEAK,-2.8734,1.0000,-2,-19,-2,0.5000,61.88,-838.47,31.63,17.95,111.00,196.00,56.00,106.00,0.0000,1035.63,0,0,0.0000,NOT_RUN,0,14,3262,0,9,450,2,0,0,0,0
300,0,1,0,NEGATIVE_PEAK,-2.8643,1.0000,-2,-10,-2,0.5000,61.88,-838.47,31.63,17.95,107.00,196.50,76.00,91.00,0.0000,1035.95,0,0,0.0000,NOT_RUN,0,13,2904,0,9,450,2,0,0,0,0
301,0,1,0,NEGATIVE_PEAK,-2.8446,1.0000,-2,9,-2,0.5000,61.88,-838.47,31.63,17.95,94.00,192.00,106.00,86.00,0.0000,1030.97,0,0,0.0000,NOT_RUN,0,16,1091,0,9,450,2,0,0,0,0
302,0,1,0,NEGATIVE_PEAK,-2.8497,1.0000,-2,43,-2,0.5000,61.88,-838.47,31.63,17.95,78.00,182.00,132.00,74.00,0.0000,1020.60,0,0,0.0000,NOT_RUN,0,15,2885,0,9,450,2,0,0,0,0
303,0,1,0,NEGATIVE_PEAK,-2.8575,2.0000,-2,-2,-2,0.5000,61.88,-838.47,31.63,17.95,69.00,182.00,134.00,78.00,0.0000,1020.49,0,0,0.0000,NOT_RUN,0,15,1358,0,9,450,2,0,0,0,0
304,0,1,0,NEGATIVE_PEAK,-2.8512,2.0000,-2,-13,-2,0.5000,61.88,-838.47,31.63,17.95,66.50,184.00,131.00,82.00,0.0000,1022.48,0,0,0.0000,NOT_RUN,0,14,966,0,9,450,2,0,0,0,0
305,0,1,0,NEGATIVE_PEAK,-2.8529,2.0000,-2,-2,-2,0.5000,61.88,-838.47,31.63,17.95,60.00,185.50,118.00,91.00,0.0000,1023.97,0,0,0.0000,NOT_RUN,0,15,725,0,9,450,2,0,0,0,0
306,0,1,0,NEGATIVE_PEAK,-2.8435,1.0000,-2,-19,-2,0.5000,61.88,-838.47,31.63,17.95,62.50,176.50,93.00,121.00,0.0000,1014.97,0,0,0.0000,NOT_RUN,0,16,928,0,9,450,2,0,0,0,0
307,0,1,0,NEGATIVE_PEAK,-2.8501,1.0000,-2,45,-2,0.5000,61.88,-838.47,31.63,17.95,64.00,172.50,82.00,135.00,0.0000,1010.97,0,0,0.0000,NOT_RUN,0,15,1064,0,9,450,2,0,0,0,0
308,0,1,0,NEGATIVE_PEAK,-2.8484,1.0000,-2,45,-2,0.5000,61.88,-838.47,31.63,17.95,73.50,167.50,53.00,149.00,0.0000,1006.04,0,0,0.0000,NOT_RUN,0,15,622,0,9,450,2,0,0,0,0
309,0,1,0,NEGATIVE_PEAK,-0.7841,1.0000,-1,0,0,1.0000,61.88,-838.47,31.63,17.95,87.50,166.50,33.00,149.00,0.0000,1005.30,0,0,0.0000,NOT_RUN,0,15,1159,0,9,450,2,0,0,0,0
310,0,1,0,NEGATIVE_PEAK,-2.8188,1.0000,-2,-22,-49,0.5000,61.88,-838.47,31.63,17.95,92.00,169.00,44.00,146.00,0.0000,1007.92,0,0,0.0000,NOT_RUN,0,16,366,0,9,450,2,0,0,0,0
311,0,1,0,NEGATIVE_PEAK,-4.2482,1.0000,-3,-20,-49,0.3333,61.88,-838.47,31.63,17.95,111.50,171.00,87.00,132.00,0.0000,1010.69,0,0,0.0000,NOT_RUN,0,22,1062,0,9,450,3,0,0,0,0
312,0,1,0,NEGATIVE_PEAK,-4.5606,1.5000,-3,-15,-35,0.3333,61.88,-838.47,31.63,17.95,122.00,172.50,108.00,111.00,0.0000,1012.75,0,0,0.0000,NOT_RUN,0,19,4406,0,9,450,3,0,0,0,0
313,0,1,0,NEGATIVE_PEAK,-2.7636,1.0000,-2,37,-2,0.5000,61.88,-838.47,31.63,17.95,124.00,174.00,108.00,98.00,0.0000,1014.37,0,0,0.0000,NOT_RUN,0,16,1038,0,9,450,2,0,0,0,0
314,0,1,0,NEGATIVE_PEAK,-2.7958,1.0000,-2,-19,-2,0.5000,61.88,-838.47,31.63,17.95,125.00,175.50,106.00,75.00,0.0000,1015.93,0,0,0.0000,NOT_RUN,0,17,2908,0,9,450,2,0,0,0,0
315,0,1,0,NEGATIVE_PEAK,-2.7231,1.0000,-2,27,-2,0.5000,61.88,-838.47,31.63,17.95,125.00,175.50,106.00,75.00,0.0000,1015.93,0,0,0.0000,NOT_RUN,0,18,3118,0,9,450,2,0,0,0,0
316,0,1,0,NEGATIVE_PEAK,-2.7414,1.0000,-2,6,-2,0.5000,61.88,-838.47,31.63,17.95,123.50,176.50,109.00,79.00,0.0000,1016.84,0,0,0.0000,NOT_RUN,0,18,3537,0,9,450,2,0,0,0,0
317,0,1,0,NEGATIVE_PEAK,-2.7121,1.0000,-2,9,-2,0.5000,61.88,-838.47,31.63,17.95,118.00,178.00,108.00,84.00,0.0000,1018.02,0,0,0.0000,NOT_RUN,0,18,3644,0,9,450,3,0,0,0,0
318,0,1,0,NEGATIVE_PEAK,-2.7579,1.0000,-2,-49,-2,0.5000,61.88,-838.47,31.63,17.95,110.00,177.00,104.00,84.00,0.0000,1016.61,0,0,0.0000,NOT_RUN,0,17,3417,0,9,450,2,0,0,0,0
319,0,1,0,NEGATIVE_PEAK,-2.7676,1.0000,-2,6,-2,0.5000,61.88,-838.47,31.63,17.95,108.50,177.00,107.00,82.00,0.0000,1016.54,0,0,0.0000,NOT_RUN,0,18,3297,0,9,450,2,0,0,0,0
320,0,1,0,NEGATIVE_PEAK,-2.7661,1.0000,-2,2,-2,0.5000,61.88,-838.47,31.63,17.95,100.50,176.50,107.00,81.00,0.0000,1015.70,0,0,0.0000,NOT_RUN,0,19,2630,0,9,450,2,0,0,0,0
321,0,1,0,NEGATIVE_PEAK,-2.8463,1.0000,-2,-10,-2,0.5000,61.88,-838.47,31.63,17.95,97.50,175.00,107.00,86.00,0.0000,1014.09,0,0,0.0000,NOT_RUN,0,16,967,0,9,450,2,0,0,0,0
322,0,1,0,NEGATIVE_PEAK,-0.8065,1.0000,-1,0,0,1.0000,61.88,-838.47,31.63,17.95,96.00,172.50,108.00,85.00,0.0000,1011.54,0,0,0.0000,NOT_RUN,0,17,1230,0,9,450,1,0,0,0,0
323,0,1,0,NEGATIVE_PEAK,-2.7540,1.0000,-2,37,-2,0.5000,61.88,-838.47,31.63,17.95,92.50,166.00,115.00,82.00,0.0000,1004.94,0,0,0.0000,NOT_RUN,0,18,3046,0,9,450,2,0,0,0,0
324,0,1,0,NEGATIVE_PEAK,-2.7797,1.0000,-2,0,-2,0.5000,61.88,-838.47,31.63,17.95,90.50,159.50,119.00,79.00,0.0000,998.38,0,0,0.0000,NOT_RUN,0,18,2950,0,9,450,2,0,0,0,0
325,0,1,0,NEGATIVE_PEAK,-2.6897,1.0000,-2,0,-49,0.5000,61.88,-838.47,31.63,17.95,93.00,157.50,122.00,77.00,0.0000,996.45,0,0,0.0000,NOT_RUN,0,17,2714,0,9,450,2,0,0,0,0
326,0,1,0,NEGATIVE_PEAK,-2.7990,1.0000,-2,-13,-2,0.5000,61.88,-838.47,31.63,17.95,101.00,159.00,130.00,76.00,0.0000,998.24,0,0,0.0000,NOT_RUN,0,18,2249,0,9,450,2,0,0,0,0
327,0,1,0,NEGATIVE_PEAK,-2.7714,1.0000,-2,0,-2,0.5000,61.88,-838.47,31.63,17.95,106.50,165.50,125.00,71.00,0.0000,1004.96,0,0,0.0000,NOT_RUN,0,18,1857,0,9,450,2,0,0,0,0
328,0,1,0,NEGATIVE_PEAK,-2.8099,1.0000,-2,-13,-2,0.5000,61.88,-838.47,31.63,17.95,105.00,168.00,126.00,68.00,0.0000,1007.39,0,0,0.0000,NOT_RUN,0,17,2207,0,9,450,2,0,0,0,0
329,0,1,0,NEGATIVE_PEAK,-2.8104,1.0000,-2,-11,-35,0.5000,61.88,-838.47,31.63,17.95,102.50,159.00,129.00,82.00,0.0000,998.30,0,0,0.0000,NOT_RUN,0,17,2262,0,9,450,2,0,0,0,0
330,0,1,0,NEGATIVE_PEAK,-2.7674,1.0000,-2,-13,-2,0.5000,61.88,-838.47,31.63,17.95,99.00,146.50,126.00,73.00,0.0000,985.67,0,0,0.0000,NOT_RUN,0,18,1986,0,9,450,2,0,0,0,0
331,0,1,0,NEGATIVE_PEAK,-2.7715,1.0000,-2,-59,-2,0.5000,61.88,-838.47,31.63,17.95,96.50,143.00,121.00,64.00,0.0000,982.08,0,0,0.0000,NOT_RUN,0,18,1682,0,9,450,2,0,0,0,0
332,0,1,0,NEGATIVE_PEAK,-2.8182,1.0000,-2,-27,-2,0.5000,61.88,-838.47,31.63,17.95,95.00,141.50,116.00,65.00,0.0000,980.53,0,0,0.0000,NOT_RUN,0,17,1398,0,9,450,2,0,0,0,0
333,0,1,0,NEGATIVE_PEAK,-2.8413,2.0000,-2,-2,-2,0.5000,61.88,-838.47,31.63,17.95,96.50,141.50,117.00,63.00,0.0000,980.58,0,0,0.0000,NOT_RUN,0,16,2824,0,9,450,2,0,0,0,0
334,0,1,0,NEGATIVE_PEAK,-2.8407,1.0000,-2,-53,-2,0.5000,61.88,-838.47,31.63,17.95,97.00,143.50,118.00,61.00,0.0000,982.60,0,0,0.0000,NOT_RUN,0,14,2326,0,9,450,2,0,0,0,0
335,0,1,0,NEGATIVE_PEAK,-2.8258,1.0000,-2,-11,-2,0.5000,61.88,-838.47,31.63,17.95,96.00,151.50,120.00,51.00,0.0000,990.56,0,0,0.0000,NOT_RUN,0,14,5597,0,9,450,2,0,0,0,0
336,0,1,0,NEGATIVE_PEAK,-0.7834,1.0000,-1,0,0,1.0000,61.88,-838.47,31.63,17.95,94.50,152.00,119.00,52.00,0.0000,991.01,0,0,0.0000,NOT_RUN,0,12,4635,0,9,450,1,0,0,0,0
337,0,1,0,NEGATIVE_PEAK,-2.8521,2.0000,-2,-2,-2,0.5000,61.88,-838.47,31.63,17.95,94.00,149.50,118.00,57.00,0.0000,988.49,0,0,0.0000,NOT_RUN,0,13,5310,0,9,450,2,0,0,0,0
338,0,1,0,NEGATIVE_PEAK,-2.8597,1.0000,-2,-13,-2,0.5000,61.88,-838.47,31.63,17.95,92.50,144.50,113.00,71.00,0.0000,983.45,0,0,0.0000,NOT_RUN,0,15,4116,0,9,450,2,0,0,0,0
339,0,1,0,NEGATIVE_PEAK,-2.8226,1.0000,-2,-51,-2,0.5000,61.88,-838.47,31.63,17.95,92.00,142.50,104.00,81.00,0.0000,981.43,0,0,0.0000,NOT_RUN,0,19,2222,0,9,450,2,0,0,0,0
340,0,1,0,NEGATIVE_PEAK,-2.8112,1.0000,-2,9,-2,0.5000,61.88,-838.47,31.63,17.95,94.00,139.50,106.00,81.00,0.0000,978.50,0,0,0.0000,NOT_RUN,0,18,2206,0,9,450,2,0,0,0,0
341,0,1,0,NEGATIVE_PEAK,-2.8651,1.0000,-2,0,-2,0.5000,61.88,-838.47,31.63,17.95,98.00,139.00,108.00,66.00,0.0000,978.14,0,0,0.0000,NOT_RUN,0,18,4992,0,9,450,2,0,0,0,0
342,0,1,0,NEGATIVE_PEAK,-2.8342,1.0000,-2,4,-2,0.5000,61.88,-838.47,31.63,17.95,99.00,142.50,112.00,59.00,0.0000,981.67,0,0,0.0000,NOT_RUN,0,16,2526,0,9,450,2,0,0,0,0
343,0,1,0,NEGATIVE_PEAK,-2.8289,1.0000,-2,-19,-2,0.5000,61.88,-838.47,31.63,17.95,97.50,143.50,113.00,55.00,0.0000,982.61,0,0,0.0000,NOT_RUN,0,18,641,0,9,450,2,0,0,0,0
344,0,1,0,NEGATIVE_PEAK,-2.8588,1.0000,-2,45,-2,0.5000,61.88,-838.47,31.63,17.95,95.00,139.00,114.00,58.00,0.0000,978.03,0,0,0.0000,NOT_RUN,0,19,1634,0,9,450,2,0,0,0,0
345,0,1,0,NEGATIVE_PEAK,-0.8062,1.0000,-1,0,0,1.0000,61.88,-838.47,31.63,17.95,93.50,135.50,113.00,65.00,0.0000,974.48,0,0,0.0000,NOT_RUN,0,15,2855,0,9,450,1,0,0,0,0
346,0,1,0,NEGATIVE_PEAK,-0.7867,1.0000,-1,0,0,1.0000,61.88,-838.47,31.63,17.95,91.50,136.00,109.00,68.00,0.0000,974.92,0,0,0.0000,NOT_RUN,0,15,2818,0,9,450,1,0,0,0,0
347,0,1,0,NEGATIVE_PEAK,-0.7988,1.0000,-1,0,0,1.0000,61.88,-838.47,31.63,17.95,88.00,139.00,104.00,68.00,0.0000,977.82,0,0,0.0000,NOT_RUN,0,14,2383,0,9,450,1,0,0,0,0
348,0,1,0,NEGATIVE_PEAK,-0.7978,1.0000,-1,0,0,1.0000,61.88,-838.47,31.63,17.95,88.50,136.50,101.00,81.00,0.0000,975.33,0,0,0.0000,NOT_RUN,0,14,2432,0,9,450,1,0,0,0,0
349,0,1,0,NEGATIVE_PEAK,-0.7911,1.0000,-1,0,0,1.0000,61.88,-838.47,31.63,17.95,88.00,137.50,100.00,85.00,0.0000,976.32,0,0,0.0000,NOT_RUN,0,13,2748,0,9,450,1,0,0,0,0
350,0,1,0,NEGATIVE_PEAK,-2.8506,1.0000,-2,11,-2,0.5000,61.88,-838.47,31.63,17.95,90.00,139.00,98.00,92.00,0.0000,977.87,0,0,0.0000,NOT_RUN,0,13,3953,0,9,450,2,0,0,0,0
351,0,1,0,NEGATIVE_PEAK,-2.8495,1.0000,-2,13,-2,0.5000,61.88,-838.47,31.63,17.95,90.50,142.50,99.00,87.00,0.0000,981.39,0,0,0.0000,NOT_RUN,0,14,4497,0,9,450,2,0,0,0,0
352,0,1,0,NEGATIVE_PEAK,-0.8040,1.0000,-1,0,0,1.0000,61.88,-838.47,31.63,17.95,90.00,143.00,98.00,78.00,0.0000,981.87,0,0,0.0000,NOT_RUN,0,12,3151,0,9,450,1,0,0,0,0
353,0,1,0,NEGATIVE_PEAK,-0.8021,1.0000,-1,0,0,1.0000,61.88,-838.47,31.63,17.95,90.50,145.00,99.00,62.00,0.0000,983.89,0,0,0.0000,NOT_RUN,0,14,870,0,9,450,1,0,0,0,0
354,0,1,0,NEGATIVE_PEAK,-0.8180,1.0000,-1,0,0,1.0000,61.88,-838.47,31.63,17.95,92.00,141.00,100.00,68.00,0.0000,979.93,0,0,0.0000,NOT_RUN,0,16,819,0,9,450,1,0,0,0,0
355,0,1,0,NEGATIVE_PEAK,-0.7815,1.0000,-1,0,0,1.0000,61.88,-838.47,31.63,17.95,92.50,137.00,99.00,70.00,0.0000,975.95,0,0,0.0000,NOT_RUN,0,14,2404,0,9,450,1,0,0,0,0
356,0,1,0,NEGATIVE_PEAK,-0.7980,1.0000,-1,0,0,1.0000,61.88,-838.47,31.63,17.95,94.00,134.50,98.00,83.00,0.0000,973.50,0,0,0.0000,NOT_RUN,0,14,2268,0,9,450,1,0,0,0,0
357,0,1,0,NEGATIVE_PEAK,-0.8039,1.0000,-1,0,0,1.0000,61.88,-838.47,31.63,17.95,91.50,129.00,105.00,86.00,0.0000,967.92,0,0,0.0000,NOT_RUN,0,14,1899,0,9,450,1,0,0,0,0
358,0,1,0,NEGATIVE_PEAK,-0.7976,1.0000,-1,0,0,1.0000,61.88,-838.47,31.63,17.95,90.00,126.50,106.00,83.00,0.0000,965.38,0,0,0.0000,NOT_RUN,0,14,1464,0,9,450,1,0,0,0,0
359,0,1,0,NEGATIVE_PEAK,-0.8142,1.0000,-1,0,0,1.0000,61.88,-838.47,31.63,17.95,90.50,124.00,103.00,82.00,0.0000,962.89,0,0,0.0000,NOT_RUN,0,15,1693,0,9,450,1,0,0,0,0
360,0,1,0,NEGATIVE_PEAK,-0.8260,1.0000,-1,0,0,1.0000,61.88,-838.47,31.63,17.95,96.50,122.00,91.00,74.00,0.0000,961.09,0,0,0.0000,NOT_RUN,0,15,1186,0,9,450,1,0,0,0,0
361,0,1,0,NEGATIVE_PEAK,-2.8489,2.0000,-2,-13,-2,0.5000,61.88,-838.47,31.63,17.95,95.50,120.00,93.00,72.00,0.0000,959.06,0,0,0.0000,NOT_RUN,0,14,1640,0,9,450,2,0,0,0,0
362,0,1,0,NEGATIVE_PEAK,-0.8071,1.0000,-1,0,0,1.0000,61.88,-838.47,31.63,17.95,95.50,115.50,93.00,59.00,0.0000,954.56,0,0,0.0000,NOT_RUN,0,16,804,0,9,450,1,0,0,0,0
363,0,1,0,NEGATIVE_PEAK,-0.8311,1.0000,-1,0,0,1.0000,61.88,-838.47,31.63,17.95,95.00,114.00,98.00,54.00,0.0000,953.04,0,0,0.0000,NOT_RUN,0,16,639,0,9,450,1,0,0,0,0
364,0,1,0,NEGATIVE_PEAK,-0.8365,1.0000,-1,0,0,1.0000,61.88,-838.47,31.63,17.95,93.50,115.00,99.00,52.00,0.0000,953.99,0,0,0.0000,NOT_RUN,0,15,1689,0,9,450,1,0,0,0,0
365,0,1,0,NEGATIVE_PEAK,-2.8785,2.0000,-2,-2,-2,0.5000,61.88,-838.47,31.63,17.95,94.00,115.00,102.00,48.00,0.0000,954.01,0,0,0.0000,NOT_RUN,0,16,402,0,9,450,2,0,0,0,0
366,0,1,0,NEGATIVE_PEAK,-2.8688,2.0000,-2,-37,-2,0.5000,61.88,-838.47,31.63,17.95,92.50,118.00,109.00,48.00,0.0000,956.96,0,0,0.0000,NOT_RUN,0,18,1440,0,9,450,2,0,0,0,0
367,0,1,0,NEGATIVE_PEAK,-2.8596,1.0000,-2,-47,-2,0.5000,61.88,-838.47,31.63,17.95,94.00,119.50,110.00,45.00,0.0000,958.51,0,0,0.0000,NOT_RUN,0,19,2078,0,9,450,2,0,0,0,0
368,0,1,0,NEGATIVE_PEAK,-0.8473,1.0000,-1,0,0,1.0000,61.88,-838.47,31.63,17.95,94.50,123.50,113.00,45.00,0.0000,962.52,0,0,0.0000,NOT_RUN,0,19,2411,0,9,450,1,0,0,0,0
369,0,1,0,NEGATIVE_PEAK,-2.8590,1.0000,-2,-44,-2,0.5000,61.88,-838.47,31.63,17.95,96.00,128.00,114.00,44.00,0.0000,967.07,0,0,0.0000,NOT_RUN,0,19,2273,0,9,450,2,0,0,0,0
370,0,1,0,NEGATIVE_PEAK,-2.7133,1.0000,-2,-41,-2,0.5000,61.88,-838.47,31.63,17.95,96.50,131.00,115.00,44.00,0.0000,970.09,0,0,0.0000,NOT_RUN,0,19,2242,0,9,450,2,0,0,0,0
371,0,1,0,NEGATIVE_PEAK,-2.6549,1.0000,-2,35,-2,0.5000,61.88,-838.47,31.63,17.95,97.50,136.50,119.00,43.00,0.0000,975.62,0,0,0.0000,NOT_RUN,0,20,2161,0,9,450,2,0,0,0,0
372,0,1,0,NEGATIVE_PEAK,-2.8504,2.0000,-2,-13,-2,0.5000,61.88,-838.47,31.63,17.95,100.00,142.00,118.00,44.00,0.0000,981.21,0,0,0.0000,NOT_RUN,0,18,1100,0,9,450,2,0,0,0,0
373,0,1,0,NEGATIVE_PEAK,-2.8595,2.0000,-2,17,-2,0.5000,61.88,-838.47,31.63,17.95,100.50,144.00,119.00,42.00,0.0000,983.23,0,0,0.0000,NOT_RUN,0,18,2174,0,9,450,2,0,0,0,0
374,0,1,0,NEGATIVE_PEAK,-2.8459,1.0000,-2,10,-2,0.5000,61.88,-838.47,31.63,17.95,102.00,148.50,120.00,41.00,0.0000,987.78,0,0,0.0000,NOT_RUN,0,18,1507,0,9,450,2,0,0,0,0
375,0,1,0,NEGATIVE_PEAK,-0.8342,1.0000,-1,0,0,1.0000,61.88,-838.47,31.63,17.95,102.00,152.00,120.00,40.00,0.0000,991.28,0,0,0.0000,NOT_RUN,0,18,1783,0,9,450,1,0,0,0,0
376,0,1,0,NEGATIVE_PEAK,-2.8268,1.0000,-2,4,-2,0.5000,61.88,-838.47,31.63,17.95,101.50,153.00,121.00,40.00,0.0000,992.26,0,0,0.0000,NOT_RUN,0,20,1347,0,9,450,2,0,0,0,0
377,0,1,0,NEGATIVE_PEAK,-2.7851,1.0000,-2,-39,-49,0.5000,61.88,-838.47,31.63,17.95,101.00,155.00,122.00,38.00,0.0000,994.24,0,0,0.0000,NOT_RUN,0,17,2524,0,9,450,2,0,0,0,0
378,0,1,0,NEGATIVE_PEAK,-2.8169,1.0000,-2,-39,-49,0.5000,61.88,-838.47,31.63,17.95,100.00,155.00,122.00,38.00,0.0000,994.20,0,0,0.0000,NOT_RUN,0,18,1811,0,9,450,2,0,0,0,0
379,0,1,0,NEGATIVE_PEAK,-2.8214,1.0000,-2,28,-2,0.5000,61.88,-838.47,31.63,17.95,99.50,156.00,123.00,38.00,0.0000,995.18,0,0,0.0000,NOT_RUN,0,17,1668,0,9,450,2,0,0,0,0
380,0,1,0,NEGATIVE_PEAK,-2.7528,1.0000,-2,41,-2,0.5000,61.88,-838.47,31.63,17.95,98.50,156.00,123.00,38.00,0.0000,995.14,0,0,0.0000,NOT_RUN,0,19,2081,0,9,450,2,0,0,0,0
381,0,1,0,NEGATIVE_PEAK,-2.8363,1.0000,-2,-38,-47,0.5000,61.88,-838.47,31.63,17.95,99.00,155.50,126.00,37.00,0.0000,994.66,0,0,0.0000,NOT_RUN,0,17,2004,0,9,450,2,0,0,0,0
382,0,1,0,NEGATIVE_PEAK,-2.7721,1.0000,-2,-38,-2,0.5000,61.88,-838.47,31.63,17.95,97.50,155.50,123.00,37.00,0.0000,994.61,0,0,0.0000,NOT_RUN,0,19,1983,0,9,450,2,0,0,0,0
383,0,1,0,NEGATIVE_PEAK,-2.7490,1.0000,-2,-37,-51,0.5000,61.88,-838.47,31.63,17.95,97.50,155.50,123.00,37.00,0.0000,994.61,0,0,0.0000,NOT_RUN,0,19,1653,0,9,450,2,0,0,0,0
384,0,1,0,NEGATIVE_PEAK,-2.7414,1.0000,-2,-37,-47,0.5000,61.88,-838.47,31.63,17.95,98.00,155.50,124.00,39.00,0.0000,994.62,0,0,0.0000,NOT_RUN,0,19,1672,0,9,450,2,0,0,0,0
385,0,1,0,NEGATIVE_PEAK,-2.7975,1.0000,-2,-37,-47,0.5000,61.88,-838.47,31.63,17.95,97.00,154.50,124.00,39.00,0.0000,993.59,0,0,0.0000,NOT_RUN,0,18,1529,0,9,450,2,0,0,0,0
386,0,1,0,NEGATIVE_PEAK,-2.7999,1.0000,-2,-38,-47,0.5000,61.88,-838.47,31.63,17.95,97.50,154.50,125.00,39.00,0.0000,993.61,0,0,0.0000,NOT_RUN,0,18,1892,0,9,450,2,0,0,0,0
387,0,1,0,NEGATIVE_PEAK,-2.8192,1.0000,-2,27,-2,0.5000,61.88,-838.47,31.63,17.95,97.00,154.00,126.00,40.00,0.0000,993.09,0,0,0.0000,NOT_RUN,0,19,1842,0,9,450,2,0,0,0,0
388,0,1,0,NEGATIVE_PEAK,-2.7797,1.0000,-2,41,-2,0.5000,61.88,-838.47,31.63,17.95,97.00,153.50,126.00,37.00,0.0000,992.59,0,0,0.0000,NOT_RUN,0,19,1843,0,9,450,2,0,0,0,0
389,0,1,0,NEGATIVE_PEAK,-2.8406,1.0000,-2,-37,-47,0.5000,61.88,-838.47,31.63,17.95,97.00,152.50,126.00,39.00,0.0000,991.59,0,0,0.0000,NOT_RUN,0,18,1871,0,9,450,2,0,0,0,0
390,0,1,0,NEGATIVE_PEAK,-2.7893,1.0000,-2,27,-2,0.5000,61.88,-838.47,31.63,17.95,98.00,151.00,126.00,38.00,0.0000,990.13,0,0,0.0000,NOT_RUN,0,20,2090,0,9,450,2,0,0,0,0
391,0,1,0,NEGATIVE_PEAK,-2.8350,1.0000,-2,-37,-49,0.5000,61.88,-838.47,31.63,17.95,98.50,153.00,127.00,38.00,0.0000,992.14,0,0,0.0000,NOT_RUN,0,19,2216,0,9,450,2,0,0,0,0
392,0,1,0,NEGATIVE_PEAK,-2.7995,1.0000,-2,-41,-47,0.5000,61.88,-838.47,31.63,17.95,98.50,151.00,127.00,40.00,0.0000,990.15,0,0,0.0000,NOT_RUN,0,17,1842,0,9,450,2,0,0,0,0
393,0,1,0,NEGATIVE_PEAK,-2.6795,1.0000,-2,-41,-49,0.5000,61.88,-838.47,31.63,17.95,98.50,151.50,127.00,39.00,0.0000,990.65,0,0,0.0000,NOT_RUN,0,18,1953,0,9,450,2,0,0,0,0
394,0,1,0,NEGATIVE_PEAK,-2.7780,1.0000,-2,-40,-47,0.5000,61.88,-838.47,31.63,17.95,98.50,151.00,127.00,40.00,0.0000,990.15,0,0,0.0000,NOT_RUN,0,16,1844,0,9,450,2,0,0,0,0
395,0,1,0,NEGATIVE_PEAK,-2.7935,1.0000,-2,33,-2,0.5000,61.88,-838.47,31.63,17.95,99.00,152.00,128.00,40.00,0.0000,991.16,0,0,0.0000,NOT_RUN,0,17,1913,0,9,450,2,0,0,0,0
396,0,1,0,NEGATIVE_PEAK,-2.7830,1.0000,-2,35,-2,0.5000,61.88,-838.47,31.63,17.95,99.50,151.50,127.00,41.00,0.0000,990.68,0,0,0.0000,NOT_RUN,0,20,1808,0,9,450,2,0,0,0,0
397,0,1,0,NEGATIVE_PEAK,-2.8127,1.0000,-2,-21,-2,0.5000,61.88,-838.47,31.63,17.95,98.50,152.00,127.00,42.00,0.0000,991.15,0,0,0.0000,NOT_RUN,0,19,1533,0,9,450,2,0,0,0,0
398,0,1,0,NEGATIVE_PEAK,-2.8148,1.0000,-2,-32,-47,0.5000,61.88,-838.47,31.63,17.95,99.00,152.50,126.00,41.00,0.0000,991.66,0,0,0.0000,NOT_RUN,0,19,2136,0,9,450,2,0,0,0,0
399,0,1,0,NEGATIVE_PEAK,-2.8130,1.0000,-2,-32,-48,0.5000,61.88,-838.47,31.63,17.95,99.00,153.00,126.00,42.00,0.0000,992.16,0,0,0.0000,NOT_RUN,0,18,2081,0,9,450,2,0,0,0,0
400,0,1,0,NEGATIVE_PEAK,-2.7902,1.0000,-2,-33,-51,0.5000,61.88,-838.47,31.63,17.95,98.50,153.00,127.00,40.00,0.0000,992.14,0,0,0.0000,NOT_RUN,0,18,2150,0,9,450,2,0,0,0,0
401,0,1,0,NEGATIVE_PEAK,-2.7869,1.0000,-2,-35,-2,0.5000,61.88,-838.47,31.63,17.95,98.00,152.50,128.00,41.00,0.0000,991.63,0,0,0.0000,NOT_RUN,0,19,1952,0,9,450,2,0,0,0,0
402,0,1,0,NEGATIVE_PEAK,-2.8249,1.0000,-2,-35,-47,0.5000,61.88,-838.47,31.63,17.95,97.50,152.00,127.00,42.00,0.0000,991.11,0,0,0.0000,NOT_RUN,0,18,1924,0,9,450,2,0,0,0,0
403,0,1,0,NEGATIVE_PEAK,-2.8150,1.0000,-2,-36,-49,0.5000,61.88,-838.47,31.63,17.95,97.50,152.00,127.00,42.00,0.0000,991.11,0,0,0.0000,NOT_RUN,0,19,1955,0,9,450,2,0,0,0,0
404,0,1,0,NEGATIVE_PEAK,-2.8220,1.0000,-2,-37,-49,0.5000,61.88,-838.47,31.63,17.95,97.00,152.50,128.00,43.00,0.0000,991.59,0,0,0.0000,NOT_RUN,0,17,1880,0,9,450,2,0,0,0,0
405,0,1,0,NEGATIVE_PEAK,-2.8286,1.0000,-2,-37,-49,0.5000,61.88,-838.47,31.63,17.95,96.50,153.50,127.00,41.00,0.0000,992.57,0,0,0.0000,NOT_RUN,0,19,1964,0,9,450,2,0,0,0,0
406,0,1,0,NEGATIVE_PEAK,-2.8511,1.0000,-2,-37,-49,0.5000,61.88,-838.47,31.63,17.95,96.50,152.00,127.00,42.00,0.0000,991.07,0,0,0.0000,NOT_RUN,0,19,1889,0,9,450,2,0,0,0,0
407,0,1,0,NEGATIVE_PEAK,-2.8300,1.0000,-2,-38,-47,0.5000,61.88,-838.47,31.63,17.95,96.00,152.50,128.00,43.00,0.0000,991.56,0,0,0.0000,NOT_RUN,0,19,2436,0,9,450,2,0,0,0,0
408,0,1,0,NEGATIVE_PEAK,-2.8167,1.0000,-2,-38,-47,0.5000,61.88,-838.47,31.63,17.95,96.50,152.00,127.00,42.00,0.0000,991.07,0,0,0.0000,NOT_RUN,0,19,2232,0,9,450,2,0,0,0,0
409,0,1,0,NEGATIVE_PEAK,-2.7891,1.0000,-2,-39,-2,0.5000,61.88,-838.47,31.63,17.95,96.50,152.00,127.00,42.00,0.0000,991.07,0,0,0.0000,NOT_RUN,0,19,2142,0,9,450,2,0,0,0,0
410,0,1,0,NEGATIVE_PEAK,-2.7332,1.0000,-2,-39,-47,0.5000,61.88,-838.47,31.63,17.95,96.50,153.50,127.00,43.00,0.0000,992.57,0,0,0.0000,NOT_RUN,0,18,1822,0,9,450,2,0,0,0,0
411,0,1,0,LOW_PSR,4.9008,1.0000,2,-44,-40,0.5000,61.88,-838.47,31.63,17.95,96.50,154.00,127.00,42.00,0.0000,993.07,0,0,0.0000,NOT_RUN,0,20,1706,0,9,450,2,0,0,0,0
412,0,1,0,NEGATIVE_PEAK,-2.7476,1.0000,-2,-38,-2,0.5000,61.88,-838.47,31.63,17.95,96.00,154.50,128.00,43.00,0.0000,993.55,0,0,0.0000,NOT_RUN,0,19,1502,0,9,450,2,0,0,0,0
413,0,1,0,NEGATIVE_PEAK,-2.8292,1.0000,-2,-38,-2,0.5000,61.88,-838.47,31.63,17.95,96.50,155.50,127.00,41.00,0.0000,994.57,0,0,0.0000,NOT_RUN,0,20,1499,0,9,450,2,0,0,0,0
414,0,1,0,NEGATIVE_PEAK,-2.8532,2.0000,-2,-37,-47,0.5000,61.88,-838.47,31.63,17.95,95.50,156.00,127.00,44.00,0.0000,995.04,0,0,0.0000,NOT_RUN,0,18,1398,0,9,450,2,0,0,0,0
415,0,1,0,NEGATIVE_PEAK,-2.8286,1.0000,-2,-39,-49,0.5000,61.88,-838.47,31.63,17.95,96.00,156.50,128.00,43.00,0.0000,995.55,0,0,0.0000,NOT_RUN,0,18,1414,0,9,450,2,0,0,0,0
416,0,1,0,NEGATIVE_PEAK,-2.8513,1.0000,-2,-40,-47,0.5000,61.88,-838.47,31.63,17.95,95.00,157.50,128.00,43.00,0.0000,996.52,0,0,0.0000,NOT_RUN,0,19,1210,0,9,450,2,0,0,0,0
417,0,1,0,NEGATIVE_PEAK,-2.8329,1.0000,-2,-41,-2,0.5000,61.88,-838.47,31.63,17.95,94.50,157.00,127.00,44.00,0.0000,996.00,0,0,0.0000,NOT_RUN,0,20,1472,0,9,450,2,0,0,0,0
418,0,1,0,NEGATIVE_PEAK,-2.8493,1.0000,-2,-41,-49,0.5000,61.88,-838.47,31.63,17.95,94.00,157.00,128.00,44.00,0.0000,995.99,0,0,0.0000,NOT_RUN,0,19,1635,0,9,450,2,0,0,0,0
419,0,1,0,NEGATIVE_PEAK,-2.8615,1.0000,-2,-41,-47,0.5000,61.88,-838.47,31.63,17.95,93.50,158.00,127.00,42.00,0.0000,996.97,0,0,0.0000,NOT_RUN,0,19,1575,0,9,450,2,0,0,0,0
420,0,1,0,NEGATIVE_PEAK,-2.8503,1.0000,-2,-45,-2,0.5000,61.88,-838.47,31.63,17.95,93.00,157.50,128.00,43.00,0.0000,996.45,0,0,0.0000,NOT_RUN,0,19,1195,0,9,450,2,0,0,0,0
421,0,1,0,NEGATIVE_PEAK,-2.8499,1.0000,-2,-43,-49,0.5000,61.88,-838.47,31.63,17.95,93.00,157.00,128.00,44.00,0.0000,995.95,0,0,0.0000,NOT_RUN,0,20,1311,0,9,450,2,0,0,0,0
422,0,1,0,NEGATIVE_PEAK,-2.8745,2.0000,-2,-41,-2,0.5000,61.88,-838.47,31.63,17.95,92.50,156.00,127.00,42.00,0.0000,994.94,0,0,0.0000,NOT_RUN,0,19,1083,0,9,450,2,0,0,0,0
423,0,1,0,NEGATIVE_PEAK,-0.8381,1.0000,-1,0,0,1.0000,61.88,-838.47,31.63,17.95,92.50,155.00,127.00,42.00,0.0000,993.94,0,0,0.0000,NOT_RUN,0,19,1026,0,9,450,1,0,0,0,0
424,0,1,0,NEGATIVE_PEAK,-2.8819,2.0000,-2,-44,-2,0.5000,61.88,-838.47,31.63,17.95,92.00,155.00,126.00,42.00,0.0000,993.93,0,0,0.0000,NOT_RUN,0,19,1070,0,9,450,2,0,0,0,0
425,0,1,0,NEGATIVE_PEAK,-2.8285,1.0000,-2,-45,-49,0.5000,61.88,-838.47,31.63,17.95,92.50,154.50,127.00,43.00,0.0000,993.44,0,0,0.0000,NOT_RUN,0,19,1117,0,9,450,2,0,0,0,0
426,0,1,0,NEGATIVE_PEAK,-2.7480,1.0000,-2,16,0,0.5000,61.88,-838.47,31.63,17.95,92.00,153.50,128.00,43.00,0.0000,992.43,0,0,0.0000,NOT_RUN,0,19,1202,0,9,450,2,0,0,0,0
427,0,1,0,NEGATIVE_PEAK,-2.7583,1.0000,-2,16,-2,0.5000,61.88,-838.47,31.63,17.95,92.00,153.00,128.00,42.00,0.0000,991.93,0,0,0.0000,NOT_RUN,0,19,1292,0,9,450,2,0,0,0,0
428,0,1,0,NEGATIVE_PEAK,-2.8593,1.0000,-2,-45,-47,0.5000,61.88,-838.47,31.63,17.95,92.00,153.00,128.00,42.00,0.0000,991.93,0,0,0.0000,NOT_RUN,0,19,1454,0,9,450,2,0,0,0,0
429,0,1,0,NEGATIVE_PEAK,-2.8706,1.0000,-2,-43,-47,0.5000,61.88,-838.47,31.63,17.95,92.50,153.00,127.00,42.00,0.0000,991.94,0,0,0.0000,NOT_RUN,0,18,1429,0,9,450,2,0,0,0,0
430,0,1,0,NEGATIVE_PEAK,-2.8628,1.0000,-2,-43,-47,0.5000,61.88,-838.47,31.63,17.95,93.50,153.00,127.00,42.00,0.0000,991.97,0,0,0.0000,NOT_RUN,0,19,1518,0,9,450,2,0,0,0,0
431,0,1,0,NEGATIVE_PEAK,-2.8567,2.0000,-2,-19,-2,0.5000,61.88,-838.47,31.63,17.95,93.50,151.50,127.00,41.00,0.0000,990.47,0,0,0.0000,NOT_RUN,0,19,1981,0,9,450,2,0,0,0,0
432,0,1,0,NEGATIVE_PEAK,-2.8496,1.0000,-2,-37,-2,0.5000,61.88,-838.47,31.63,17.95,94.00,151.50,126.00,41.00,0.0000,990.49,0,0,0.0000,NOT_RUN,0,19,1913,0,9,450,2,0,0,0,0
433,0,1,0,NEGATIVE_PEAK,-2.8508,2.0000,-2,-11,-2,0.5000,61.88,-838.47,31.63,17.95,94.50,152.50,127.00,41.00,0.0000,991.51,0,0,0.0000,NOT_RUN,0,19,1921,0,9,450,2,0,0,0,0
434,0,1,0,NEGATIVE_PEAK,-2.8746,1.0000,-2,-41,-2,0.5000,61.88,-838.47,31.63,17.95,94.50,152.50,127.00,43.00,0.0000,991.51,0,0,0.0000,NOT_RUN,0,19,1598,0,9,450,2,0,0,0,0
435,0,1,0,NEGATIVE_PEAK,-2.8539,1.0000,-2,-41,-2,0.5000,61.88,-838.47,31.63,17.95,93.50,153.00,129.00,42.00,0.0000,991.97,0,0,0.0000,NOT_RUN,0,19,1826,0,9,450,2,0,0,0,0
436,0,1,0,NEGATIVE_PEAK,-2.8017,1.0000,-2,-41,-49,0.5000,61.88,-838.47,31.63,17.95,93.50,153.00,129.00,42.00,0.0000,991.97,0,0,0.0000,NOT_RUN,0,19,1696,0,9,450,2,0,0,0,0
437,0,1,0,NEGATIVE_PEAK,-2.7780,1.0000,-2,-43,-47,0.5000,61.88,-838.47,31.63,17.95,92.50,154.00,129.00,40.00,0.0000,992.94,0,0,0.0000,NOT_RUN,0,18,1108,0,9,450,2,0,0,0,0
438,0,1,0,NEGATIVE_PEAK,-2.8031,1.0000,-2,-44,-47,0.5000,61.88,-838.47,31.63,17.95,92.50,153.00,127.00,40.00,0.0000,991.94,0,0,0.0000,NOT_RUN,0,19,908,0,9,450,2,0,0,0,0
439,0,1,0,NEGATIVE_PEAK,-2.8182,1.0000,-2,-44,-47,0.5000,61.88,-838.47,31.63,17.95,93.00,154.50,128.00,41.00,0.0000,993.46,0,0,0.0000,NOT_RUN,0,19,779,0,9,450,2,0,0,0,0
440,0,1,0,NEGATIVE_PEAK,-2.8825,1.0000,-2,16,-2,0.5000,61.88,-838.47,31.63,17.95,91.50,155.00,127.00,42.00,0.0000,993.91,0,0,0.0000,NOT_RUN,0,19,1079,0,9,450,2,0,0,0,0
441,0,1,0,NEGATIVE_PEAK,-0.8525,1.0000,-1,0,0,1.0000,61.88,-838.47,31.63,17.95,90.50,155.50,127.00,41.00,0.0000,994.38,0,0,0.0000,NOT_RUN,0,19,1105,0,9,450,1,0,0,0,0
442,0,1,0,NEGATIVE_PEAK,-0.8312,1.0000,-1,0,0,1.0000,61.88,-838.47,31.63,17.95,90.50,156.00,127.00,42.00,0.0000,994.88,0,0,0.0000,NOT_RUN,0,19,923,0,9,450,1,0,0,0,0
443,0,1,0,NEGATIVE_PEAK,-2.8640,2.0000,-2,-45,-2,0.5000,61.88,-838.47,31.63,17.95,90.00,157.00,126.00,42.00,0.0000,995.87,0,0,0.0000,NOT_RUN,0,19,988,0,9,450,2,0,0,0,0
444,0,1,0,NEGATIVE_PEAK,-2.8604,1.0000,-2,-33,-2,0.5000,61.88,-838.47,31.63,17.95,89.50,158.00,127.00,42.00,0.0000,996.85,0,0,0.0000,NOT_RUN,0,19,1538,0,9,450,2,0,0,0,0
445,0,1,0,NEGATIVE_PEAK,-2.8861,1.0000,-2,-42,-2,0.5000,61.88,-838.47,31.63,17.95,89.50,159.50,127.00,43.00,0.0000,998.35,0,0,0.0000,NOT_RUN,0,19,1232,0,9,450,2,0,0,0,0
446,0,1,0,NEGATIVE_PEAK,-0.8522,1.0000,-1,0,0,1.0000,61.88,-838.47,31.63,17.95,88.50,159.00,127.00,44.00,0.0000,997.82,0,0,0.0000,NOT_RUN,0,19,1407,0,9,450,1,0,0,0,0
447,0,1,0,NEGATIVE_PEAK,-2.8582,1.0000,-2,-44,-2,0.5000,61.88,-838.47,31.63,17.95,88.50,160.00,127.00,42.00,0.0000,998.82,0,0,0.0000,NOT_RUN,0,19,1002,0,9,450,2,0,0,0,0
448,0,1,0,NEGATIVE_PEAK,-0.8474,1.0000,-1,0,0,1.0000,61.88,-838.47,31.63,17.95,88.50,160.50,127.00,43.00,0.0000,999.32,0,0,0.0000,NOT_RUN,0,19,1097,0,9,450,1,0,0,0,0
449,0,1,0,NEGATIVE_PEAK,-2.8744,1.0000,-2,-39,-47,0.5000,61.88,-838.47,31.63,17.95,89.50,160.50,127.00,43.00,0.0000,999.35,0,0,0.0000,NOT_RUN,0,19,889,0,9,450,2,0,0,0,0
450,0,1,0,NEGATIVE_PEAK,-2.8799,1.0000,-2,-41,-2,0.5000,61.88,-838.47,31.63,17.95,90.50,160.50,127.00,43.00,0.0000,999.38,0,0,0.0000,NOT_RUN,0,19,967,0,9,450,2,0,0,0,0
0,0,0,0,ZERO_RESPONSE,0.0000,0.0000,0,0,0,0.0000,97.00,151.00,68.00,48.00,97.00,151.00,68.00,48.00,1.0000,0.00,1,0,0.0000,NOT_RUN,0,0,1367,30944,10,500,0,0,0,0,0
1,0,1,1,ACCEPT,33.9681,2.5679,624,-1,0,0.9920,95.94,151.00,68.00,48.00,99.00,151.00,66.00,50.00,0.8781,3.06,1,0,3.1403,ACCEPT,0,1286,1391,32767,10,500,624,0,0,0,0
2,0,1,1,ACCEPT,27.3673,2.5817,648,0,1,0.9985,95.94,151.75,68.00,48.00,98.50,151.00,65.00,52.00,0.8585,2.67,1,0,3.2144,ACCEPT,0,1322,1092,32767,10,500,648,0,0,0,0
3,0,1,1,ACCEPT,26.7531,2.4532,682,0,-1,0.9736,95.94,151.00,68.00,48.00,98.00,151.50,64.00,51.00,0.8873,2.12,1,0,3.3023,ACCEPT,0,1402,1162,32767,10,500,682,0,0,0,0
4,0,1,1,ACCEPT,26.4238,2.4243,737,-1,0,0.9919,94.88,151.00,68.00,48.00,98.50,152.00,63.00,48.00,0.8604,3.76,1,0,2.8712,ACCEPT,0,1574,1161,32767,10,500,737,0,0,0,0
5,0,1,1,ACCEPT,24.3324,2.2801,757,0,0,1.0000,94.88,151.00,68.00,48.00,99.50,153.00,61.00,46.00,0.7982,5.04,1,0,2.8627,ACCEPT,0,1817,1148,32767,10,500,757,0,0,0,0
6,0,1,1,ACCEPT,23.8896,2.2099,800,0,0,1.0000,94.88,151.00,68.00,48.00,99.50,154.50,61.00,43.00,0.7457,5.80,1,0,2.9988,ACCEPT,0,1923,1198,32768,10,500,800,0,0,0,0
7,0,1,1,ACCEPT,22.9757,2.1194,852,-1,0,0.9918,93.81,151.00,68.00,48.00,99.00,156.00,62.00,40.00,0.6838,7.20,1,0,2.7870,ACCEPT,0,2088,1274,29987,10,500,852,0,0,0,0
8,0,1,1,ACCEPT,22.9062,2.0898,838,0,1,0.9940,93.81,151.75,68.00,48.00,98.00,157.50,60.00,39.00,0.6748,7.11,1,0,3.0322,ACCEPT,0,2099,1301,28604,10,500,838,0,0,0,0
9,0,1,1,ACCEPT,23.5395,2.0428,811,0,-1,0.9877,93.81,151.00,65.38,46.15,97.00,157.50,62.00,37.00,0.6654,7.24,1,-1,3.0817,ACCEPT,0,1957,1298,28644,10,500,811,0,0,0,0
10,0,1,1,ACCEPT,23.8860,1.9631,799,-1,1,0.9249,92.79,151.72,65.38,46.15,96.00,157.50,60.00,37.00,0.6849,6.61,1,0,3.1001,ACCEPT,0,2028,1310,29258,10,500,799,0,0,0,0
11,0,1,1,ACCEPT,24.6252,2.0777,802,-1,0,0.9613,91.77,151.72,65.38,46.15,96.00,157.50,60.00,37.00,0.6653,7.17,1,0,3.0630,ACCEPT,0,2118,1276,31427,10,500,802,0,0,0,0
12,0,1,1,ACCEPT,25.5791,2.3087,845,-1,0,0.9929,90.74,151.72,65.38,46.15,95.50,157.50,59.00,39.00,0.6593,7.49,1,0,2.6761,ACCEPT,0,2264,1287,31434,10,500,845,0,0,0,0
13,0,1,1,ACCEPT,25.5461,2.1546,836,0,0,1.0000,90.74,151.72,65.38,46.15,95.00,156.00,58.00,44.00,0.7262,6.04,1,0,2.9838,ACCEPT,0,2379,1264,31708,10,500,836,0,0,0,0
14,0,1,1,ACCEPT,25.4868,2.5581,880,-1,0,0.9648,89.72,151.72,65.38,46.15,94.00,155.00,58.00,46.00,0.7609,5.39,1,0,2.9037,ACCEPT,0,2539,1331,32767,10,500,880,0,0,0,0
15,0,1,1,ACCEPT,25.9502,2.3224,922,0,0,1.0000,89.72,151.72,65.38,46.15,94.50,155.50,59.00,47.00,0.7370,6.10,1,0,3.0388,ACCEPT,0,2451,1225,31964,10,500,922,0,0,0,0
16,0,1,1,ACCEPT,26.6047,2.1990,906,-1,0,0.9581,88.70,151.72,65.38,46.15,92.50,157.00,61.00,50.00,0.7208,6.51,1,0,2.9496,ACCEPT,0,2304,1210,30654,10,500,906,0,0,0,0
17,0,1,1,ACCEPT,25.3139,2.2158,842,-1,0,0.9976,87.67,151.72,65.38,46.15,92.00,160.00,58.00,48.00,0.6223,9.34,1,0,2.8036,ACCEPT,0,2022,1134,26393,10,500,842,0,0,0,0
18,0,1,1,ACCEPT,24.7957,2.2706,772,0,0,1.0000,87.67,151.72,65.38,46.15,91.00,163.50,60.00,45.00,0.5406,12.24,1,0,2.8877,ACCEPT,0,1912,1214,26496,10,500,772,0,0,0,0
19,0,1,1,ACCEPT,22.5958,2.1760,742,-1,0,0.9987,86.65,151.72,65.38,46.15,90.00,164.50,58.00,47.00,0.5181,13.21,1,0,2.7520,ACCEPT,0,1987,1285,24975,10,500,742,0,0,0,0
20,0,1,1,ACCEPT,20.5124,2.3138,671,0,0,1.0000,86.65,151.72,65.38,46.15,90.50,168.00,57.00,44.00,0.4226,16.73,1,0,2.9450,ACCEPT,0,1996,1371,29244,10,500,671,0,0,0,0
21,0,1,1,ACCEPT,21.8573,2.2548,823,-1,-1,0.9854,85.62,151.00,62.87,44.38,91.00,170.00,58.00,44.00,0.3507,19.75,1,-1,2.7911,ACCEPT,0,2153,1352,30481,10,500,823,0,0,0,0
22,0,1,1,ACCEPT,23.1030,2.5014,913,0,-1,0.9869,85.62,150.30,62.87,44.38,89.50,169.00,57.00,48.00,0.3868,19.09,1,0,3.0088,ACCEPT,0,2277,1285,31621,10,500,913,0,0,0,0
23,0,1,1,ACCEPT,24.7317,2.2273,1078,0,0,1.0000,85.62,150.30,62.87,44.38,90.00,170.00,58.00,48.00,0.3632,20.18,1,0,3.0772,ACCEPT,0,2676,1342,31265,10,500,1078,0,0,0,0
24,0,1,1,ACCEPT,26.0697,2.1719,1251,-1,0,0.9984,84.64,150.30,62.87,44.38,90.00,169.00,58.00,48.00,0.3730,19.45,1,0,3.0183,ACCEPT,0,3108,1365,30106,10,500,1251,0,0,0,0
25,0,1,1,ACCEPT,27.0699,2.5535,1361,0,0,1.0000,84.64,150.30,62.87,44.38,89.00,167.50,56.00,49.00,0.4155,17.74,1,0,3.1168,ACCEPT,0,3295,1408,30835,10,500,1361,0,0,0,0
26,0,1,1,ACCEPT,27.3886,2.4585,1421,0,-1,0.9916,84.64,149.61,62.87,44.38,88.50,167.00,55.00,52.00,0.4282,17.81,1,0,2.9530,ACCEPT,0,3271,1426,31132,10,500,1421,0,0,0,0
27,0,1,1,ACCEPT,27.2607,2.1594,1436,-1,-1,0.9708,83.66,148.91,60.45,42.67,89.00,166.00,56.00,50.00,0.4036,17.90,1,-1,3.0512,ACCEPT,0,3186,1395,31281,10,500,1436,0,0,0,0
28,0,1,1,ACCEPT,25.4967,2.0227,1424,-1,0,0.9965,82.71,148.91,60.45,42.67,88.50,165.50,53.00,49.00,0.4041,17.57,1,0,2.9941,ACCEPT,0,3456,1408,31501,10,500,1424,0,0,0,0
29,0,1,1,ACCEPT,25.3335,2.4791,1542,0,0,1.0000,82.71,148.91,60.45,42.67,88.50,166.00,53.00,48.00,0.3905,18.04,1,0,3.0385,ACCEPT,0,3992,1394,31075,10,500,1542,0,0,0,0
30,0,1,1,ACCEPT,25.4514,2.6051,1623,0,0,1.0000,82.71,148.91,60.45,42.67,88.50,166.00,55.00,46.00,0.3831,18.04,1,0,3.0568,ACCEPT,0,4333,1419,30826,10,500,1623,0,0,0,0
31,0,1,1,ACCEPT,26.7127,2.5865,1720,0,-1,0.9965,82.71,148.25,60.45,42.67,89.00,164.00,52.00,40.00,0.3778,16.96,1,0,3.0016,ACCEPT,0,4284,1464,29332,10,500,1720,0,0,0,0
32,0,1,1,ACCEPT,28.9467,2.3801,1747,0,1,0.9857,82.71,148.91,60.45,42.67,89.00,166.00,50.00,36.00,0.3309,18.21,1,0,3.0202,ACCEPT,0,4129,1477,29328,10,500,1747,0,0,0,0
33,0,1,1,ACCEPT,30.3542,2.4427,1749,0,-1,0.9720,82.71,148.25,58.13,41.03,90.00,165.50,50.00,33.00,0.2972,18.73,1,-1,2.9413,ACCEPT,0,3529,1452,27725,10,500,1749,0,0,0,0
34,0,1,1,ACCEPT,28.3473,2.4290,1676,1,1,0.9463,83.62,148.89,60.45,42.67,90.50,165.50,49.00,27.00,0.2877,17.98,1,1,2.9950,ACCEPT,0,3524,1474,25147,10,500,1676,0,0,0,0
35,0,1,1,ACCEPT,28.1119,2.5161,1560,0,-2,0.9359,83.62,147.56,58.13,41.03,91.50,165.00,47.00,22.00,0.2255,19.14,1,-1,3.0410,ACCEPT,0,3311,1400,21155,10,500,1560,0,0,0,0
36,0,1,1,ACCEPT,27.7326,2.3953,1442,0,0,1.0000,83.62,147.56,58.13,41.03,92.50,164.00,45.00,20.00,0.2239,18.68,1,0,3.1368,ACCEPT,0,3073,1394,20047,10,500,1442,0,0,0,0
37,0,1,1,ACCEPT,27.3399,2.4403,1369,0,0,1.0000,83.62,147.56,58.13,41.03,93.50,162.50,45.00,17.00,0.2289,17.91,1,0,3.0963,ACCEPT,0,3066,1363,18357,10,500,1369,0,0,0,0
38,0,1,1,ACCEPT,27.1698,2.4137,1272,0,-1,0.9803,83.62,146.92,58.13,41.03,93.50,162.50,43.00,17.00,0.2128,18.45,1,0,3.1171,ACCEPT,0,2821,1315,18298,10,500,1272,0,0,0,0
39,0,1,1,ACCEPT,27.7596,2.2870,1235,0,1,0.9960,83.62,147.56,58.13,41.03,94.50,162.50,41.00,17.00,0.2146,18.48,1,0,2.9946,ACCEPT,0,2772,1365,18221,10,500,1235,0,0,0,0
40,0,1,1,ACCEPT,27.6535,2.3045,1226,1,-1,0.9674,84.52,146.92,58.13,41.03,95.00,163.50,40.00,17.00,0.1856,19.61,1,0,2.9668,ACCEPT,0,2772,1375,17970,10,500,1226,0,0,0,0
41,0,1,1,ACCEPT,27.9008,2.2281,1221,-1,0,0.9967,83.62,146.92,58.13,41.03,95.50,163.00,39.00,18.00,0.1900,19.99,1,0,3.0884,ACCEPT,0,2741,1455,17105,10,500,1221,0,0,0,0
42,0,1,1,ACCEPT,28.2696,2.3287,1169,0,0,1.0000,83.62,146.92,58.13,41.03,96.00,163.00,38.00,18.00,0.1851,20.29,1,0,3.0601,ACCEPT,0,2577,1366,16412,10,500,1169,0,0,0,0
43,0,1,1,ACCEPT,27.7700,2.2351,1084,0,-1,0.9982,83.62,146.28,58.13,41.03,96.00,162.00,38.00,20.00,0.2017,20.01,1,0,3.1580,ACCEPT,0,2406,1356,16697,10,500,1084,0,0,0,0
44,0,1,1,ACCEPT,28.4204,2.5112,1125,0,1,0.9876,83.62,146.92,60.45,42.67,95.50,163.50,39.00,21.00,0.2047,20.40,1,1,3.0009,ACCEPT,0,2509,1404,17273,10,500,1125,0,0,0,0
45,0,1,1,ACCEPT,29.1345,2.3374,1136,-1,-1,0.9481,82.67,146.26,60.45,42.67,96.00,163.00,38.00,22.00,0.1960,21.40,1,0,2.9405,ACCEPT,0,2426,1366,17128,10,500,1136,0,0,0,0
46,0,1,1,ACCEPT,29.5273,2.4886,1095,0,0,1.0000,82.67,146.26,60.45,42.67,95.50,162.50,37.00,23.00,0.2101,20.70,1,0,3.0885,ACCEPT,0,2296,1345,17480,10,500,1095,0,0,0,0
47,0,1,1,ACCEPT,29.5571,2.7775,1086,0,-1,0.9705,82.67,145.59,60.45,42.67,95.00,162.50,38.00,23.00,0.2051,20.92,1,0,3.1735,ACCEPT,0,2303,1374,16939,10,500,1086,0,0,0,0
48,0,1,1,ACCEPT,29.4439,2.3873,1017,0,-1,0.9440,82.67,144.93,60.45,42.67,95.00,162.00,38.00,22.00,0.1975,21.06,1,0,3.1626,ACCEPT,0,2154,1408,17758,10,500,1017,0,0,0,0
49,0,1,1,ACCEPT,30.0698,2.3538,1071,-1,-1,0.9832,81.73,144.27,58.13,41.03,94.00,162.50,38.00,21.00,0.1678,21.98,1,-1,3.0534,ACCEPT,0,2243,1399,17594,10,500,1071,0,0,0,0
50,0,1,1,ACCEPT,28.0735,2.3971,978,0,0,1.0000,81.73,144.27,60.45,42.67,93.50,162.50,37.00,21.00,0.1761,21.70,1,1,3.0243,ACCEPT,0,2263,1325,18693,10,500,978,0,0,0,0
51,0,1,1,ACCEPT,30.4178,2.7135,1004,-1,-1,0.9373,80.78,143.60,60.45,42.67,93.00,163.00,38.00,22.00,0.1630,22.93,1,0,3.1770,ACCEPT,0,2127,1390,18079,10,500,1004,0,0,0,0
52,0,1,1,ACCEPT,28.7753,2.2557,997,-1,-3,0.8104,79.84,141.61,60.45,42.67,93.00,162.00,38.00,20.00,0.1340,24.27,1,0,3.0953,ACCEPT,0,2307,1386,18677,10,500,997,0,0,0,0
53,0,1,1,ACCEPT,27.9703,2.3002,973,0,-2,0.9096,79.84,140.28,60.45,42.67,92.00,161.50,38.00,21.00,0.1319,24.46,1,0,3.1503,ACCEPT,0,2294,1332,20024,10,500,973,0,0,0,0
54,0,1,1,ACCEPT,28.0628,2.5396,993,-1,0,0.9879,78.89,140.28,60.45,42.67,92.00,160.50,36.00,23.00,0.1495,24.10,1,0,3.0220,ACCEPT,0,2297,1445,21068,10,500,993,0,0,0,0
55,0,1,1,ACCEPT,25.7514,2.3365,979,0,-3,0.7763,78.89,138.29,60.45,42.67,91.50,160.00,37.00,26.00,0.1478,25.11,1,0,3.1465,ACCEPT,0,2437,1416,20065,10,500,979,0,0,0,0
56,0,1,1,ACCEPT,25.3248,2.3223,980,0,-3,0.7837,78.89,136.30,60.45,42.67,91.00,159.00,38.00,28.00,0.1477,25.73,1,0,3.1764,ACCEPT,0,2445,1455,18846,10,500,980,0,0,0,0
57,0,1,1,ACCEPT,26.4127,2.3985,957,0,-1,0.9530,78.89,135.63,60.45,42.67,93.00,158.50,36.00,29.00,0.1391,26.87,1,0,3.1280,ACCEPT,0,2359,1556,18697,10,500,957,0,0,0,0
58,0,1,1,ACCEPT,24.7265,2.2500,936,1,-4,0.6325,79.84,132.98,60.45,42.67,93.50,158.50,35.00,29.00,0.1083,28.95,1,0,3.1722,ACCEPT,0,2449,1451,18373,10,500,936,0,0,0,0
59,0,1,1,ACCEPT,25.0170,2.3581,922,1,-2,0.8460,80.78,131.65,60.45,42.67,94.50,157.50,35.00,33.00,0.1225,29.27,1,0,3.1960,ACCEPT,0,2450,1560,18313,10,500,922,0,0,0,0
60,0,1,1,ACCEPT,25.5924,2.3959,932,0,-2,0.8659,80.78,130.32,60.45,42.67,95.00,158.00,36.00,34.00,0.1053,31.12,1,0,3.1909,ACCEPT,0,2465,1573,19197,10,500,932,0,0,0,0
61,0,1,1,ACCEPT,25.2826,2.2995,929,1,-2,0.8654,81.73,128.99,60.45,42.67,96.00,158.00,32.00,36.00,0.0970,32.33,1,0,3.2174,ACCEPT,0,2469,1580,18013,10,500,929,0,0,0,0
62,0,1,1,ACCEPT,24.4396,2.5706,856,1,-2,0.8388,82.67,127.66,60.45,42.67,98.00,158.50,34.00,41.00,0.0969,34.44,1,0,3.2210,ACCEPT,0,2349,1599,18940,10,500,856,0,0,0,0
63,0,1,1,ACCEPT,25.8700,2.1707,890,0,-2,0.9382,82.67,126.34,60.45,42.67,99.00,159.00,34.00,44.00,0.0880,36.52,1,0,3.1029,ACCEPT,0,2323,1641,17775,10,500,890,0,0,0,0
64,0,1,1,ACCEPT,27.0834,2.5361,842,0,1,0.9988,82.67,127.00,60.45,42.67,99.50,161.50,33.00,47.00,0.0809,38.39,1,0,3.0874,ACCEPT,0,2039,1647,18228,10,500,842,0,0,0,0
65,0,1,1,ACCEPT,27.0248,2.2659,818,0,-2,0.9267,82.67,125.67,60.45,42.67,97.00,160.50,32.00,47.00,0.0848,37.66,1,0,3.0317,ACCEPT,0,1894,1548,17078,10,500,818,0,0,0,0
66,0,1,1,ACCEPT,29.9507,2.3988,830,1,-1,0.9867,83.62,125.01,60.45,42.67,92.50,159.00,27.00,46.00,0.0788,35.13,1,0,3.0726,ACCEPT,0,1769,1541,17566,10,500,830,0,0,0,0
67,0,1,1,ACCEPT,26.6482,2.6200,786,0,1,0.9924,83.62,125.67,60.45,42.67,87.50,157.00,23.00,38.00,0.0638,31.57,1,0,3.2295,ACCEPT,0,1603,1717,16373,10,500,786,0,0,0,0
68,0,1,1,ACCEPT,28.0038,2.5253,798,0,-2,0.9148,83.62,124.34,60.45,42.67,82.00,157.50,38.00,35.00,0.0584,33.20,1,0,3.1480,ACCEPT,0,1746,1769,16116,10,500,798,0,0,0,0
69,0,1,1,ACCEPT,30.1684,2.6390,826,0,1,0.9504,83.62,125.01,60.45,42.67,80.00,158.00,42.00,32.00,0.0488,33.19,1,0,3.2505,ACCEPT,0,1764,1822,15992,10,500,826,0,0,0,0
70,0,1,1,ACCEPT,30.6823,2.6818,826,0,0,1.0000,83.62,125.01,60.45,42.67,77.00,161.00,50.00,24.00,0.0000,36.60,1,0,3.2161,ACCEPT,0,1740,1854,14419,10,500,826,0,0,0,0
71,0,1,1,ACCEPT,31.1150,2.7482,775,0,-1,0.9677,83.62,124.34,60.45,42.67,73.50,163.00,55.00,22.00,0.0000,39.96,1,0,3.2405,ACCEPT,0,1608,1820,14500,10,500,775,0,0,0,0
72,0,1,1,ACCEPT,32.2450,2.7657,791,0,0,1.0000,83.62,124.34,60.45,42.67,71.50,166.00,59.00,18.00,0.0000,43.38,1,0,3.2334,ACCEPT,0,1617,1783,14647,10,500,791,0,0,0,0
73,0,1,1,ACCEPT,33.1513,2.5048,789,0,-1,0.9911,83.62,123.68,60.45,42.67,71.50,170.00,57.00,24.00,0.0000,47.88,1,0,3.2467,ACCEPT,0,1585,1818,13634,10,500,789,0,0,0,0
74,0,1,1,ACCEPT,33.5197,2.6713,772,0,-2,0.9028,83.62,122.35,60.45,42.67,73.00,175.50,48.00,31.00,0.0000,54.20,1,0,3.1778,ACCEPT,0,1541,1705,14129,10,500,772,0,0,0,0
75,0,1,1,ACCEPT,34.2797,2.5443,804,0,0,1.0000,83.62,122.35,60.45,42.67,74.00,175.50,42.00,31.00,0.0000,54.01,1,0,3.2194,ACCEPT,0,1580,1692,13690,10,500,804,0,0,0,0
76,0,1,1,ACCEPT,35.3133,3.0074,812,0,-1,0.9581,83.62,121.69,60.45,42.67,79.00,178.00,26.00,36.00,0.0000,56.50,1,0,3.1628,ACCEPT,0,1564,1742,13410,10,500,812,0,0,0,0
77,0,1,1,ACCEPT,34.2956,2.8191,795,0,-3,0.7019,83.62,119.70,60.45,42.67,83.00,180.50,22.00,43.00,0.0000,60.81,1,0,3.0828,ACCEPT,0,1552,1713,13672,10,500,795,0,0,0,0
78,0,1,1,ACCEPT,36.1543,2.6678,795,1,-2,0.9031,84.56,118.37,60.45,42.67,85.50,180.00,27.00,42.00,0.0000,61.64,1,0,3.1635,ACCEPT,0,1504,1635,13668,10,500,795,0,0,0,0
79,0,1,1,ACCEPT,35.6339,2.5492,752,0,-2,0.9348,84.56,117.04,60.45,42.67,90.50,178.00,35.00,40.00,0.0000,61.25,1,0,3.1458,ACCEPT,0,1448,1622,14046,10,500,752,0,0,0,0
80,0,1,1,ACCEPT,36.1416,2.8969,759,1,-3,0.7484,85.51,115.05,60.45,42.67,92.50,177.00,49.00,34.00,0.0000,62.35,1,0,3.2600,ACCEPT,0,1431,1601,14533,10,500,759,0,0,0,0
81,0,1,1,ACCEPT,36.6424,2.9237,766,0,-2,0.8943,85.51,113.72,60.45,42.67,94.50,177.00,53.00,30.00,0.0000,63.92,1,0,3.2485,ACCEPT,0,1444,1495,15078,10,500,766,0,0,0,0
82,0,1,1,ACCEPT,36.4015,2.5548,746,0,-4,0.6796,85.51,111.06,60.45,42.67,98.00,175.50,54.00,27.00,0.0000,65.64,1,0,3.0898,ACCEPT,0,1415,1506,16316,10,500,746,0,0,0,0
83,0,1,1,ACCEPT,37.7246,3.0489,811,0,-2,0.8607,85.51,109.73,60.45,42.67,97.50,174.00,59.00,26.00,0.0000,65.37,1,0,3.1311,ACCEPT,0,1485,1513,16821,10,500,811,0,0,0,0
84,0,1,1,ACCEPT,38.0786,2.8636,819,0,-2,0.8400,85.51,108.41,60.45,42.67,97.50,177.50,59.00,31.00,0.0000,70.13,1,0,3.1388,ACCEPT,0,1513,1527,16117,10,500,819,0,0,0,0
85,0,1,1,ACCEPT,39.0461,2.9729,767,0,-3,0.7640,85.51,106.41,60.45,42.67,94.50,179.50,63.00,31.00,0.0000,73.64,1,0,3.1975,ACCEPT,0,1395,1538,16569,10,500,767,0,0,0,0
86,0,1,1,ACCEPT,38.7248,2.9310,765,-1,-3,0.7059,84.56,104.42,60.45,42.67,87.50,184.00,65.00,30.00,0.0000,79.63,1,0,2.9633,ACCEPT,0,1391,1648,15454,10,500,765,0,0,0,0
87,0,1,1,ACCEPT,39.7573,2.9480,737,0,-2,0.8385,84.56,103.09,60.45,42.67,85.00,184.00,60.00,28.00,0.0000,80.91,1,0,3.0941,ACCEPT,0,1308,1468,16223,10,500,737,0,0,0,0
88,0,1,1,ACCEPT,38.1040,2.7891,714,-1,-5,0.4944,83.62,99.77,60.45,42.67,82.50,177.50,49.00,23.00,0.0000,77.73,1,0,3.0882,ACCEPT,0,1320,1595,15084,10,500,714,0,0,0,0
89,0,1,1,ACCEPT,39.6812,2.9698,689,0,-4,0.5704,83.62,97.12,60.45,42.67,78.00,178.50,38.00,33.00,0.0000,81.58,1,0,3.2458,ACCEPT,0,1249,1614,15504,10,500,689,0,0,0,0
90,0,1,1,ACCEPT,39.9296,2.7421,691,-1,-2,0.9045,82.67,95.79,60.45,42.67,73.50,179.00,33.00,30.00,0.0000,83.71,1,0,3.2154,ACCEPT,0,1230,1528,16741,10,500,691,0,0,0,0
91,0,1,1,ACCEPT,40.7422,2.8765,699,0,-3,0.7124,82.67,93.80,60.45,42.67,65.00,176.00,14.00,28.00,0.0000,84.08,1,0,3.2377,ACCEPT,0,1226,1495,16069,10,500,699,0,0,0,0
92,0,1,1,ACCEPT,41.7533,3.0759,689,-1,-3,0.7431,81.73,91.80,60.45,42.67,60.50,174.00,23.00,30.00,0.0000,84.89,1,0,3.2381,ACCEPT,0,1189,1578,15079,10,500,689,0,0,0,0
93,0,1,1,ACCEPT,42.9187,3.1512,646,0,-1,0.9721,81.73,91.14,60.45,42.67,61.00,172.00,22.00,32.00,0.0000,83.47,1,0,3.2426,ACCEPT,0,1102,1484,15631,10,500,646,0,0,0,0
94,0,1,1,ACCEPT,42.4455,2.9718,633,0,-1,0.9415,81.73,90.48,60.45,42.67,53.50,176.50,41.00,25.00,0.0000,90.54,1,0,3.2272,ACCEPT,0,1083,1468,15179,10,500,633,0,0,0,0
95,0,1,1,ACCEPT,41.9607,2.8113,596,-1,-2,0.9178,80.78,89.15,60.45,42.67,48.50,182.50,51.00,21.00,0.0000,98.78,1,0,3.1825,ACCEPT,0,1020,1580,15092,10,500,596,0,0,0,0
96,0,1,1,ACCEPT,43.0892,3.1436,591,0,-1,0.9763,80.78,88.48,60.45,42.67,48.00,183.50,56.00,19.00,0.0000,100.51,1,0,3.2692,ACCEPT,0,1023,1594,15188,10,500,591,0,0,0,0
97,0,1,1,ACCEPT,42.4179,2.7943,584,-1,-1,0.9846,79.84,87.82,60.45,42.67,46.00,184.00,60.00,16.00,0.0000,101.96,1,0,3.2020,ACCEPT,0,1012,1598,16399,10,500,584,0,0,0,0
98,0,1,1,ACCEPT,43.4958,3.0000,582,0,-2,0.9038,79.84,86.49,60.45,42.67,45.00,185.50,60.00,23.00,0.0000,104.96,1,0,3.2211,ACCEPT,0,980,1555,16453,10,500,582,0,0,0,0
99,0,1,1,ACCEPT,43.2604,3.0430,566,-1,1,0.9470,78.89,87.16,60.45,42.67,45.00,186.50,60.00,25.00,0.0000,104.97,1,0,3.2325,ACCEPT,0,1024,1613,15860,10,500,566,0,0,0,0
100,0,1,1,ACCEPT,44.3488,3.2619,548,-1,-1,0.9453,77.95,86.49,60.45,42.67,45.50,191.00,57.00,34.00,0.0000,109.43,1,0,3.2894,ACCEPT,0,984,1610,16330,10,500,548,0,0,0,0
101,0,1,1,ACCEPT,44.0254,3.0169,534,-1,0,0.9569,77.00,86.49,60.45,42.67,45.50,193.50,47.00,43.00,0.0000,111.55,1,0,3.2410,ACCEPT,0,957,1546,16563,10,500,534,0,0,0,0
102,0,1,1,ACCEPT,44.7116,3.2278,510,-1,0,0.9784,76.05,86.49,60.45,42.67,46.00,195.50,42.00,49.00,0.0000,113.08,1,0,3.2564,ACCEPT,0,874,1579,16326,10,500,510,0,0,0,0
103,0,1,1,ACCEPT,44.4265,3.1645,481,-1,-1,0.9085,75.11,85.83,60.45,42.67,49.50,197.50,29.00,55.00,0.0000,114.57,1,0,3.1770,ACCEPT,0,800,1547,17222,10,500,481,0,0,0,0
104,0,1,1,ACCEPT,43.3960,3.0886,488,-1,-2,0.8299,74.16,84.50,60.45,42.67,53.00,199.50,16.00,53.00,0.0000,116.93,1,0,3.1674,ACCEPT,0,811,1507,18002,10,500,488,0,0,0,0
105,0,1,1,ACCEPT,43.6227,3.3356,497,-1,-1,0.9316,73.22,83.84,60.45,42.67,53.50,201.50,17.00,57.00,0.0000,119.30,1,0,3.1757,ACCEPT,0,905,1524,16640,10,500,497,0,0,0,0
106,0,1,1,ACCEPT,43.3888,2.6923,455,-1,-2,0.8967,72.27,82.51,60.45,42.67,61.50,202.00,29.00,56.00,0.0000,119.98,1,0,3.1412,ACCEPT,0,790,1495,17626,10,500,455,0,0,0,0
107,0,1,1,ACCEPT,43.3800,2.9286,451,-2,-2,0.7982,70.38,81.18,60.45,42.67,65.00,202.00,42.00,52.00,0.0000,120.94,1,0,3.2229,ACCEPT,0,737,1507,16969,10,500,451,0,0,0,0
108,0,1,1,ACCEPT,43.1447,2.7792,428,-1,1,0.9790,69.44,81.84,60.45,42.67,65.00,201.00,50.00,46.00,0.0000,119.24,1,0,3.2530,ACCEPT,0,791,1455,17053,10,500,428,0,0,0,0
109,0,1,1,ACCEPT,43.5365,2.8531,408,-2,-1,0.9020,67.55,81.18,60.45,42.67,68.50,200.50,59.00,35.00,0.0000,119.32,1,0,3.2562,ACCEPT,0,700,1566,16687,10,500,408,0,0,0,0
110,0,1,1,ACCEPT,43.5038,2.7808,406,-3,0,0.8202,64.71,81.18,60.45,42.67,73.00,200.00,66.00,24.00,0.0000,119.11,1,0,3.0509,ACCEPT,0,695,1611,16177,10,500,406,0,0,0,0
111,0,1,1,ACCEPT,44.3828,2.7589,389,0,-1,0.9897,64.71,80.52,60.45,42.67,74.00,201.00,72.00,22.00,0.0000,120.84,1,0,3.2752,ACCEPT,0,656,1436,17076,10,500,389,0,0,0,0
112,0,1,1,ACCEPT,43.3627,3.1405,380,-1,-3,0.6974,63.77,78.52,60.45,42.67,78.50,203.50,71.00,15.00,0.0000,125.84,1,0,3.2483,ACCEPT,0,612,1507,16892,10,500,380,0,0,0,0
113,0,1,1,ACCEPT,44.1600,3.3063,367,-1,-4,0.5586,62.82,75.87,60.45,42.67,83.00,204.00,66.00,20.00,0.0000,129.71,1,0,3.2346,ACCEPT,0,582,1468,16850,10,500,367,0,0,0,0
114,0,1,1,ACCEPT,44.0024,2.7823,345,0,-1,0.9391,62.82,75.20,60.45,42.67,83.50,204.50,65.00,25.00,0.0000,130.94,1,0,3.2706,ACCEPT,0,570,1474,17363,10,500,345,0,0,0,0
115,0,1,1,ACCEPT,40.7181,2.8655,341,-1,-4,0.6276,61.88,72.55,60.45,42.67,90.50,206.50,49.00,33.00,0.0000,136.98,1,0,3.2096,ACCEPT,0,562,1468,17491,10,500,341,0,0,0,0
116,0,1,1,ACCEPT,37.7829,2.6694,323,0,-7,0.2477,61.88,67.90,60.45,42.67,94.00,208.00,40.00,40.00,0.0000,143.74,1,0,3.1888,ACCEPT,0,549,1451,18405,10,500,323,0,0,0,0
117,0,1,1,ACCEPT,40.6221,2.6923,350,0,-2,0.8343,61.88,66.57,60.45,42.67,94.00,207.50,36.00,41.00,0.0000,144.54,1,0,3.2231,ACCEPT,0,582,1444,18823,10,500,350,0,0,0,0
118,0,1,1,ACCEPT,37.3172,2.9909,329,0,-8,0.1155,61.88,61.26,60.45,42.67,92.00,205.00,36.00,42.00,0.0000,146.87,1,0,3.2563,ACCEPT,0,561,1414,19532,10,500,329,0,0,0,0
119,0,1,1,ACCEPT,40.4716,2.9496,351,0,-7,0.2222,61.88,56.61,60.45,42.67,91.00,202.50,54.00,47.00,0.0000,148.77,1,0,3.2653,ACCEPT,0,584,1489,18563,10,500,351,0,0,0,0
120,0,1,1,ACCEPT,42.4711,2.7519,355,0,-4,0.5268,61.88,53.95,60.45,42.67,88.00,204.00,64.00,48.00,0.0000,152.30,1,0,3.2629,ACCEPT,0,575,1404,19759,10,500,355,0,0,0,0
121,0,1,1,ACCEPT,41.3176,2.8016,353,0,-7,0.2323,61.88,49.30,60.45,42.67,85.00,204.50,72.00,39.00,0.0000,156.91,1,0,3.2735,ACCEPT,0,565,1378,20372,10,500,353,0,0,0,0
122,0,1,1,ACCEPT,42.7382,3.0345,352,0,-5,0.4574,61.88,45.98,60.45,42.67,85.50,206.00,73.00,32.00,0.0000,161.75,1,0,3.1957,ACCEPT,0,557,1335,20091,10,500,352,0,0,0,0
123,0,1,1,ACCEPT,44.5297,3.1842,363,1,-3,0.7383,62.82,43.99,60.45,42.67,85.00,208.50,76.00,39.00,0.0000,166.00,1,0,3.2683,ACCEPT,0,577,1316,20033,10,500,363,0,0,0,0
124,0,1,1,ACCEPT,41.2990,2.9664,353,0,-6,0.2805,62.82,40.01,60.45,42.67,87.50,212.00,71.00,50.00,0.0000,173.75,1,0,3.2649,ACCEPT,0,578,1448,18832,10,500,353,0,0,0,0
125,0,1,1,ACCEPT,42.0113,2.9754,363,0,-7,0.1680,62.82,35.36,60.45,42.67,87.50,207.50,71.00,47.00,0.0000,173.90,1,0,3.2423,ACCEPT,0,579,1375,17807,10,500,363,0,0,0,0
126,0,1,1,ACCEPT,43.1334,2.9339,355,1,-3,0.7127,63.77,33.37,60.45,42.67,89.50,210.50,69.00,47.00,0.0000,178.99,1,0,3.2008,ACCEPT,0,572,1319,17662,10,500,355,0,0,0,0
127,0,1,1,ACCEPT,33.6163,2.4044,327,0,-9,0.0673,63.77,27.39,60.45,42.67,95.00,210.00,58.00,44.00,0.0000,185.26,1,0,3.2207,ACCEPT,0,590,1452,11109,10,500,327,0,0,0,0
128,0,1,1,ACCEPT,28.5990,2.2376,226,0,-12,0.0044,63.77,19.42,60.45,42.67,105.00,211.50,48.00,53.00,0.0000,196.45,1,0,3.2389,ACCEPT,0,444,1479,10034,10,500,226,0,0,0,0
129,0,1,1,ACCEPT,27.6710,2.6092,227,0,-6,0.3700,63.77,15.44,60.45,42.67,108.00,209.00,40.00,48.00,0.0000,198.55,1,0,3.2198,ACCEPT,0,450,1417,9902,10,500,227,0,0,0,0
130,0,1,1,ACCEPT,21.8544,2.0816,204,0,-13,0.0441,63.77,6.80,60.45,42.67,109.00,205.00,38.00,56.00,0.0000,203.29,1,0,3.2738,ACCEPT,0,469,1463,10492,10,500,204,0,0,0,0
131,0,1,1,ACCEPT,10.0115,1.7324,123,0,-15,0.1220,63.77,-3.16,60.45,42.67,107.00,197.00,42.00,60.00,0.0000,204.77,1,0,3.4841,ACCEPT,0,717,1601,8346,10,500,123,0,0,0,0
132,0,1,1,ACCEPT,10.7507,1.7385,113,-1,-7,0.4159,62.82,-7.80,58.13,41.03,108.00,194.00,46.00,60.00,0.0000,206.80,1,-1,3.3018,ACCEPT,0,792,1419,11188,10,500,113,0,0,0,0
133,0,1,1,ACCEPT,6.9298,1.6296,88,1,-9,0.3636,63.73,-13.57,60.45,42.67,107.50,189.50,49.00,53.00,0.0000,207.73,1,1,2.1675,ACCEPT,0,1001,1459,10073,10,500,88,0,0,0,0
134,0,1,0,NEGATIVE_PEAK,-4.0684,1.0000,-54,-15,27,0.2037,63.73,-13.57,60.45,42.67,105.50,185.00,55.00,46.00,0.0000,202.92,0,0,0.0000,NOT_RUN,0,958,2362,0,10,500,54,0,0,0,0
135,0,1,0,LOW_PSR,3.8697,1.0784,55,-2,-21,0.0545,63.73,-13.57,60.45,42.67,104.50,183.50,57.00,43.00,0.0000,201.24,0,0,0.0000,NOT_RUN,0,1178,2513,0,10,500,55,0,0,0,0
136,0,1,0,LOW_PSR,4.3671,1.0139,73,17,9,0.0685,63.73,-13.57,60.45,42.67,100.00,182.00,58.00,44.00,0.0000,198.91,0,0,0.0000,NOT_RUN,0,1454,2287,0,10,500,73,0,0,0,0
137,0,1,0,LOW_PSR,4.5626,1.0132,77,16,5,0.0260,63.73,-13.57,60.45,42.67,95.50,180.50,57.00,43.00,0.0000,196.65,0,0,0.0000,NOT_RUN,0,1461,2249,0,10,500,77,0,0,0,0
138,0,1,0,LOW_PSR,4.6643,1.0267,77,16,3,0.0390,63.73,-13.57,60.45,42.67,93.00,180.00,58.00,44.00,0.0000,195.77,0,0,0.0000,NOT_RUN,0,1428,2239,0,10,500,77,0,0,0,0
139,0,1,0,LOW_PSR,4.2286,1.0286,72,15,11,0.0278,63.73,-13.57,60.45,42.67,90.50,178.50,61.00,43.00,0.0000,193.93,0,0,0.0000,NOT_RUN,0,1390,2716,0,10,500,72,0,0,0,0
140,0,1,0,LOW_PSR,4.2300,1.0299,69,15,5,0.1449,63.73,-13.57,60.45,42.67,88.00,176.50,66.00,43.00,0.0000,191.61,0,0,0.0000,NOT_RUN,0,1376,2584,0,10,500,69,0,0,0,0
141,0,1,0,LOW_PSR,4.4689,1.0267,77,15,5,0.1169,63.73,-13.57,60.45,42.67,86.50,176.00,67.00,44.00,0.0000,190.93,0,0,0.0000,NOT_RUN,0,1383,2817,0,10,500,77,0,0,0,0
142,0,1,0,LOW_PSR,4.9795,1.1867,89,15,1,0.0337,63.73,-13.57,60.45,42.67,84.50,174.00,73.00,42.00,0.0000,188.72,0,0,0.0000,NOT_RUN,0,1218,2932,0,10,500,89,0,0,0,0
143,0,1,0,LOW_PSR,3.6481,1.0588,54,14,9,0.0000,63.73,-13.57,60.45,42.67,82.50,173.50,77.00,41.00,0.0000,188.01,0,0,0.0000,NOT_RUN,0,1224,3308,0,10,500,54,0,0,0,0
144,0,1,0,LOW_PSR,4.0687,1.0152,67,15,5,0.0597,63.73,-13.57,60.45,42.67,80.50,173.00,81.00,42.00,0.0000,187.32,0,0,0.0000,NOT_RUN,0,1479,3128,0,10,500,67,0,0,0,0
145,0,1,0,LOW_PSR,4.4883,1.0278,74,14,5,0.0811,63.73,-13.57,60.45,42.67,80.00,173.00,82.00,42.00,0.0000,187.28,0,0,0.0000,NOT_RUN,0,1315,2818,0,10,500,74,0,0,0,0
146,0,1,0,LOW_PSR,4.8578,1.0822,79,15,11,0.0633,63.73,-13.57,60.45,42.67,83.00,172.50,82.00,41.00,0.0000,187.07,0,0,0.0000,NOT_RUN,0,1375,2914,0,10,500,79,0,0,0,0
147,0,1,1,ACCEPT,5.2173,1.1351,84,15,6,0.0476,77.91,-9.59,60.45,42.67,83.00,172.00,86.00,42.00,0.0000,181.66,1,0,2.3542,ACCEPT,0,1331,2764,4363,10,500,84,0,0,0,0
148,0,1,0,LOW_PSR,4.2800,1.0625,34,-1,10,0.5882,77.91,-9.59,60.45,42.67,83.50,169.00,83.00,40.00,0.0000,178.67,0,0,0.0000,NOT_RUN,0,508,4312,0,10,500,34,0,0,0,0
149,0,1,0,NEGATIVE_PEAK,-4.0109,1.0435,-24,15,0,0.2500,77.91,-9.59,60.45,42.67,85.50,166.50,85.00,41.00,0.0000,176.25,0,0,0.0000,NOT_RUN,0,544,4388,0,10,500,24,0,0,0,0
150,0,1,0,NEGATIVE_PEAK,-3.9745,1.0000,-23,15,0,0.2609,77.91,-9.59,60.45,42.67,86.50,165.00,83.00,42.00,0.0000,174.80,0,0,0.0000,NOT_RUN,0,511,4197,0,10,500,23,0,0,0,0
151,0,1,0,NEGATIVE_PEAK,-4.2317,1.0455,-23,15,0,0.0000,77.91,-9.59,60.45,42.67,91.00,165.00,80.00,46.00,0.0000,175.08,0,0,0.0000,NOT_RUN,0,495,4302,0,10,500,23,0,0,0,0
152,0,1,0,NEGATIVE_PEAK,-4.0383,1.0000,-21,13,0,0.0952,77.91,-9.59,60.45,42.67,92.50,163.00,77.00,54.00,0.0000,173.20,0,0,0.0000,NOT_RUN,0,483,4363,0,10,500,21,0,0,0,0
153,0,1,0,NEGATIVE_PEAK,-4.2521,1.0476,-22,13,0,0.1364,77.91,-9.59,60.45,42.67,95.00,161.50,70.00,57.00,0.0000,171.94,0,0,0.0000,NOT_RUN,0,474,4294,0,10,500,22,0,0,0,0
154,0,1,0,NEGATIVE_PEAK,-4.2942,1.0476,-22,13,-2,0.1818,77.91,-9.59,60.45,42.67,98.00,160.50,68.00,51.00,0.0000,171.27,0,0,0.0000,NOT_RUN,0,464,4357,0,10,500,22,0,0,0,0
155,0,1,0,NEGATIVE_PEAK,-4.0958,1.0000,-21,11,0,0.1905,77.91,-9.59,60.45,42.67,99.50,163.00,65.00,40.00,0.0000,173.93,0,0,0.0000,NOT_RUN,0,469,4338,0,10,500,21,0,0,0,0
156,0,1,0,NEGATIVE_PEAK,-4.0852,1.0000,-21,11,0,0.2381,77.91,-9.59,60.45,42.67,100.50,162.50,65.00,39.00,0.0000,173.56,0,0,0.0000,NOT_RUN,0,473,4405,0,10,500,21,0,0,0,0
157,0,1,0,NEGATIVE_PEAK,-4.0828,1.0000,-21,10,0,0.2381,77.91,-9.59,60.45,42.67,100.50,163.00,63.00,26.00,0.0000,174.06,0,0,0.0000,NOT_RUN,0,468,4484,0,10,500,21,0,0,0,0
158,0,1,0,NEGATIVE_PEAK,-4.2101,1.0000,-21,9,0,0.2381,77.91,-9.59,60.45,42.67,99.50,160.50,63.00,25.00,0.0000,171.45,0,0,0.0000,NOT_RUN,0,448,4579,0,10,500,21,0,0,0,0
159,0,1,0,NEGATIVE_PEAK,-4.2511,1.0500,-21,9,0,0.2857,77.91,-9.59,60.45,42.67,99.00,163.00,62.00,30.00,0.0000,173.87,0,0,0.0000,NOT_RUN,0,447,4659,0,10,500,21,0,0,0,0
160,0,1,0,NEGATIVE_PEAK,-4.2954,1.0500,-21,8,0,0.3333,77.91,-9.59,60.45,42.67,97.50,166.50,61.00,37.00,0.0000,177.17,0,0,0.0000,NOT_RUN,0,446,4615,0,10,500,21,0,0,0,0
161,0,1,0,NEGATIVE_PEAK,-4.5153,1.0476,-22,8,0,0.1818,77.91,-9.59,60.45,42.67,97.00,169.00,60.00,48.00,0.0000,179.60,0,0,0.0000,NOT_RUN,0,447,4549,0,10,500,22,0,0,0,0
162,0,1,0,NEGATIVE_PEAK,-4.4648,1.0476,-22,8,0,0.1818,77.91,-9.59,60.45,42.67,97.50,170.50,59.00,49.00,0.0000,181.15,0,0,0.0000,NOT_RUN,0,455,4675,0,10,500,22,0,0,0,0
163,0,1,0,NEGATIVE_PEAK,-4.4965,1.0476,-22,8,0,0.1818,77.91,-9.59,60.45,42.67,99.50,170.50,61.00,55.00,0.0000,181.38,0,0,0.0000,NOT_RUN,0,446,4812,0,10,500,22,0,0,0,0
164,0,1,0,NEGATIVE_PEAK,-4.5607,1.0476,-22,8,0,0.1818,77.91,-9.59,60.45,42.67,102.00,173.00,64.00,52.00,0.0000,184.17,0,0,0.0000,NOT_RUN,0,446,4659,0,10,500,22,0,0,0,0
165,0,1,0,NEGATIVE_PEAK,-4.3898,1.0500,-21,7,0,0.2381,77.91,-9.59,60.45,42.67,101.50,174.00,61.00,52.00,0.0000,185.10,0,0,0.0000,NOT_RUN,0,438,4664,0,10,500,21,0,0,0,0
166,0,1,0,NEGATIVE_PEAK,-4.4917,1.0476,-22,8,0,0.2273,77.91,-9.59,60.45,42.67,104.00,175.50,62.00,43.00,0.0000,186.92,0,0,0.0000,NOT_RUN,0,444,4691,0,10,500,22,0,0,0,0
167,0,1,0,NEGATIVE_PEAK,-4.3044,1.0500,-21,8,0,0.2381,77.91,-9.59,60.45,42.67,103.50,176.50,61.00,35.00,0.0000,187.84,0,0,0.0000,NOT_RUN,0,446,4633,0,10,500,21,0,0,0,0
168,0,1,0,NEGATIVE_PEAK,-4.2629,1.0500,-21,7,0,0.2381,77.91,-9.59,60.45,42.67,104.00,176.50,60.00,31.00,0.0000,187.91,0,0,0.0000,NOT_RUN,0,453,4760,0,10,500,21,0,0,0,0
169,0,1,0,NEGATIVE_PEAK,-4.4222,1.0476,-22,8,0,0.1818,77.91,-9.59,60.45,42.67,104.00,181.00,60.00,42.00,0.0000,192.36,0,0,0.0000,NOT_RUN,0,453,4694,0,10,500,22,0,0,0,0
170,0,1,0,NEGATIVE_PEAK,-4.2645,1.0500,-21,7,0,0.2381,77.91,-9.59,60.45,42.67,103.50,186.50,59.00,47.00,0.0000,197.75,0,0,0.0000,NOT_RUN,0,443,4738,0,10,500,21,0,0,0,0
171,0,1,0,NEGATIVE_PEAK,-4.2779,1.0500,-21,7,0,0.2857,77.91,-9.59,60.45,42.67,104.50,188.00,61.00,48.00,0.0000,199.37,0,0,0.0000,NOT_RUN,0,444,4815,0,10,500,21,0,0,0,0
172,0,1,0,NEGATIVE_PEAK,-4.4413,1.0476,-22,8,0,0.2273,77.91,-9.59,60.45,42.67,105.50,189.00,63.00,50.00,0.0000,200.49,0,0,0.0000,NOT_RUN,0,443,4805,0,10,500,22,0,0,0,0
173,0,1,0,NEGATIVE_PEAK,-4.2389,1.0500,-21,7,0,0.3333,77.91,-9.59,60.45,42.67,106.50,188.50,63.00,51.00,0.0000,200.14,0,0,0.0000,NOT_RUN,0,447,4742,0,10,500,21,0,0,0,0
174,0,1,0,NEGATIVE_PEAK,-4.2854,1.0500,-21,8,0,0.2857,77.91,-9.59,60.45,42.67,107.00,189.00,62.00,52.00,0.0000,200.71,0,0,0.0000,NOT_RUN,0,439,4692,0,10,500,21,0,0,0,0
175,0,1,0,NEGATIVE_PEAK,-4.2380,1.0000,-21,7,0,0.2857,77.91,-9.59,60.45,42.67,108.50,192.00,61.00,52.00,0.0000,203.89,0,0,0.0000,NOT_RUN,0,442,4739,0,10,500,21,0,0,0,0
176,0,1,0,NEGATIVE_PEAK,-4.3805,1.0476,-22,7,0,0.2273,77.91,-9.59,60.45,42.67,108.50,196.00,61.00,50.00,0.0000,207.85,0,0,0.0000,NOT_RUN,0,444,4826,0,10,500,22,0,0,0,0
177,0,1,0,NEGATIVE_PEAK,-4.3733,1.0476,-22,7,0,0.2727,77.91,-9.59,60.45,42.67,108.00,196.00,62.00,52.00,0.0000,207.78,0,0,0.0000,NOT_RUN,0,447,4862,0,10,500,22,0,0,0,0
178,0,1,0,NEGATIVE_PEAK,-4.0937,1.0000,-20,6,0,0.3500,77.91,-9.59,60.45,42.67,106.50,198.50,63.00,49.00,0.0000,210.04,0,0,0.0000,NOT_RUN,0,437,4997,0,10,500,20,0,0,0,0
179,0,1,0,NEGATIVE_PEAK,-4.1994,1.0000,-21,6,0,0.3333,77.91,-9.59,60.45,42.67,105.50,199.00,65.00,38.00,0.0000,210.40,0,0,0.0000,NOT_RUN,0,449,4974,0,10,500,21,0,0,0,0
180,0,1,0,NEGATIVE_PEAK,-4.0619,1.0000,-20,6,0,0.4000,77.91,-9.59,60.45,42.67,105.00,199.00,68.00,36.00,0.0000,210.34,0,0,0.0000,NOT_RUN,0,432,4816,0,10,500,20,0,0,0,0
181,0,1,0,NEGATIVE_PEAK,-4.1098,1.0000,-20,6,0,0.3500,77.91,-9.59,60.45,42.67,103.50,198.50,71.00,31.00,0.0000,209.65,0,0,0.0000,NOT_RUN,0,431,4860,0,10,500,20,0,0,0,0
182,0,1,0,NEGATIVE_PEAK,-4.1525,1.0000,-20,6,0,0.3500,77.91,-9.59,60.45,42.67,103.00,200.00,72.00,30.00,0.0000,211.08,0,0,0.0000,NOT_RUN,0,427,4733,0,10,500,20,0,0,0,0
183,0,1,0,NEGATIVE_PEAK,-4.1399,1.0000,-20,6,0,0.4000,77.91,-9.59,60.45,42.67,101.50,199.00,73.00,28.00,0.0000,209.92,0,0,0.0000,NOT_RUN,0,432,4757,0,10,500,20,0,0,0,0
184,0,1,0,NEGATIVE_PEAK,-4.1756,1.0526,-20,6,0,0.4500,77.91,-9.59,60.45,42.67,101.50,200.50,75.00,27.00,0.0000,211.41,0,0,0.0000,NOT_RUN,0,427,4783,0,10,500,20,0,0,0,0
185,0,1,0,NEGATIVE_PEAK,-4.1872,1.0526,-20,6,0,0.4000,77.91,-9.59,60.45,42.67,101.50,201.50,73.00,25.00,0.0000,212.40,0,0,0.0000,NOT_RUN,0,429,4661,0,10,500,20,0,0,0,0
186,0,1,0,NEGATIVE_PEAK,-4.3666,1.0500,-21,6,0,0.3810,77.91,-9.59,60.45,42.67,101.00,203.50,74.00,25.00,0.0000,214.33,0,0,0.0000,NOT_RUN,0,436,4647,0,10,500,21,0,0,0,0
187,0,1,0,NEGATIVE_PEAK,-4.2683,1.0000,-20,5,-2,0.4500,77.91,-9.59,60.45,42.67,101.00,204.50,74.00,25.00,0.0000,215.33,0,0,0.0000,NOT_RUN,0,424,4689,0,10,500,20,0,0,0,0
188,0,1,0,NEGATIVE_PEAK,-4.2828,1.0000,-20,4,0,0.5500,77.91,-9.59,60.45,42.67,101.50,204.00,73.00,26.00,0.0000,214.89,0,0,0.0000,NOT_RUN,0,416,4663,0,10,500,20,0,0,0,0
189,0,1,0,NEGATIVE_PEAK,-4.0459,1.0000,-19,4,0,0.5789,77.91,-9.59,60.45,42.67,101.00,205.00,74.00,24.00,0.0000,215.83,0,0,0.0000,NOT_RUN,0,419,4680,0,10,500,19,0,0,0,0
190,0,1,0,NEGATIVE_PEAK,-4.4557,1.0526,-20,4,0,0.6000,77.91,-9.59,60.45,42.67,100.00,205.50,74.00,23.00,0.0000,216.22,0,0,0.0000,NOT_RUN,0,403,4535,0,10,500,20,0,0,0,0
191,0,1,0,NEGATIVE_PEAK,-4.2297,1.0000,-19,4,0,0.6316,77.91,-9.59,60.45,42.67,100.50,203.00,73.00,20.00,0.0000,213.78,0,0,0.0000,NOT_RUN,0,402,4542,0,10,500,19,0,0,0,0
192,0,1,0,NEGATIVE_PEAK,-4.4716,1.0526,-20,4,0,0.6500,77.91,-9.59,60.45,42.67,100.00,204.00,74.00,18.00,0.0000,214.73,0,0,0.0000,NOT_RUN,0,399,4537,0,10,500,20,0,0,0,0
193,0,1,0,NEGATIVE_PEAK,-4.4090,1.0526,-20,4,0,0.6500,77.91,-9.59,60.45,42.67,99.00,203.50,74.00,19.00,0.0000,214.13,0,0,0.0000,NOT_RUN,0,404,4573,0,10,500,20,0,0,0,0
194,0,1,0,NEGATIVE_PEAK,-4.4050,1.0526,-20,4,0,0.7000,77.91,-9.59,60.45,42.67,100.00,204.50,72.00,21.00,0.0000,215.22,0,0,0.0000,NOT_RUN,0,409,4646,0,10,500,20,0,0,0,0
195,0,1,0,NEGATIVE_PEAK,-4.3341,1.0000,-20,4,0,0.6500,77.91,-9.59,60.45,42.67,100.00,205.00,72.00,20.00,0.0000,215.72,0,0,0.0000,NOT_RUN,0,409,4685,0,10,500,20,0,0,0,0
196,0,1,0,NEGATIVE_PEAK,-4.3023,1.0000,-20,4,0,0.6500,77.91,-9.59,60.45,42.67,100.00,204.50,72.00,21.00,0.0000,215.22,0,0,0.0000,NOT_RUN,0,416,4675,0,10,500,20,0,0,0,0
197,0,1,0,NEGATIVE_PEAK,-4.3822,1.0526,-20,4,0,0.6500,77.91,-9.59,60.45,42.67,100.50,204.00,73.00,20.00,0.0000,214.78,0,0,0.0000,NOT_RUN,0,410,4545,0,10,500,20,0,0,0,0
198,0,1,0,NEGATIVE_PEAK,-4.1297,1.0000,-19,4,0,0.6842,77.91,-9.59,60.45,42.67,101.00,204.50,74.00,21.00,0.0000,215.33,0,0,0.0000,NOT_RUN,0,415,4621,0,10,500,19,0,0,0,0
199,0,1,0,NEGATIVE_PEAK,-4.2518,1.0526,-20,4,0,0.6000,77.91,-9.59,60.45,42.67,101.50,204.00,73.00,22.00,0.0000,214.89,0,0,0.0000,NOT_RUN,0,427,4560,0,10,500,20,0,0,0,0
200,0,1,0,NEGATIVE_PEAK,-4.1698,1.0000,-20,4,0,0.5000,77.91,-9.59,60.45,42.67,102.50,204.50,73.00,21.00,0.0000,215.49,0,0,0.0000,NOT_RUN,0,430,4707,0,10,500,20,0,0,0,0
201,0,1,0,NEGATIVE_PEAK,-4.1807,1.0526,-20,6,0,0.4500,77.91,-9.59,60.45,42.67,101.50,204.50,75.00,21.00,0.0000,215.38,0,0,0.0000,NOT_RUN,0,430,4670,0,10,500,20,0,0,0,0
202,0,1,0,NEGATIVE_PEAK,-4.3508,1.0500,-21,6,0,0.4286,77.91,-9.59,60.45,42.67,102.50,204.00,75.00,22.00,0.0000,215.00,0,0,0.0000,NOT_RUN,0,435,4696,0,10,500,21,0,0,0,0
203,0,1,0,NEGATIVE_PEAK,-4.3804,1.1053,-21,6,0,0.3810,77.91,-9.59,60.45,42.67,103.00,204.50,74.00,21.00,0.0000,215.55,0,0,0.0000,NOT_RUN,0,434,4646,0,10,500,21,0,0,0,0
204,0,1,0,NEGATIVE_PEAK,-4.3524,1.0500,-21,6,0,0.3810,77.91,-9.59,60.45,42.67,103.00,204.00,74.00,20.00,0.0000,215.05,0,0,0.0000,NOT_RUN,0,438,4697,0,10,500,21,0,0,0,0
205,0,1,0,NEGATIVE_PEAK,-4.1181,1.0000,-20,6,0,0.4000,77.91,-9.59,60.45,42.67,103.00,203.50,74.00,21.00,0.0000,214.56,0,0,0.0000,NOT_RUN,0,434,4699,0,10,500,20,0,0,0,0
206,0,1,0,NEGATIVE_PEAK,-4.2728,1.0500,-21,6,0,0.3810,77.91,-9.59,60.45,42.67,103.00,204.00,74.00,20.00,0.0000,215.05,0,0,0.0000,NOT_RUN,0,443,4732,0,10,500,21,0,0,0,0
207,0,1,0,NEGATIVE_PEAK,-4.0630,1.0000,-20,6,0,0.3500,77.91,-9.59,60.45,42.67,103.00,203.00,76.00,20.00,0.0000,214.06,0,0,0.0000,NOT_RUN,0,441,4726,0,10,500,20,0,0,0,0
208,0,1,0,NEGATIVE_PEAK,-4.2361,1.0500,-21,6,0,0.3333,77.91,-9.59,60.45,42.67,103.50,202.00,75.00,20.00,0.0000,213.13,0,0,0.0000,NOT_RUN,0,443,4642,0,10,500,21,0,0,0,0
209,0,1,0,NEGATIVE_PEAK,-4.3946,1.0476,-22,8,0,0.2727,77.91,-9.59,60.45,42.67,104.00,202.50,74.00,19.00,0.0000,213.69,0,0,0.0000,NOT_RUN,0,452,4680,0,10,500,22,0,0,0,0
210,0,1,0,NEGATIVE_PEAK,-4.2359,1.0500,-21,8,0,0.2857,77.91,-9.59,60.45,42.67,104.50,202.00,75.00,20.00,0.0000,213.25,0,0,0.0000,NOT_RUN,0,443,4581,0,10,500,21,0,0,0,0
211,0,1,0,NEGATIVE_PEAK,-4.1880,1.0500,-21,8,0,0.2857,77.91,-9.59,60.45,42.67,104.50,201.50,75.00,19.00,0.0000,212.75,0,0,0.0000,NOT_RUN,0,448,4634,0,10,500,21,0,0,0,0
212,0,1,0,NEGATIVE_PEAK,-4.3928,1.0476,-22,9,-1,0.2273,77.91,-9.59,60.45,42.67,104.50,201.00,75.00,20.00,0.0000,212.26,0,0,0.0000,NOT_RUN,0,448,4686,0,10,500,22,0,0,0,0
213,0,1,0,NEGATIVE_PEAK,-4.3863,1.0476,-22,8,0,0.2273,77.91,-9.59,60.45,42.67,104.50,201.00,75.00,20.00,0.0000,212.26,0,0,0.0000,NOT_RUN,0,448,4634,0,10,500,22,0,0,0,0
214,0,1,0,NEGATIVE_PEAK,-4.1191,1.0000,-21,8,0,0.2381,77.91,-9.59,60.45,42.67,104.00,201.00,76.00,20.00,0.0000,212.20,0,0,0.0000,NOT_RUN,0,450,4704,0,10,500,21,0,0,0,0
215,0,1,0,NEGATIVE_PEAK,-4.3049,1.0000,-22,8,0,0.2273,77.91,-9.59,60.45,42.67,104.50,200.00,75.00,20.00,0.0000,211.27,0,0,0.0000,NOT_RUN,0,446,4691,0,10,500,22,0,0,0,0
216,0,1,0,NEGATIVE_PEAK,-4.1251,1.0000,-21,8,0,0.2381,77.91,-9.59,60.45,42.67,104.50,199.50,75.00,19.00,0.0000,210.77,0,0,0.0000,NOT_RUN,0,450,4703,0,10,500,21,0,0,0,0
217,0,1,0,NEGATIVE_PEAK,-4.0933,1.0000,-21,8,0,0.2381,77.91,-9.59,60.45,42.67,104.50,200.00,75.00,20.00,0.0000,211.27,0,0,0.0000,NOT_RUN,0,450,4714,0,10,500,21,0,0,0,0
218,0,1,0,NEGATIVE_PEAK,-4.1182,1.0000,-21,8,0,0.2381,77.91,-9.59,60.45,42.67,105.00,200.00,74.00,20.00,0.0000,211.33,0,0,0.0000,NOT_RUN,0,449,4703,0,10,500,21,0,0,0,0
219,0,1,0,NEGATIVE_PEAK,-4.3047,1.0476,-22,9,9,0.2273,77.91,-9.59,60.45,42.67,105.00,200.00,74.00,20.00,0.0000,211.33,0,0,0.0000,NOT_RUN,0,451,4652,0,10,500,22,0,0,0,0
220,0,1,0,NEGATIVE_PEAK,-4.1545,1.0000,-21,8,0,0.2381,77.91,-9.59,60.45,42.67,104.50,200.00,75.00,20.00,0.0000,211.27,0,0,0.0000,NOT_RUN,0,450,4715,0,10,500,21,0,0,0,0
221,0,1,0,NEGATIVE_PEAK,-4.3060,1.0476,-22,9,9,0.2273,77.91,-9.59,60.45,42.67,104.50,199.50,75.00,21.00,0.0000,210.77,0,0,0.0000,NOT_RUN,0,456,4711,0,10,500,22,0,0,0,0
222,0,1,0,NEGATIVE_PEAK,-4.2695,1.0476,-22,9,9,0.2273,77.91,-9.59,60.45,42.67,104.00,199.00,76.00,20.00,0.0000,210.21,0,0,0.0000,NOT_RUN,0,450,4666,0,10,500,22,0,0,0,0
223,0,1,0,NEGATIVE_PEAK,-4.2717,1.0000,-22,8,0,0.2273,77.91,-9.59,60.45,42.67,103.00,199.50,74.00,21.00,0.0000,210.59,0,0,0.0000,NOT_RUN,0,451,4748,0,10,500,22,0,0,0,0
224,0,1,0,NEGATIVE_PEAK,-4.1746,1.0500,-21,7,8,0.2857,77.91,-9.59,60.45,42.67,102.00,198.50,76.00,21.00,0.0000,209.48,0,0,0.0000,NOT_RUN,0,429,4767,0,10,500,21,0,0,0,0
225,0,1,0,NEGATIVE_PEAK,-4.1900,1.0500,-21,7,10,0.2857,77.91,-9.59,60.45,42.67,102.50,198.50,75.00,21.00,0.0000,209.53,0,0,0.0000,NOT_RUN,0,434,4732,0,10,500,21,0,0,0,0
226,0,1,0,NEGATIVE_PEAK,-4.0812,1.0526,-20,6,9,0.4000,77.91,-9.59,60.45,42.67,101.50,198.00,75.00,22.00,0.0000,208.92,0,0,0.0000,NOT_RUN,0,425,4875,0,10,500,20,0,0,0,0
227,0,1,0,NEGATIVE_PEAK,-4.0999,1.0526,-20,5,7,0.4500,77.91,-9.59,60.45,42.67,101.50,198.00,75.00,22.00,0.0000,208.92,0,0,0.0000,NOT_RUN,0,424,4725,0,10,500,20,0,0,0,0
228,0,1,0,NEGATIVE_PEAK,-4.1347,1.0000,-20,5,7,0.5000,77.91,-9.59,60.45,42.67,100.50,197.00,75.00,24.00,0.0000,207.82,0,0,0.0000,NOT_RUN,0,425,4779,0,10,500,20,0,0,0,0
229,0,1,0,NEGATIVE_PEAK,-4.3012,1.0500,-21,5,6,0.4762,77.91,-9.59,60.45,42.67,100.00,197.00,76.00,24.00,0.0000,207.76,0,0,0.0000,NOT_RUN,0,432,4811,0,10,500,21,0,0,0,0
230,0,1,0,NEGATIVE_PEAK,-4.1792,1.0000,-20,4,0,0.6500,77.91,-9.59,60.45,42.67,99.50,197.00,77.00,24.00,0.0000,207.71,0,0,0.0000,NOT_RUN,0,420,4807,0,10,500,20,0,0,0,0
231,0,1,0,NEGATIVE_PEAK,-4.1747,1.0000,-20,4,0,0.6000,77.91,-9.59,60.45,42.67,99.50,197.00,75.00,26.00,0.0000,207.71,0,0,0.0000,NOT_RUN,0,415,4808,0,10,500,20,0,0,0,0
232,0,1,0,NEGATIVE_PEAK,-4.1875,1.0000,-20,4,0,0.6500,77.91,-9.59,60.45,42.67,100.00,196.00,74.00,28.00,0.0000,206.77,0,0,0.0000,NOT_RUN,0,420,4818,0,10,500,20,0,0,0,0
233,0,1,0,NEGATIVE_PEAK,-4.1926,1.0526,-20,4,0,0.6500,77.91,-9.59,60.45,42.67,100.00,196.00,74.00,30.00,0.0000,206.77,0,0,0.0000,NOT_RUN,0,418,4726,0,10,500,20,0,0,0,0
234,0,1,0,NEGATIVE_PEAK,-4.4071,1.0500,-21,4,0,0.6667,77.91,-9.59,60.45,42.67,99.50,195.00,75.00,32.00,0.0000,205.72,0,0,0.0000,NOT_RUN,0,422,4671,0,10,500,21,0,0,0,0
235,0,1,0,NEGATIVE_PEAK,-4.2571,1.0526,-20,4,0,0.7000,77.91,-9.59,60.45,42.67,100.00,195.00,74.00,34.00,0.0000,205.78,0,0,0.0000,NOT_RUN,0,411,4722,0,10,500,20,0,0,0,0
236,0,1,0,NEGATIVE_PEAK,-4.0968,1.0000,-19,2,0,0.7895,77.91,-9.59,60.45,42.67,100.00,194.00,76.00,36.00,0.0000,204.78,0,0,0.0000,NOT_RUN,0,413,4655,0,10,500,19,0,0,0,0
237,0,1,0,NEGATIVE_PEAK,-4.1406,1.0556,-19,2,0,0.7895,77.91,-9.59,60.45,42.67,100.00,194.00,74.00,38.00,0.0000,204.78,0,0,0.0000,NOT_RUN,0,412,4652,0,10,500,19,0,0,0,0
238,0,1,0,NEGATIVE_PEAK,-4.2947,1.0526,-20,4,0,0.7000,77.91,-9.59,60.45,42.67,99.50,194.50,75.00,39.00,0.0000,205.23,0,0,0.0000,NOT_RUN,0,418,4632,0,10,500,20,0,0,0,0
239,0,1,0,NEGATIVE_PEAK,-4.2972,1.0526,-20,3,0,0.7500,77.91,-9.59,60.45,42.67,100.00,197.00,74.00,40.00,0.0000,207.76,0,0,0.0000,NOT_RUN,0,419,4620,0,10,500,20,0,0,0,0
240,0,1,0,NEGATIVE_PEAK,-4.2612,1.0526,-20,4,0,0.7000,77.91,-9.59,60.45,42.67,100.50,198.50,75.00,41.00,0.0000,209.31,0,0,0.0000,NOT_RUN,0,417,4634,0,10,500,20,0,0,0,0
241,0,1,0,NEGATIVE_PEAK,-4.0421,1.0000,-18,3,7,0.7222,77.91,-9.59,60.45,42.67,100.50,201.50,75.00,39.00,0.0000,212.29,0,0,0.0000,NOT_RUN,0,390,4502,0,10,500,18,0,0,0,0
242,0,1,0,NEGATIVE_PEAK,-3.9791,1.0000,-18,3,0,0.7222,77.91,-9.59,60.45,42.67,100.50,201.50,75.00,39.00,0.0000,212.29,0,0,0.0000,NOT_RUN,0,401,4484,0,10,500,18,0,0,0,0
243,0,1,0,NEGATIVE_PEAK,-4.1544,1.0556,-19,4,0,0.6842,77.91,-9.59,60.45,42.67,98.50,201.50,77.00,41.00,0.0000,212.09,0,0,0.0000,NOT_RUN,0,405,4561,0,10,500,19,0,0,0,0
244,0,1,0,NEGATIVE_PEAK,-4.2502,1.0000,-20,3,0,0.7500,77.91,-9.59,60.45,42.67,98.00,203.00,80.00,38.00,0.0000,213.53,0,0,0.0000,NOT_RUN,0,418,4667,0,10,500,20,0,0,0,0
245,0,1,0,NEGATIVE_PEAK,-4.2891,1.0526,-20,4,0,0.7500,77.91,-9.59,60.45,42.67,96.50,205.50,83.00,37.00,0.0000,215.89,0,0,0.0000,NOT_RUN,0,413,4665,0,10,500,20,0,0,0,0
246,0,1,0,NEGATIVE_PEAK,-4.0812,1.0000,-19,2,0,0.7368,77.91,-9.59,60.45,42.67,96.50,206.00,83.00,36.00,0.0000,216.39,0,0,0.0000,NOT_RUN,0,412,4680,0,10,500,19,0,0,0,0
247,0,1,0,NEGATIVE_PEAK,-4.1635,1.0000,-19,4,0,0.6842,77.91,-9.59,60.45,42.67,95.50,207.00,85.00,34.00,0.0000,217.30,0,0,0.0000,NOT_RUN,0,407,4580,0,10,500,19,0,0,0,0
248,0,1,0,NEGATIVE_PEAK,-4.1545,1.0000,-19,3,-2,0.6842,77.91,-9.59,60.45,42.67,96.00,206.50,84.00,33.00,0.0000,216.84,0,0,0.0000,NOT_RUN,0,407,4584,0,10,500,19,0,0,0,0
249,0,1,0,NEGATIVE_PEAK,-4.1103,1.0000,-19,3,0,0.6842,77.91,-9.59,60.45,42.67,96.00,206.50,84.00,33.00,0.0000,216.84,0,0,0.0000,NOT_RUN,0,410,4627,0,10,500,19,0,0,0,0
250,0,1,0,NEGATIVE_PEAK,-4.1818,1.0000,-19,4,0,0.7368,77.91,-9.59,60.45,42.67,96.50,206.50,85.00,33.00,0.0000,216.88,0,0,0.0000,NOT_RUN,0,400,4656,0,10,500,19,0,0,0,0
251,0,1,0,NEGATIVE_PEAK,-4.1507,1.0000,-19,4,0,0.6842,77.91,-9.59,60.45,42.67,96.00,206.00,84.00,32.00,0.0000,216.34,0,0,0.0000,NOT_RUN,0,404,4733,0,10,500,19,0,0,0,0
252,0,1,0,NEGATIVE_PEAK,-4.3741,1.0526,-20,4,0,0.6500,77.91,-9.59,60.45,42.67,96.00,206.00,84.00,32.00,0.0000,216.34,0,0,0.0000,NOT_RUN,0,402,4661,0,10,500,20,0,0,0,0
253,0,1,0,NEGATIVE_PEAK,-4.3874,1.0526,-20,4,0,0.7000,77.91,-9.59,60.45,42.67,96.00,206.50,84.00,31.00,0.0000,216.84,0,0,0.0000,NOT_RUN,0,404,4677,0,10,500,20,0,0,0,0
254,0,1,0,NEGATIVE_PEAK,-4.3224,1.0526,-20,4,0,0.7000,77.91,-9.59,60.45,42.67,95.00,206.00,86.00,34.00,0.0000,216.26,0,0,0.0000,NOT_RUN,0,404,4685,0,10,500,20,0,0,0,0
255,0,1,0,NEGATIVE_PEAK,-4.3363,1.0526,-20,4,0,0.7000,77.91,-9.59,60.45,42.67,95.50,206.00,85.00,32.00,0.0000,216.30,0,0,0.0000,NOT_RUN,0,404,4635,0,10,500,20,0,0,0,0
256,0,1,0,NEGATIVE_PEAK,-4.3223,1.0526,-20,2,0,0.8000,77.91,-9.59,60.45,42.67,95.50,205.50,85.00,31.00,0.0000,215.80,0,0,0.0000,NOT_RUN,0,407,4731,0,10,500,20,0,0,0,0
257,0,1,0,NEGATIVE_PEAK,-4.3023,1.0526,-20,2,0,0.8000,77.91,-9.59,60.45,42.67,95.00,205.50,86.00,33.00,0.0000,215.76,0,0,0.0000,NOT_RUN,0,406,4697,0,10,500,20,0,0,0,0
258,0,1,0,NEGATIVE_PEAK,-4.3371,1.0526,-20,2,0,0.8000,77.91,-9.59,60.45,42.67,96.00,205.00,84.00,32.00,0.0000,215.35,0,0,0.0000,NOT_RUN,0,403,4712,0,10,500,20,0,0,0,0
259,0,1,0,NEGATIVE_PEAK,-4.1377,1.0000,-19,2,0,0.8947,77.91,-9.59,60.45,42.67,95.50,205.00,85.00,32.00,0.0000,215.31,0,0,0.0000,NOT_RUN,0,404,4705,0,10,500,19,0,0,0,0
260,0,1,0,NEGATIVE_PEAK,-4.0682,1.0000,-19,2,0,0.8947,77.91,-9.59,60.45,42.67,95.50,204.50,85.00,31.00,0.0000,214.81,0,0,0.0000,NOT_RUN,0,404,4723,0,10,500,19,0,0,0,0
261,0,1,0,NEGATIVE_PEAK,-4.1238,1.0000,-19,2,0,0.8947,77.91,-9.59,60.45,42.67,95.00,205.00,84.00,30.00,0.0000,215.27,0,0,0.0000,NOT_RUN,0,403,4677,0,10,500,19,0,0,0,0
262,0,1,0,NEGATIVE_PEAK,-4.3518,1.0526,-20,2,0,0.9000,77.91,-9.59,60.45,42.67,95.00,205.00,86.00,30.00,0.0000,215.27,0,0,0.0000,NOT_RUN,0,410,4630,0,10,500,20,0,0,0,0
263,0,1,0,NEGATIVE_PEAK,-4.2400,1.0556,-19,1,0,0.9474,77.91,-9.59,60.45,42.67,93.50,204.50,87.00,31.00,0.0000,214.65,0,0,0.0000,NOT_RUN,0,402,4597,0,10,500,19,0,0,0,0
264,0,1,0,NEGATIVE_PEAK,-4.1629,1.0556,-19,2,0,0.9474,77.91,-9.59,60.45,42.67,93.50,204.00,85.00,32.00,0.0000,214.15,0,0,0.0000,NOT_RUN,0,398,4660,0,10,500,19,0,0,0,0
265,0,1,0,NEGATIVE_PEAK,-4.2260,1.0000,-19,0,0,1.0000,77.91,-9.59,60.45,42.67,92.50,203.00,87.00,34.00,0.0000,213.09,0,0,0.0000,NOT_RUN,0,391,4491,0,10,500,19,0,0,0,0
266,0,1,0,NEGATIVE_PEAK,-4.2561,1.0556,-19,0,0,1.0000,77.91,-9.59,60.45,42.67,92.50,203.00,85.00,34.00,0.0000,213.09,0,0,0.0000,NOT_RUN,0,391,4629,0,10,500,19,0,0,0,0
267,0,1,0,NEGATIVE_PEAK,-4.2660,1.0000,-19,0,0,1.0000,77.91,-9.59,60.45,42.67,93.00,203.00,86.00,34.00,0.0000,213.12,0,0,0.0000,NOT_RUN,0,388,4575,0,10,500,19,0,0,0,0
268,0,1,0,NEGATIVE_PEAK,-4.0929,1.0000,-18,0,0,1.0000,77.91,-9.59,60.45,42.67,93.50,202.50,83.00,35.00,0.0000,212.66,0,0,0.0000,NOT_RUN,0,383,4508,0,10,500,18,0,0,0,0
269,0,1,0,NEGATIVE_PEAK,-4.1100,1.0588,-18,0,0,1.0000,77.91,-9.59,60.45,42.67,94.00,203.00,84.00,36.00,0.0000,213.19,0,0,0.0000,NOT_RUN,0,386,4482,0,10,500,18,0,0,0,0
270,0,1,0,NEGATIVE_PEAK,-4.1786,1.0588,-18,0,0,1.0000,77.91,-9.59,60.45,42.67,94.50,203.00,83.00,38.00,0.0000,213.23,0,0,0.0000,NOT_RUN,0,369,4386,0,10,500,18,0,0,0,0
271,0,1,0,NEGATIVE_PEAK,-4.2178,1.0588,-18,0,0,1.0000,77.91,-9.59,60.45,42.67,95.50,203.00,83.00,38.00,0.0000,213.31,0,0,0.0000,NOT_RUN,0,370,4394,0,10,500,18,0,0,0,0
272,0,1,0,NEGATIVE_PEAK,-4.3787,1.0556,-19,0,0,1.0000,77.91,-9.59,60.45,42.67,94.50,203.00,85.00,42.00,0.0000,213.23,0,0,0.0000,NOT_RUN,0,372,4523,0,10,500,19,0,0,0,0
273,0,1,0,NEGATIVE_PEAK,-4.4047,1.0588,-18,-1,0,0.9444,77.91,-9.59,60.45,42.67,94.50,203.00,83.00,42.00,0.0000,213.23,0,0,0.0000,NOT_RUN,0,353,4518,0,10,500,18,0,0,0,0
274,0,1,0,NEGATIVE_PEAK,-4.3795,1.0588,-18,-2,0,0.9444,77.91,-9.59,60.45,42.67,92.50,203.00,83.00,46.00,0.0000,213.09,0,0,0.0000,NOT_RUN,0,352,4484,0,10,500,18,0,0,0,0
275,0,1,0,NEGATIVE_PEAK,-4.4081,1.0588,-18,-3,0,0.8333,77.91,-9.59,60.45,42.67,91.50,202.50,83.00,49.00,0.0000,212.52,0,0,0.0000,NOT_RUN,0,350,4486,0,10,500,18,0,0,0,0
276,0,1,0,NEGATIVE_PEAK,-4.1511,1.0000,-17,-4,0,0.8235,77.91,-9.59,60.45,42.67,90.00,202.00,84.00,52.00,0.0000,211.93,0,0,0.0000,NOT_RUN,0,346,4424,0,10,500,17,0,0,0,0
277,0,1,0,NEGATIVE_PEAK,-4.3771,1.0625,-17,-5,0,0.5882,77.91,-9.59,60.45,42.67,89.00,201.00,82.00,56.00,0.0000,210.88,0,0,0.0000,NOT_RUN,0,333,4462,0,10,500,17,0,0,0,0
278,0,1,0,NEGATIVE_PEAK,-4.1543,1.0000,-16,-5,0,0.5625,77.91,-9.59,60.45,42.67,88.00,198.50,80.00,57.00,0.0000,208.33,0,0,0.0000,NOT_RUN,0,331,4553,0,10,500,16,0,0,0,0
279,0,1,0,NEGATIVE_PEAK,-4.1273,1.0000,-16,-6,0,0.5625,77.91,-9.59,60.45,42.67,88.00,198.00,80.00,60.00,0.0000,207.83,0,0,0.0000,NOT_RUN,0,332,4487,0,10,500,16,0,0,0,0
280,0,1,0,NEGATIVE_PEAK,-4.4332,1.0625,-17,-5,0,0.4706,77.91,-9.59,60.45,42.67,88.00,197.00,78.00,60.00,0.0000,206.83,0,0,0.0000,NOT_RUN,0,321,4489,0,10,500,17,0,0,0,0
281,0,1,0,NEGATIVE_PEAK,-4.1720,1.0667,-16,-6,0,0.5000,77.91,-9.59,60.45,42.67,88.50,195.00,77.00,64.00,0.0000,204.86,0,0,0.0000,NOT_RUN,0,321,4420,0,10,500,16,0,0,0,0
282,0,1,0,NEGATIVE_PEAK,-4.1479,1.0000,-16,-7,0,0.4375,77.91,-9.59,60.45,42.67,89.00,194.00,76.00,64.00,0.0000,203.89,0,0,0.0000,NOT_RUN,0,321,4508,0,10,500,16,0,0,0,0
283,0,1,0,NEGATIVE_PEAK,-4.5559,1.0625,-17,-7,0,0.3529,77.91,-9.59,60.45,42.67,89.00,192.50,74.00,65.00,0.0000,202.39,0,0,0.0000,NOT_RUN,0,313,4543,0,10,500,17,0,0,0,0
284,0,1,0,NEGATIVE_PEAK,-4.5285,1.0625,-17,-7,0,0.2941,77.91,-9.59,60.45,42.67,91.00,193.00,70.00,64.00,0.0000,203.01,0,0,0.0000,NOT_RUN,0,304,4471,0,10,500,17,0,0,0,0
285,0,1,0,NEGATIVE_PEAK,-4.2526,1.0000,-16,-8,-2,0.3125,77.91,-9.59,60.45,42.67,92.00,192.00,68.00,66.00,0.0000,202.08,0,0,0.0000,NOT_RUN,0,302,4402,0,10,500,16,0,0,0,0
286,0,1,0,NEGATIVE_PEAK,-4.3189,1.0000,-16,-7,0,0.3125,77.91,-9.59,60.45,42.67,92.50,191.00,65.00,68.00,0.0000,201.12,0,0,0.0000,NOT_RUN,0,298,4356,0,10,500,16,0,0,0,0
287,0,1,0,NEGATIVE_PEAK,-4.3509,1.0000,-16,-7,0,0.2500,77.91,-9.59,60.45,42.67,94.50,190.50,63.00,71.00,0.0000,200.77,0,0,0.0000,NOT_RUN,0,296,4349,0,10,500,16,0,0,0,0
288,0,1,0,NEGATIVE_PEAK,-4.3204,1.0667,-16,-7,10,0.2500,77.91,-9.59,60.45,42.67,95.50,190.00,63.00,70.00,0.0000,200.36,0,0,0.0000,NOT_RUN,0,298,4357,0,10,500,16,0,0,0,0
289,0,1,0,NEGATIVE_PEAK,-4.3258,1.0000,-16,-7,0,0.3125,77.91,-9.59,60.45,42.67,96.00,187.50,62.00,69.00,0.0000,197.91,0,0,0.0000,NOT_RUN,0,300,4340,0,10,500,16,0,0,0,0
290,0,1,0,NEGATIVE_PEAK,-4.0735,1.0000,-15,-8,0,0.3333,77.91,-9.59,60.45,42.67,96.00,186.50,60.00,67.00,0.0000,196.92,0,0,0.0000,NOT_RUN,0,301,4238,0,10,500,15,0,0,0,0
291,0,1,0,NEGATIVE_PEAK,-4.3851,1.0667,-16,-7,0,0.2500,77.91,-9.59,60.45,42.67,96.50,186.00,61.00,66.00,0.0000,196.47,0,0,0.0000,NOT_RUN,0,295,4301,0,10,500,16,0,0,0,0
292,0,1,0,NEGATIVE_PEAK,-4.4387,1.0667,-16,-7,0,0.2500,77.91,-9.59,60.45,42.67,97.00,185.50,60.00,65.00,0.0000,196.02,0,0,0.0000,NOT_RUN,0,293,4355,0,10,500,16,0,0,0,0
293,0,1,0,NEGATIVE_PEAK,-3.9474,1.0000,-14,-9,0,0.2857,77.91,-9.59,60.45,42.67,97.00,185.00,60.00,58.00,0.0000,195.52,0,0,0.0000,NOT_RUN,0,292,4222,0,10,500,14,0,0,0,0
294,0,1,0,NEGATIVE_PEAK,-4.2762,1.0714,-15,-9,0,0.2667,77.91,-9.59,60.45,42.67,97.00,183.50,60.00,55.00,0.0000,194.03,0,0,0.0000,NOT_RUN,0,288,4136,0,10,500,15,0,0,0,0
295,0,1,0,NEGATIVE_PEAK,-4.3373,1.0714,-15,-9,0,0.2000,77.91,-9.59,60.45,42.67,97.00,181.50,60.00,47.00,0.0000,192.04,0,0,0.0000,NOT_RUN,0,275,4203,0,10,500,15,0,0,0,0
296,0,1,0,NEGATIVE_PEAK,-4.6226,1.0667,-16,-10,0,0.1250,77.91,-9.59,60.45,42.67,97.00,184.50,60.00,45.00,0.0000,195.02,0,0,0.0000,NOT_RUN,0,279,4163,0,10,500,16,0,0,0,0
297,0,1,0,NEGATIVE_PEAK,-4.4264,1.0000,-15,-10,0,0.1333,77.91,-9.59,60.45,42.67,97.00,185.50,60.00,47.00,0.0000,196.02,0,0,0.0000,NOT_RUN,0,273,4217,0,10,500,15,0,0,0,0
298,0,1,0,NEGATIVE_PEAK,-4.5251,1.0714,-15,-10,0,0.1333,77.91,-9.59,60.45,42.67,96.00,187.00,62.00,44.00,0.0000,197.42,0,0,0.0000,NOT_RUN,0,262,3998,0,10,500,15,0,0,0,0
299,0,1,0,NEGATIVE_PEAK,-4.5003,1.0714,-15,-10,0,0.1333,77.91,-9.59,60.45,42.67,96.00,188.00,62.00,40.00,0.0000,198.41,0,0,0.0000,NOT_RUN,0,255,4063,0,10,500,15,0,0,0,0
300,0,1,0,NEGATIVE_PEAK,-4.4966,1.0714,-15,-10,0,0.1333,77.91,-9.59,60.45,42.67,96.50,187.00,61.00,40.00,0.0000,197.46,0,0,0.0000,NOT_RUN,0,261,3967,0,10,500,15,0,0,0,0
301,0,1,0,NEGATIVE_PEAK,-4.4618,1.0000,-15,-10,0,0.1333,77.91,-9.59,60.45,42.67,96.50,187.00,61.00,40.00,0.0000,197.46,0,0,0.0000,NOT_RUN,0,269,3785,0,10,500,15,0,0,0,0
302,0,1,0,NEGATIVE_PEAK,-4.4995,1.0714,-15,-9,0,0.2000,77.91,-9.59,60.45,42.67,97.00,185.00,62.00,46.00,0.0000,195.52,0,0,0.0000,NOT_RUN,0,267,3836,0,10,500,15,0,0,0,0
303,0,1,0,NEGATIVE_PEAK,-4.2348,1.0769,-14,-10,0,0.1429,77.91,-9.59,60.45,42.67,97.00,185.50,64.00,47.00,0.0000,196.02,0,0,0.0000,NOT_RUN,0,267,3848,0,10,500,14,0,0,0,0
304,0,1,0,NEGATIVE_PEAK,-4.5431,1.1538,-15,-9,0,0.2000,77.91,-9.59,60.45,42.67,96.00,184.00,64.00,50.00,0.0000,194.43,0,0,0.0000,NOT_RUN,0,267,3740,0,10,500,15,0,0,0,0
305,0,1,0,NEGATIVE_PEAK,-4.1492,1.0000,-14,-9,0,0.2143,77.91,-9.59,60.45,42.67,96.50,183.00,63.00,50.00,0.0000,193.48,0,0,0.0000,NOT_RUN,0,274,3797,0,10,500,14,0,0,0,0
306,0,1,0,NEGATIVE_PEAK,-4.0961,1.0000,-14,-9,0,0.2143,77.91,-9.59,60.45,42.67,97.50,180.00,65.00,48.00,0.0000,190.60,0,0,0.0000,NOT_RUN,0,274,3861,0,10,500,14,0,0,0,0
307,0,1,0,NEGATIVE_PEAK,-4.0243,1.0000,-14,-9,0,0.2143,77.91,-9.59,60.45,42.67,98.50,179.00,65.00,44.00,0.0000,189.71,0,0,0.0000,NOT_RUN,0,280,3898,0,10,500,14,0,0,0,0
308,0,1,0,NEGATIVE_PEAK,-4.1990,1.0000,-15,-7,0,0.4000,77.91,-9.59,60.45,42.67,100.00,179.50,64.00,43.00,0.0000,190.37,0,0,0.0000,NOT_RUN,0,300,3869,0,10,500,15,0,0,0,0
309,0,1,0,NEGATIVE_PEAK,-4.1290,1.0000,-15,-7,0,0.4667,77.91,-9.59,60.45,42.67,100.50,179.00,63.00,38.00,0.0000,189.93,0,0,0.0000,NOT_RUN,0,293,3911,0,10,500,15,0,0,0,0
310,0,1,0,NEGATIVE_PEAK,-4.5300,1.1333,-17,-5,0,0.5882,77.91,-9.59,60.45,42.67,102.00,181.00,66.00,40.00,0.0000,192.10,0,0,0.0000,NOT_RUN,0,320,4047,0,10,500,17,0,0,0,0
311,0,1,0,NEGATIVE_PEAK,-4.1218,1.0000,-16,-4,0,0.7500,77.91,-9.59,60.45,42.67,104.00,183.00,66.00,42.00,0.0000,194.35,0,0,0.0000,NOT_RUN,0,329,4141,0,10,500,16,0,0,0,0
312,0,1,0,NEGATIVE_PEAK,-4.2550,1.0625,-17,-2,0,0.8235,77.91,-9.59,60.45,42.67,105.50,183.50,67.00,43.00,0.0000,195.05,0,0,0.0000,NOT_RUN,0,341,4083,0,10,500,17,0,0,0,0
313,0,1,0,NEGATIVE_PEAK,-4.1546,1.0625,-17,0,0,1.0000,77.91,-9.59,60.45,42.67,106.00,185.00,66.00,46.00,0.0000,196.60,0,0,0.0000,NOT_RUN,0,353,4166,0,10,500,17,0,0,0,0
314,0,1,0,NEGATIVE_PEAK,-4.2807,1.0588,-18,0,0,1.0000,77.91,-9.59,60.45,42.67,107.00,183.50,68.00,49.00,0.0000,195.27,0,0,0.0000,NOT_RUN,0,366,4239,0,10,500,18,0,0,0,0
315,0,1,0,NEGATIVE_PEAK,-4.1904,1.0588,-18,2,0,0.9444,77.91,-9.59,60.45,42.67,108.00,183.50,72.00,47.00,0.0000,195.42,0,0,0.0000,NOT_RUN,0,384,4449,0,10,500,18,0,0,0,0
316,0,1,0,NEGATIVE_PEAK,-4.2368,1.0000,-19,2,0,0.8421,77.91,-9.59,60.45,42.67,104.00,181.50,88.00,39.00,0.0000,192.86,0,0,0.0000,NOT_RUN,0,395,4465,0,10,500,19,0,0,0,0
317,0,1,0,NEGATIVE_PEAK,-4.4396,1.0526,-20,4,0,0.6000,77.91,-9.59,60.45,42.67,103.00,186.00,88.00,38.00,0.0000,197.19,0,0,0.0000,NOT_RUN,0,407,4500,0,10,500,20,0,0,0,0
318,0,1,0,NEGATIVE_PEAK,-4.4908,1.0526,-20,5,2,0.4500,77.91,-9.59,60.45,42.67,102.00,188.00,84.00,44.00,0.0000,199.05,0,0,0.0000,NOT_RUN,0,408,4437,0,10,500,20,0,0,0,0
319,0,1,0,NEGATIVE_PEAK,-4.4258,1.0526,-20,7,0,0.3000,77.91,-9.59,60.45,42.67,97.50,187.00,69.00,54.00,0.0000,197.56,0,0,0.0000,NOT_RUN,0,418,4505,0,10,500,20,0,0,0,0
320,0,1,0,NEGATIVE_PEAK,-4.3148,1.0526,-20,10,0,0.2500,77.91,-9.59,60.45,42.67,90.50,187.50,43.00,55.00,0.0000,197.49,0,0,0.0000,NOT_RUN,0,437,4632,0,10,500,20,0,0,0,0
321,0,1,0,NEGATIVE_PEAK,-4.2658,1.0000,-20,10,0,0.2500,77.91,-9.59,60.45,42.67,88.50,189.00,33.00,60.00,0.0000,198.87,0,0,0.0000,NOT_RUN,0,442,4723,0,10,500,20,0,0,0,0
322,0,1,0,NEGATIVE_PEAK,-4.2398,1.0000,-20,12,0,0.0500,77.91,-9.59,60.45,42.67,80.50,189.50,21.00,63.00,0.0000,199.10,0,0,0.0000,NOT_RUN,0,443,4556,0,10,500,20,0,0,0,0
323,0,1,0,NEGATIVE_PEAK,-4.2286,1.0526,-20,15,0,0.0500,77.91,-9.59,60.45,42.67,75.50,189.50,39.00,59.00,0.0000,199.10,0,0,0.0000,NOT_RUN,0,454,4450,0,10,500,20,0,0,0,0
324,0,1,0,NEGATIVE_PEAK,-3.9684,1.0000,-19,17,0,0.1579,77.91,-9.59,60.45,42.67,70.50,189.00,49.00,56.00,0.0000,198.72,0,0,0.0000,NOT_RUN,0,457,4568,0,10,500,19,0,0,0,0
325,0,1,0,NEGATIVE_PEAK,-4.0681,1.0556,-19,19,0,0.1053,77.91,-9.59,60.45,42.67,67.00,181.50,66.00,49.00,0.0000,191.40,0,0,0.0000,NOT_RUN,0,444,4534,0,10,500,19,0,0,0,0
326,0,1,0,NEGATIVE_PEAK,-3.9436,1.0000,-18,21,0,0.0556,77.91,-9.59,60.45,42.67,67.50,176.50,73.00,33.00,0.0000,186.38,0,0,0.0000,NOT_RUN,0,436,4400,0,10,500,18,0,0,0,0
327,0,1,0,NEGATIVE_PEAK,-3.7339,1.0000,-17,21,0,0.0000,77.91,-9.59,60.45,42.67,65.50,174.50,81.00,33.00,0.0000,184.50,0,0,0.0000,NOT_RUN,0,439,4416,0,10,500,17,0,0,0,0
328,0,1,0,NEGATIVE_PEAK,-4.0215,1.0588,-18,22,-2,0.0556,77.91,-9.59,60.45,42.67,61.00,170.00,94.00,26.00,0.0000,180.38,0,0,0.0000,NOT_RUN,0,444,4064,0,10,500,18,0,0,0,0
329,0,1,0,NEGATIVE_PEAK,-4.0468,1.0588,-18,22,0,0.0000,77.91,-9.59,60.45,42.67,60.00,166.50,96.00,37.00,0.0000,176.99,0,0,0.0000,NOT_RUN,0,424,4111,0,10,500,18,0,0,0,0
330,0,1,0,NEGATIVE_PEAK,-3.8620,1.0000,-17,22,0,0.1176,77.91,-9.59,60.45,42.67,59.00,162.00,94.00,48.00,0.0000,172.62,0,0,0.0000,NOT_RUN,0,423,4291,0,10,500,17,0,0,0,0
331,0,1,0,NEGATIVE_PEAK,-3.9208,1.0000,-17,21,0,0.0000,77.91,-9.59,60.45,42.67,61.50,155.50,83.00,65.00,0.0000,165.90,0,0,0.0000,NOT_RUN,0,424,4148,0,10,500,17,0,0,0,0
332,0,1,0,NEGATIVE_PEAK,-4.0239,1.0625,-17,21,0,0.0000,77.91,-9.59,60.45,42.67,62.00,146.50,76.00,93.00,0.0000,156.89,0,0,0.0000,NOT_RUN,0,415,4017,0,10,500,17,0,0,0,0
333,0,1,0,NEGATIVE_PEAK,-4.1402,1.0625,-17,22,0,0.0000,77.91,-9.59,60.45,42.67,65.00,146.00,70.00,98.00,0.0000,156.12,0,0,0.0000,NOT_RUN,0,402,3868,0,10,500,17,0,0,0,0
334,0,1,0,NEGATIVE_PEAK,-4.3941,1.0588,-18,20,0,0.1111,77.91,-9.59,60.45,42.67,73.50,134.50,51.00,115.00,0.0000,144.15,0,0,0.0000,NOT_RUN,0,408,3688,0,10,500,18,0,0,0,0
335,0,1,0,NEGATIVE_PEAK,-4.2618,1.0625,-17,22,0,0.1765,77.91,-9.59,60.45,42.67,75.50,132.00,53.00,106.00,0.0000,141.61,0,0,0.0000,NOT_RUN,0,391,3513,0,10,500,17,0,0,0,0
336,0,1,0,NEGATIVE_PEAK,-4.3777,1.0625,-17,23,-2,0.1765,77.91,-9.59,60.45,42.67,85.50,139.00,65.00,100.00,0.0000,148.78,0,0,0.0000,NOT_RUN,0,380,3335,0,10,500,17,0,0,0,0
337,0,1,0,NEGATIVE_PEAK,-4.2886,1.0667,-16,25,0,0.1875,77.91,-9.59,60.45,42.67,102.00,149.00,78.00,92.00,0.0000,160.41,0,0,0.0000,NOT_RUN,0,371,2954,0,10,500,16,0,0,0,0
338,0,1,0,NEGATIVE_PEAK,-4.2261,1.0714,-15,27,0,0.1333,77.91,-9.59,60.45,42.67,114.00,163.00,96.00,74.00,0.0000,176.32,0,0,0.0000,NOT_RUN,0,351,2912,0,10,500,15,0,0,0,0
339,0,1,0,NEGATIVE_PEAK,-4.3449,1.0714,-15,29,0,0.2667,77.91,-9.59,60.45,42.67,116.00,165.50,106.00,69.00,0.0000,179.18,0,0,0.0000,NOT_RUN,0,343,2971,0,10,500,15,0,0,0,0
340,0,1,0,NEGATIVE_PEAK,-4.1860,1.0769,-14,32,0,0.5714,77.91,-9.59,60.45,42.67,120.00,172.00,116.00,56.00,0.0000,186.40,0,0,0.0000,NOT_RUN,0,326,3135,0,10,500,14,0,0,0,0
341,0,1,0,NEGATIVE_PEAK,-4.1671,1.0833,-13,33,-2,0.6923,77.91,-9.59,60.45,42.67,124.50,178.50,107.00,49.00,0.0000,193.77,0,0,0.0000,NOT_RUN,0,299,3199,0,10,500,13,0,0,0,0
342,0,1,0,NEGATIVE_PEAK,-4.2981,1.0833,-13,34,0,0.5385,77.91,-9.59,60.45,42.67,126.00,181.50,104.00,45.00,0.0000,197.05,0,0,0.0000,NOT_RUN,0,290,2919,0,10,500,13,0,0,0,0
343,0,1,0,NEGATIVE_PEAK,-4.2316,1.0909,-12,36,0,0.5000,77.91,-9.59,60.45,42.67,131.00,184.50,94.00,47.00,0.0000,201.22,0,0,0.0000,NOT_RUN,0,270,2875,0,10,500,12,0,0,0,0
344,0,1,0,LOW_PSR,4.5272,1.0000,11,3,-15,0.5455,77.91,-9.59,60.45,42.67,132.00,182.50,92.00,65.00,0.0000,199.56,0,0,0.0000,NOT_RUN,0,250,2659,0,10,500,11,0,0,0,0
345,0,1,0,NEGATIVE_PEAK,-4.1142,1.1000,-11,39,0,0.4545,77.91,-9.59,60.45,42.67,133.50,181.00,89.00,72.00,0.0000,198.53,0,0,0.0000,NOT_RUN,0,249,2820,0,10,500,11,0,0,0,0
346,0,1,0,LOW_PSR,4.3508,1.0000,10,3,-19,0.3000,77.91,-9.59,60.45,42.67,137.00,183.00,82.00,82.00,0.0000,201.45,0,0,0.0000,NOT_RUN,0,233,2711,0,10,500,10,0,0,0,0
347,0,1,0,NEGATIVE_PEAK,-4.0012,1.1000,-11,38,0,0.5455,77.91,-9.59,60.45,42.67,132.00,193.50,66.00,109.00,0.0000,210.17,0,0,0.0000,NOT_RUN,0,262,2683,0,10,500,11,0,0,0,0
348,0,1,0,LOW_PSR,4.2541,1.0000,11,1,3,0.6364,77.91,-9.59,60.45,42.67,122.50,191.50,53.00,105.00,0.0000,205.97,0,0,0.0000,NOT_RUN,0,266,2365,0,10,500,11,0,0,0,0
349,0,1,0,NEGATIVE_PEAK,-4.3539,1.0833,-13,36,0,0.6154,77.91,-9.59,60.45,42.67,111.00,196.00,56.00,106.00,0.0000,208.23,0,0,0.0000,NOT_RUN,0,281,2185,0,10,500,13,0,0,0,0
350,0,1,0,NEGATIVE_PEAK,-4.5477,1.1667,-14,34,0,0.6429,77.91,-9.59,60.45,42.67,107.00,196.50,76.00,91.00,0.0000,208.13,0,0,0.0000,NOT_RUN,0,287,1837,0,10,500,14,0,0,0,0
351,0,1,0,NEGATIVE_PEAK,-4.7566,1.1538,-15,33,0,0.5333,77.91,-9.59,60.45,42.67,94.00,192.00,106.00,86.00,0.0000,202.23,0,0,0.0000,NOT_RUN,0,307,1465,0,10,500,15,0,0,0,0
352,0,1,0,NEGATIVE_PEAK,-4.2834,1.0769,-14,30,0,0.3571,77.91,-9.59,60.45,42.67,78.00,182.00,132.00,74.00,0.0000,191.59,0,0,0.0000,NOT_RUN,0,313,1884,0,10,500,14,0,0,0,0
353,0,1,0,NEGATIVE_PEAK,-4.3449,1.0714,-15,29,0,0.1333,77.91,-9.59,60.45,42.67,69.00,182.00,134.00,78.00,0.0000,191.79,0,0,0.0000,NOT_RUN,0,327,1864,0,10,500,15,0,0,0,0
354,0,1,0,NEGATIVE_PEAK,-4.6717,1.1429,-16,28,0,0.0000,77.91,-9.59,60.45,42.67,66.50,184.00,131.00,82.00,0.0000,193.92,0,0,0.0000,NOT_RUN,0,333,1971,0,10,500,16,0,0,0,0
355,0,1,0,NEGATIVE_PEAK,-4.5498,1.0667,-16,27,0,0.0625,77.91,-9.59,60.45,42.67,60.00,185.50,118.00,91.00,0.0000,195.91,0,0,0.0000,NOT_RUN,0,350,1893,0,10,500,16,0,0,0,0
356,0,1,0,NEGATIVE_PEAK,-4.5538,1.0667,-16,27,0,0.0625,77.91,-9.59,60.45,42.67,62.50,176.50,93.00,121.00,0.0000,186.72,0,0,0.0000,NOT_RUN,0,337,1906,0,10,500,16,0,0,0,0
357,0,1,0,NEGATIVE_PEAK,-4.3287,1.0000,-15,26,0,0.0667,77.91,-9.59,60.45,42.67,64.00,172.50,82.00,135.00,0.0000,182.62,0,0,0.0000,NOT_RUN,0,333,1931,0,10,500,15,0,0,0,0
358,0,1,0,NEGATIVE_PEAK,-4.5523,1.0667,-16,27,0,0.0625,77.91,-9.59,60.45,42.67,73.50,167.50,53.00,149.00,0.0000,177.14,0,0,0.0000,NOT_RUN,0,343,1768,0,10,500,16,0,0,0,0
359,0,1,0,NEGATIVE_PEAK,-4.6499,1.0667,-16,29,0,0.1250,77.91,-9.59,60.45,42.67,87.50,166.50,33.00,149.00,0.0000,176.35,0,0,0.0000,NOT_RUN,0,323,1727,0,10,500,16,0,0,0,0
360,0,1,0,NEGATIVE_PEAK,-4.4415,1.0667,-16,30,0,0.3125,77.91,-9.59,60.45,42.67,92.00,169.00,44.00,146.00,0.0000,179.14,0,0,0.0000,NOT_RUN,0,334,1514,0,10,500,16,0,0,0,0
361,0,1,0,LOW_PSR,4.6350,1.0000,17,-2,3,0.8235,77.91,-9.59,60.45,42.67,111.50,171.00,87.00,132.00,0.0000,183.68,0,0,0.0000,NOT_RUN,0,343,1859,0,10,500,17,0,0,0,0
362,0,1,0,LOW_PSR,4.7139,1.0667,16,0,3,0.8125,77.91,-9.59,60.45,42.67,122.00,172.50,108.00,111.00,0.0000,187.35,0,0,0.0000,NOT_RUN,0,309,2118,0,10,500,16,0,0,0,0
363,0,1,0,NEGATIVE_PEAK,-6.4939,1.3333,-36,-12,-6,0.2500,77.91,-9.59,60.45,42.67,124.00,174.00,108.00,98.00,0.0000,189.28,0,0,0.0000,NOT_RUN,0,447,2298,0,10,500,36,0,0,0,0
364,0,1,0,LOW_PSR,4.8574,1.0370,28,-1,1,0.9286,77.91,-9.59,60.45,42.67,125.00,175.50,106.00,75.00,0.0000,190.98,0,0,0.0000,NOT_RUN,0,545,2304,0,10,500,28,0,0,0,0
365,0,1,0,NEGATIVE_PEAK,-5.4793,1.0968,-34,-15,21,0.7941,77.91,-9.59,60.45,42.67,125.00,175.50,106.00,75.00,0.0000,190.98,0,0,0.0000,NOT_RUN,0,431,2280,0,10,500,34,0,0,0,0
366,0,1,1,ACCEPT,5.8071,1.1333,34,1,5,0.7353,78.85,-6.27,58.13,41.03,123.50,176.50,109.00,79.00,0.0000,188.14,1,-1,2.6949,ACCEPT,0,503,1821,5078,10,500,34,0,0,0,0
367,0,1,1,ACCEPT,5.7657,1.0952,23,1,3,0.8696,79.76,-4.34,58.13,41.03,118.00,178.00,108.00,84.00,0.0000,186.31,1,0,2.7574,ACCEPT,0,365,1511,4665,10,500,23,0,0,0,0
368,0,1,1,ACCEPT,5.5749,1.0667,16,0,3,0.8750,79.76,-2.42,58.13,41.03,110.00,177.00,104.00,84.00,0.0000,181.95,1,0,2.8899,ACCEPT,0,254,1600,4309,10,500,16,0,0,0,0
369,0,1,1,ACCEPT,5.8651,1.0625,17,0,3,0.8235,79.76,-0.50,58.13,41.03,108.50,177.00,107.00,82.00,0.0000,179.81,1,0,2.9109,ACCEPT,0,253,1512,4401,10,500,17,0,0,0,0
370,0,1,1,ACCEPT,6.1804,1.0000,19,0,13,0.7368,79.76,7.83,55.89,39.45,100.50,176.50,107.00,81.00,0.0000,169.94,1,-1,2.8140,ACCEPT,0,231,1982,6169,10,500,19,0,0,0,0
371,0,1,0,NEGATIVE_PEAK,-4.2106,1.0256,-40,-3,-21,0.6250,79.76,7.83,55.89,39.45,97.50,175.00,107.00,86.00,0.0000,168.11,0,0,0.0000,NOT_RUN,0,820,1220,0,10,500,40,0,0,0,0
372,0,1,0,LOW_PSR,4.4386,1.0238,43,-2,9,0.1395,79.76,7.83,55.89,39.45,96.00,172.50,108.00,85.00,0.0000,165.47,0,0,0.0000,NOT_RUN,0,867,1269,0,10,500,43,0,0,0,0
373,0,1,1,ACCEPT,6.6753,1.4667,66,2,-17,0.1515,81.51,-2.66,55.89,39.45,92.50,166.00,115.00,82.00,0.0000,169.02,1,0,2.5582,ACCEPT,0,871,1039,18598,10,500,66,0,0,0,0
374,0,1,1,ACCEPT,6.0146,1.0635,67,1,13,0.7761,82.38,5.36,55.89,39.45,90.50,159.50,119.00,79.00,0.0000,154.35,1,0,2.7246,ACCEPT,0,910,1126,7467,10,500,67,0,0,0,0
375,0,1,1,ACCEPT,6.3910,1.1852,32,1,12,0.4375,83.26,12.77,55.89,39.45,93.00,157.50,122.00,77.00,0.0000,145.06,1,0,2.8972,ACCEPT,0,333,1121,11326,10,500,32,0,0,0,0
376,0,1,1,ACCEPT,5.6833,1.2564,49,1,14,0.4082,84.13,21.41,58.13,41.03,101.00,159.00,130.00,76.00,0.0000,138.62,1,1,2.8474,ACCEPT,0,508,1145,11593,10,500,49,0,0,0,0
377,0,1,1,ACCEPT,5.7908,1.2041,59,0,20,0.5763,84.13,34.22,58.13,41.03,106.50,165.50,125.00,71.00,0.0000,133.17,1,0,2.8911,ACCEPT,0,609,1096,9972,10,500,59,0,0,0,0
378,0,1,1,ACCEPT,7.9291,1.3333,80,0,11,0.3750,84.13,41.27,58.13,41.03,105.00,168.00,126.00,68.00,0.0000,128.44,1,0,2.8604,ACCEPT,0,632,1107,8504,10,500,80,0,0,0,0
379,0,1,1,ACCEPT,7.6320,1.4118,72,0,17,0.3472,84.13,52.16,60.45,42.67,102.50,159.00,129.00,82.00,0.0000,108.41,1,1,2.8999,ACCEPT,0,588,1103,7553,10,500,72,0,0,0,0
380,0,1,1,ACCEPT,8.5110,1.4909,82,-1,19,0.3659,83.19,64.77,58.13,41.03,99.00,146.50,126.00,73.00,0.0000,83.24,1,-1,2.8524,ACCEPT,0,625,1165,6214,10,500,82,0,0,0,0
381,0,1,1,ACCEPT,9.9653,1.3235,90,1,9,0.2778,84.09,70.54,60.45,42.67,96.50,143.00,121.00,64.00,0.0000,73.52,1,1,2.9300,ACCEPT,0,574,1118,6684,10,500,90,0,0,0,0
382,0,1,1,ACCEPT,9.6130,1.5263,87,-1,19,0.3333,83.15,83.16,60.45,42.67,95.00,141.50,116.00,65.00,0.0000,59.54,1,0,2.8769,ACCEPT,0,598,1186,5254,10,500,87,0,0,0,0
383,0,1,1,ACCEPT,9.4836,1.5091,83,0,21,0.4458,83.15,97.10,60.45,42.67,96.50,141.50,117.00,63.00,0.0540,46.36,1,0,2.9791,ACCEPT,0,544,1130,5796,10,500,83,0,0,0,0
384,0,1,1,ACCEPT,10.1191,1.5352,109,0,12,0.2110,83.15,105.07,60.45,42.67,97.00,143.50,118.00,61.00,0.0904,40.85,1,0,2.9525,ACCEPT,0,627,1142,6736,10,500,109,0,0,0,0
385,0,1,1,ACCEPT,10.7217,1.7681,122,1,20,0.3361,84.09,118.35,60.45,42.67,96.00,151.50,120.00,51.00,0.1051,35.22,1,0,2.9534,ACCEPT,0,664,1097,6893,10,500,122,0,0,0,0
386,0,1,1,ACCEPT,9.5868,1.5250,122,2,16,0.2623,85.98,128.98,60.45,42.67,94.50,152.00,119.00,52.00,0.2014,24.55,1,0,3.0510,ACCEPT,0,650,1216,8012,10,500,122,0,0,0,0
387,0,1,1,ACCEPT,5.9844,1.2308,160,-1,7,0.3875,85.04,133.62,55.89,39.45,94.00,149.50,118.00,57.00,0.2538,18.23,1,-2,2.6560,ACCEPT,0,1788,3233,8152,10,500,160,0,0,0,0
388,0,1,0,LOW_PSR,4.8362,1.1472,265,3,-14,0.1698,85.04,133.62,55.89,39.45,92.50,144.50,113.00,71.00,0.2748,13.19,0,0,0.0000,NOT_RUN,0,3452,4356,0,10,500,265,0,0,0,0
389,0,1,1,ACCEPT,5.7411,1.2775,267,3,-22,0.2172,87.66,120.05,55.89,39.45,92.00,142.50,104.00,81.00,0.2479,22.87,1,0,2.9046,ACCEPT,0,2105,4335,8136,10,500,267,0,0,0,0
390,0,1,1,ACCEPT,9.1209,1.2541,464,1,0,0.9677,88.54,120.05,55.89,39.45,94.00,139.50,106.00,81.00,0.2568,20.21,1,0,2.7874,ACCEPT,0,2814,1848,10024,10,500,464,0,0,0,0
391,0,1,1,ACCEPT,9.3649,1.3498,328,2,-4,0.7805,90.29,117.58,55.89,39.45,98.00,139.00,108.00,66.00,0.2307,22.77,1,0,2.7347,ACCEPT,0,1902,2126,9718,10,500,328,0,0,0,0
392,0,1,1,ACCEPT,7.0535,1.0586,289,2,4,0.8235,92.04,120.05,55.89,39.45,99.00,142.50,112.00,59.00,0.2045,23.51,1,0,2.7387,ACCEPT,0,1908,2360,11009,10,500,289,0,0,0,0
393,0,1,1,ACCEPT,6.6674,1.1062,302,0,1,0.9901,92.04,120.66,55.89,39.45,97.50,143.50,113.00,55.00,0.1932,23.48,1,0,2.7216,ACCEPT,0,1985,2658,11729,10,500,302,0,0,0,0
394,0,1,1,ACCEPT,11.3327,1.8404,611,0,-12,0.2504,92.04,113.26,55.89,39.45,95.00,139.00,114.00,58.00,0.1705,25.91,1,0,2.6982,ACCEPT,0,3233,2618,11432,10,500,611,0,0,0,0
395,0,1,0,NEGATIVE_PEAK,-5.7176,1.1466,-305,-21,12,0.3607,92.04,113.26,55.89,39.45,93.50,135.50,113.00,65.00,0.2128,22.29,0,0,0.0000,NOT_RUN,0,2017,1560,0,10,500,305,0,0,0,0
396,0,1,0,NEGATIVE_PEAK,-4.1131,1.0088,-230,1,-8,0.1522,92.04,113.26,55.89,39.45,91.50,136.00,109.00,68.00,0.2196,22.75,0,0,0.0000,NOT_RUN,0,2629,1336,0,10,500,230,0,0,0,0
397,0,1,0,LOW_PSR,4.8956,1.2616,217,15,4,0.1982,92.04,113.26,55.89,39.45,88.00,139.00,104.00,68.00,0.2028,26.06,0,0,0.0000,NOT_RUN,0,2112,1556,0,10,500,217,0,0,0,0
398,0,1,0,LOW_PSR,4.6783,1.1078,226,1,1,0.9204,92.04,113.26,55.89,39.45,88.50,136.50,101.00,81.00,0.2485,23.51,0,0,0.0000,NOT_RUN,0,2543,1822,0,10,500,226,0,0,0,0
399,0,1,0,LOW_PSR,4.4868,1.0457,206,7,-11,0.5049,92.04,113.26,55.89,39.45,88.00,137.50,100.00,85.00,0.2474,24.58,0,0,0.0000,NOT_RUN,0,2093,1900,0,10,500,206,0,0,0,0
400,0,1,0,NEGATIVE_PEAK,-4.8261,1.0151,-202,31,-19,0.5693,92.04,113.26,55.89,39.45,90.00,139.00,98.00,92.00,0.2446,25.82,0,0,0.0000,NOT_RUN,0,1884,1616,0,10,500,202,0,0,0,0
401,0,1,1,ACCEPT,5.5818,1.0791,273,-3,0,0.9597,89.41,113.26,55.89,39.45,90.50,142.50,99.00,87.00,0.2130,29.26,1,-2,1.9875,LOW_CONF,0,2581,1533,10717,10,500,273,0,0,0,0
402,0,1,0,NEGATIVE_PEAK,-4.7560,1.1315,-284,4,-8,0.1690,89.41,113.26,55.89,39.45,90.00,143.00,98.00,78.00,0.1969,29.75,0,0,0.0000,NOT_RUN,0,2692,1430,0,10,500,284,0,0,0,0
403,0,1,0,LOW_PSR,4.8093,1.0066,307,2,0,0.9283,89.41,113.26,55.89,39.45,90.50,145.00,99.00,62.00,0.1457,31.76,0,0,0.0000,NOT_RUN,0,3650,1342,0,10,500,307,0,0,0,0
404,0,1,1,ACCEPT,5.5938,1.1392,442,1,-4,0.6652,90.29,110.79,55.89,39.45,92.00,141.00,100.00,68.00,0.1709,30.26,1,-1,0.9967,LOW_CONF,0,4777,1508,17720,10,500,442,0,0,0,0
405,0,1,1,ACCEPT,7.8962,1.1950,815,-15,6,0.5006,77.16,114.49,55.89,39.45,92.50,137.00,99.00,70.00,0.2455,27.24,1,0,2.9210,ACCEPT,0,5610,1660,18872,10,500,815,0,0,0,0
406,0,1,0,NEGATIVE_PEAK,-6.0310,1.0339,-549,10,-21,0.3625,77.16,114.49,55.89,39.45,94.00,134.50,98.00,83.00,0.2711,26.15,0,0,0.0000,NOT_RUN,0,3953,2353,0,10,500,549,0,0,0,0
407,0,1,0,NEGATIVE_PEAK,-4.8370,1.0687,-451,12,-18,0.1818,77.16,114.49,55.89,39.45,91.50,129.00,105.00,86.00,0.2442,20.40,0,0,0.0000,NOT_RUN,0,3673,2722,0,10,500,451,0,0,0,0
408,0,1,0,NEGATIVE_PEAK,-4.7958,1.0925,-449,12,-18,0.3185,77.16,114.49,55.89,39.45,90.00,126.50,106.00,83.00,0.2506,17.58,0,0,0.0000,NOT_RUN,0,3909,2890,0,10,500,449,0,0,0,0
409,0,1,0,NEGATIVE_PEAK,-5.9688,1.2438,-551,-8,-33,0.1325,77.16,114.49,55.89,39.45,90.50,124.00,103.00,82.00,0.2611,16.38,0,0,0.0000,NOT_RUN,0,4126,3028,0,10,500,551,0,0,0,0
410,0,1,1,ACCEPT,5.3784,1.0799,500,-28,-8,0.6300,52.66,109.55,55.89,39.45,96.50,122.00,91.00,74.00,0.1503,45.57,1,0,2.1713,ACCEPT,0,4585,3116,12364,10,500,500,0,0,0,0
411,0,1,1,ACCEPT,7.2931,1.3721,649,-2,-3,0.7997,50.91,107.70,55.89,39.45,95.50,120.00,93.00,72.00,0.1525,46.25,1,6,1.6724,MAX_STEP,0,5815,1949,15257,10,500,649,0,0,0,0
412,0,1,1,ACCEPT,5.1072,1.0028,361,-2,-5,0.7064,49.16,104.62,55.89,39.45,95.50,115.50,93.00,59.00,0.1630,47.60,1,1,1.9896,LOW_CONF,0,4216,1856,15029,10,500,361,0,0,0,0
413,0,1,0,NEGATIVE_PEAK,-6.1910,1.3333,-368,26,4,0.6848,49.16,104.62,55.89,39.45,95.00,114.00,98.00,54.00,0.1834,46.79,0,0,0.0000,NOT_RUN,0,3308,1853,0,10,500,368,0,0,0,0
414,0,1,0,NEGATIVE_PEAK,-5.8086,1.2967,-354,25,4,0.3333,49.16,104.62,55.89,39.45,93.50,115.00,99.00,52.00,0.1893,45.54,0,0,0.0000,NOT_RUN,0,3090,1725,0,10,500,354,0,0,0,0
415,0,1,1,ACCEPT,5.0719,1.0153,332,5,-12,0.2771,53.54,97.21,60.45,42.67,94.00,115.00,102.00,48.00,0.1768,44.20,1,2,2.1692,ACCEPT,0,3167,1708,16304,10,500,332,0,0,0,0
416,0,1,1,ACCEPT,7.4602,1.1513,487,3,1,0.7680,56.38,97.88,60.45,42.67,92.50,118.00,109.00,48.00,0.1860,41.35,1,0,2.3970,ACCEPT,0,3500,1796,17083,10,500,487,0,0,0,0
417,0,1,1,ACCEPT,8.3219,1.1797,499,2,1,0.8337,58.27,98.54,62.87,44.38,94.00,119.50,110.00,45.00,0.1840,41.43,1,1,2.2476,ACCEPT,0,3314,1897,18057,10,500,499,0,0,0,0
418,0,1,1,ACCEPT,7.5374,1.0510,433,3,3,0.6097,61.22,100.62,62.87,44.38,94.50,123.50,113.00,45.00,0.1784,40.38,1,1,1.9586,LOW_CONF,0,2860,1856,18640,10,500,433,0,0,0,0
419,0,1,1,ACCEPT,7.5511,1.0095,424,7,2,0.3797,68.11,102.02,62.87,44.38,96.00,128.00,114.00,44.00,0.1644,38.12,1,-4,1.7837,MAX_STEP,0,2601,1763,17930,10,500,424,0,0,0,0
420,0,1,1,ACCEPT,9.2090,1.2812,492,1,3,0.7093,69.09,104.10,62.87,44.38,96.50,131.00,115.00,44.00,0.1568,38.40,1,-4,1.7616,MAX_STEP,0,2539,1910,15638,10,500,492,0,0,0,0
421,0,1,1,ACCEPT,10.3671,1.3984,509,2,8,0.2102,71.06,109.66,62.87,44.38,97.50,136.50,119.00,43.00,0.1547,37.67,1,-4,1.7548,MAX_STEP,0,2347,1662,13532,10,500,509,0,0,0,0
422,0,1,1,ACCEPT,11.3698,1.3934,503,1,7,0.2107,72.05,114.53,62.87,44.38,100.00,142.00,118.00,44.00,0.1506,39.19,1,-5,1.7052,MAX_STEP,0,2175,1703,14495,10,500,503,0,0,0,0
423,0,1,1,ACCEPT,12.9266,1.4953,637,0,4,0.6860,72.05,117.31,62.87,44.38,100.50,144.00,119.00,42.00,0.1526,39.01,1,-7,1.7688,MAX_STEP,0,2592,1825,15438,10,500,637,0,0,0,0
424,0,1,1,ACCEPT,13.4396,1.5111,680,1,7,0.1868,73.03,122.18,62.87,44.38,102.00,148.50,120.00,41.00,0.1529,39.14,1,-7,1.8281,MAX_STEP,0,2770,1691,14748,10,500,680,0,0,0,0
425,0,1,1,ACCEPT,14.2318,1.5357,731,0,5,0.5267,73.03,125.66,62.87,44.38,102.00,152.00,120.00,40.00,0.1500,39.16,1,-9,1.9540,MAX_STEP,0,2991,1777,16852,10,500,731,0,0,0,0
426,0,1,1,ACCEPT,15.5018,1.5317,991,0,1,0.9899,73.03,126.35,62.87,44.38,101.50,153.00,121.00,40.00,0.1469,38.99,1,-9,1.9033,MAX_STEP,0,3934,1951,18859,10,500,991,0,0,0,0
427,0,1,1,ACCEPT,15.3794,1.6553,1066,-1,3,0.8227,72.05,128.44,62.87,44.38,101.00,155.00,122.00,38.00,0.1413,39.29,1,-12,1.7913,MAX_STEP,0,4254,1873,18189,10,500,1066,0,0,0,0
428,0,1,1,ACCEPT,15.3127,1.6287,1101,-1,0,0.9964,71.06,128.44,62.87,44.38,100.00,155.00,122.00,38.00,0.1413,39.28,1,-13,1.6604,MAX_STEP,0,4486,1942,20622,10,500,1101,0,0,0,0
429,0,1,1,ACCEPT,16.3807,1.6653,1204,0,0,1.0000,71.06,128.44,62.87,44.38,99.50,156.00,123.00,38.00,0.1297,39.60,1,-13,1.6538,MAX_STEP,0,4668,1885,21964,10,500,1204,0,0,0,0
430,0,1,1,ACCEPT,16.1770,1.6594,1145,-1,0,0.9790,70.08,128.44,62.87,44.38,98.50,156.00,123.00,38.00,0.1297,39.59,1,-15,1.6090,MAX_STEP,0,4548,1938,20984,10,500,1145,0,0,0,0
431,0,1,1,ACCEPT,15.9089,1.6808,1069,-1,-1,0.9841,69.09,127.74,62.87,44.38,99.00,155.50,126.00,37.00,0.1225,40.80,1,1,1.7089,LOW_CONF,0,4209,1936,20198,10,500,1069,0,0,0,0
432,0,1,1,ACCEPT,16.8371,1.8017,1072,0,-1,0.9767,69.09,127.05,62.87,44.38,97.50,155.50,123.00,37.00,0.1171,40.21,1,1,1.8364,LOW_CONF,0,4018,1884,21431,10,500,1072,0,0,0,0
433,0,1,1,ACCEPT,16.7470,1.8069,1048,0,0,1.0000,69.09,127.05,62.87,44.38,97.50,155.50,123.00,37.00,0.1171,40.21,1,0,1.9933,LOW_CONF,0,3787,1826,20675,10,500,1048,0,0,0,0
434,0,1,1,ACCEPT,17.3211,1.7700,1016,0,0,1.0000,69.09,127.05,62.87,44.38,98.00,155.50,124.00,39.00,0.1225,40.56,1,0,2.0295,ACCEPT,0,3617,1843,21420,10,500,1016,0,0,0,0
435,0,1,1,ACCEPT,18.3107,1.7116,1092,0,-1,0.9643,69.09,126.35,62.87,44.38,97.00,154.50,124.00,39.00,0.1257,39.64,1,0,1.9785,LOW_CONF,0,3769,1914,21034,10,500,1092,0,0,0,0
436,0,1,1,ACCEPT,18.7901,1.8281,1053,-1,0,0.9981,68.11,126.35,62.87,44.38,97.50,154.50,125.00,39.00,0.1249,40.70,1,0,2.3438,ACCEPT,0,3456,1903,20844,10,500,1053,0,0,0,0
437,0,1,1,ACCEPT,19.5509,1.8124,1024,0,-1,0.9619,68.11,125.66,62.87,44.38,97.00,154.00,126.00,40.00,0.1251,40.47,1,0,2.3496,ACCEPT,0,3239,1920,20901,10,500,1024,0,0,0,0
438,0,1,1,ACCEPT,20.3689,1.8444,1031,0,-2,0.9292,68.11,124.27,62.87,44.38,97.00,153.50,126.00,37.00,0.1070,41.10,1,0,2.4608,ACCEPT,0,3136,1904,21781,10,500,1031,0,0,0,0
439,0,1,1,ACCEPT,21.0152,1.9785,1013,0,0,1.0000,68.11,124.27,62.87,44.38,97.00,152.50,126.00,39.00,0.1233,40.40,1,0,2.5977,ACCEPT,0,2917,1875,21024,10,500,1013,0,0,0,0
440,0,1,1,ACCEPT,21.4370,1.8398,953,1,-1,0.9591,69.09,123.57,62.87,44.38,98.00,151.00,126.00,38.00,0.1289,39.85,1,0,2.5066,ACCEPT,0,2692,1861,21166,10,500,953,0,0,0,0
441,0,1,1,ACCEPT,22.4441,1.9536,969,0,-1,0.9567,69.09,122.88,62.87,44.38,98.50,153.00,127.00,38.00,0.1005,42.10,1,0,2.7114,ACCEPT,0,2656,1945,21599,10,500,969,0,0,0,0
442,0,1,1,ACCEPT,22.5040,2.1416,953,0,-1,0.9832,69.09,122.18,60.45,42.67,98.50,151.00,127.00,40.00,0.1096,41.17,1,-1,2.9166,ACCEPT,0,2550,1868,21565,10,500,953,0,0,0,0
443,0,1,1,ACCEPT,23.6866,1.9124,895,0,1,0.9821,69.09,122.84,60.45,42.67,98.50,151.50,127.00,39.00,0.1083,41.06,1,0,2.8822,ACCEPT,0,2319,1888,20594,10,500,895,0,0,0,0
444,0,1,1,ACCEPT,24.9297,2.0116,865,0,-1,0.9769,69.09,122.18,60.45,42.67,98.50,151.00,127.00,40.00,0.1096,41.17,1,0,3.0661,ACCEPT,0,2199,1893,21530,10,500,865,0,0,0,0
445,0,1,1,ACCEPT,25.8191,2.2253,879,0,1,0.9670,69.09,122.84,58.13,41.03,99.00,152.00,128.00,40.00,0.0965,41.77,1,-1,3.1148,ACCEPT,0,2093,1908,20930,10,500,879,0,0,0,0
446,0,1,1,ACCEPT,25.8709,2.3228,806,0,1,0.9628,69.09,123.48,58.13,41.03,99.50,151.50,127.00,41.00,0.1105,41.35,1,0,3.1638,ACCEPT,0,1921,1843,21004,10,500,806,0,0,0,0
447,0,1,1,ACCEPT,26.8208,2.3065,775,0,1,0.9600,69.09,124.12,58.13,41.03,98.50,152.00,127.00,42.00,0.1145,40.52,1,0,3.1053,ACCEPT,0,1796,1893,21539,10,500,775,0,0,0,0
448,0,1,1,ACCEPT,27.2890,2.3697,782,0,0,1.0000,69.09,124.12,58.13,41.03,99.00,152.50,126.00,41.00,0.1078,41.23,1,0,3.1695,ACCEPT,0,1789,1933,22206,10,500,782,0,0,0,0
449,0,1,1,ACCEPT,27.8532,2.4116,791,0,1,0.9899,69.09,124.77,58.13,41.03,99.00,153.00,126.00,42.00,0.1118,41.13,1,0,3.1514,ACCEPT,0,1765,1858,22063,10,500,791,0,0,0,0
450,0,1,1,ACCEPT,28.9069,2.2948,794,0,-1,0.9773,69.09,124.12,58.13,41.03,98.50,153.00,127.00,40.00,0.0997,41.21,1,0,3.3095,ACCEPT,0,1751,1902,23161,10,500,794,0,0,0,0
451,0,1,1,ACCEPT,28.7663,2.3167,790,-1,0,0.9835,68.19,124.12,58.13,41.03,98.00,152.50,128.00,41.00,0.1065,41.16,1,0,3.1632,ACCEPT,0,1724,1935,21956,10,500,790,0,0,0,0
452,0,1,1,ACCEPT,29.8643,2.2012,755,0,0,1.0000,68.19,124.12,58.13,41.03,97.50,152.00,127.00,42.00,0.1145,40.45,1,0,3.2451,ACCEPT,0,1613,1953,22381,10,500,755,0,0,0,0
453,0,1,1,ACCEPT,30.6911,2.3082,764,-1,0,0.9895,67.28,124.12,58.13,41.03,97.50,152.00,127.00,42.00,0.1145,41.11,1,0,3.1682,ACCEPT,0,1596,1957,22513,10,500,764,0,0,0,0
454,0,1,1,ACCEPT,31.3415,2.4409,764,0,0,1.0000,67.28,124.12,58.13,41.03,97.00,152.50,128.00,43.00,0.1117,41.09,1,0,3.3132,ACCEPT,0,1528,1886,23554,10,500,764,0,0,0,0
455,0,1,1,ACCEPT,31.7936,2.3739,781,-1,0,0.9923,66.38,124.12,58.13,41.03,96.50,153.50,127.00,41.00,0.0978,42.08,1,0,3.1709,ACCEPT,0,1580,1934,24771,10,500,781,0,0,0,0
456,0,1,1,ACCEPT,32.6368,2.5215,822,0,0,1.0000,66.38,124.12,58.13,41.03,96.50,152.00,127.00,42.00,0.1145,41.04,1,0,3.2695,ACCEPT,0,1624,1901,26355,10,500,822,0,0,0,0
457,0,1,1,ACCEPT,33.1867,2.5419,849,0,0,1.0000,66.38,124.12,58.13,41.03,96.00,152.50,128.00,43.00,0.1117,41.02,1,0,3.3100,ACCEPT,0,1653,1923,26904,10,500,849,0,0,0,0
458,0,1,1,ACCEPT,33.7260,2.6018,869,0,0,1.0000,66.38,124.12,58.13,41.03,96.50,152.00,127.00,42.00,0.1145,41.04,1,0,3.3257,ACCEPT,0,1691,1923,27856,10,500,869,0,0,0,0
459,0,1,1,ACCEPT,34.1403,2.6246,895,0,0,1.0000,66.38,124.12,58.13,41.03,96.50,152.00,127.00,42.00,0.1145,41.04,1,0,3.3622,ACCEPT,0,1711,1902,29475,10,500,895,0,0,0,0
460,0,1,1,ACCEPT,34.4131,2.5824,940,0,1,0.9670,66.38,124.77,58.13,41.03,96.50,153.50,127.00,43.00,0.1091,41.63,1,0,3.3352,ACCEPT,0,1773,1938,29733,10,500,940,0,0,0,0
461,0,1,1,ACCEPT,34.6470,2.4726,947,0,0,1.0000,66.38,124.77,58.13,41.03,96.50,154.00,127.00,42.00,0.1019,41.98,1,0,3.3946,ACCEPT,0,1806,1960,30953,10,500,947,0,0,0,0
462,0,1,1,ACCEPT,35.6263,2.5528,1016,0,1,0.9547,66.38,125.41,58.13,41.03,96.00,154.50,128.00,43.00,0.1052,41.52,1,0,3.3730,ACCEPT,0,1831,1897,32029,10,500,1016,0,0,0,0
463,0,1,1,ACCEPT,35.0543,2.7147,999,0,3,0.8188,66.38,127.33,58.13,41.03,96.50,155.50,127.00,41.00,0.1091,41.25,1,0,3.2944,ACCEPT,0,1759,1858,31810,10,500,999,0,0,0,0
464,0,1,1,ACCEPT,35.7884,2.3326,1017,-1,0,0.9990,65.47,127.33,58.13,41.03,95.50,156.00,127.00,44.00,0.1123,41.52,1,0,3.2098,ACCEPT,0,1845,1921,31640,10,500,1017,0,0,0,0
465,0,1,1,ACCEPT,37.2242,2.6412,1001,0,1,0.9850,65.47,127.97,58.13,41.03,96.00,156.50,128.00,43.00,0.1103,41.79,1,0,3.2743,ACCEPT,0,1748,1830,31767,10,500,1001,0,0,0,0
466,0,1,1,ACCEPT,38.0906,2.6429,999,0,0,1.0000,65.47,127.97,58.13,41.03,95.00,157.50,128.00,43.00,0.1013,41.76,1,0,3.2744,ACCEPT,0,1735,1906,30887,10,500,999,0,0,0,0
467,0,1,1,ACCEPT,37.3724,2.5752,976,-1,1,0.9775,64.56,128.61,58.13,41.03,94.50,157.00,127.00,44.00,0.1148,41.26,1,0,3.3604,ACCEPT,0,1656,1912,30140,10,500,976,0,0,0,0
468,0,1,1,ACCEPT,38.4816,2.5515,990,-1,-1,0.9172,63.66,127.97,55.89,39.45,94.00,157.00,128.00,44.00,0.0995,41.99,1,-1,3.2263,ACCEPT,0,1681,1927,30459,10,500,990,0,0,0,0
469,0,1,1,ACCEPT,36.8521,2.8119,942,-1,0,0.9628,62.78,127.97,55.89,39.45,93.50,158.00,127.00,42.00,0.0861,42.96,1,0,3.3031,ACCEPT,0,1660,1911,30289,10,500,942,0,0,0,0
470,0,1,1,ACCEPT,36.7667,2.3706,953,-1,-1,0.9759,61.91,127.35,53.74,37.94,93.00,157.50,128.00,43.00,0.0794,43.31,1,-1,3.1432,ACCEPT,0,1698,1905,29895,10,500,953,0,0,0,0
471,0,1,1,ACCEPT,33.4744,2.3812,862,-1,2,0.8712,61.07,128.54,51.67,36.48,93.00,157.00,128.00,44.00,0.0881,42.77,1,-1,2.8535,ACCEPT,0,1565,1794,30579,10,500,862,0,0,0,0
472,0,1,1,ACCEPT,29.2170,2.4294,860,0,-3,0.7151,61.07,126.83,51.67,36.48,92.50,156.00,127.00,42.00,0.0777,42.88,1,0,3.0764,ACCEPT,0,1746,1849,30374,10,500,860,0,0,0,0
473,0,1,1,ACCEPT,30.1018,2.3684,855,0,0,1.0000,61.07,126.83,51.67,36.48,92.50,155.00,127.00,42.00,0.0860,42.21,1,0,3.0923,ACCEPT,0,1722,1827,30630,10,500,855,0,0,0,0
474,0,1,1,ACCEPT,31.0435,2.4972,889,0,-1,0.9888,61.07,126.26,51.67,36.48,92.00,155.00,126.00,42.00,0.0817,42.22,1,0,3.1206,ACCEPT,0,1875,1812,30311,10,500,889,0,0,0,0
475,0,1,1,ACCEPT,31.7456,2.2094,897,-1,0,0.9978,60.27,126.26,49.69,35.07,92.50,154.50,127.00,43.00,0.0804,42.86,1,-1,2.8733,ACCEPT,0,1819,1798,30476,10,500,897,0,0,0,0
476,0,1,1,ACCEPT,28.9568,2.3707,825,0,0,1.0000,60.27,126.26,49.69,35.07,92.00,153.50,128.00,43.00,0.0880,41.82,1,0,2.8730,ACCEPT,0,1689,1739,31113,10,500,825,0,0,0,0
477,0,1,1,ACCEPT,29.0283,2.2925,823,0,0,1.0000,60.27,126.26,49.69,35.07,92.00,153.00,128.00,42.00,0.0897,41.50,1,0,2.8569,ACCEPT,0,1928,1737,31324,10,500,823,0,0,0,0
478,0,1,1,ACCEPT,30.2505,2.3750,874,0,-1,0.9691,60.27,125.71,49.69,35.07,92.00,153.00,128.00,42.00,0.0852,41.85,1,0,2.8575,ACCEPT,0,1952,1800,31974,10,500,874,0,0,0,0
479,0,1,1,ACCEPT,30.9366,2.5491,882,1,-2,0.8526,61.04,124.62,49.69,35.07,92.50,153.00,127.00,42.00,0.0768,42.37,1,0,2.9418,ACCEPT,0,2051,1753,32059,10,500,882,0,0,0,0
480,0,1,1,ACCEPT,32.0999,2.4164,824,0,-1,0.9988,61.04,124.07,49.69,35.07,93.50,153.00,127.00,42.00,0.0723,43.48,1,0,2.9807,ACCEPT,0,1599,1766,31815,10,500,824,0,0,0,0
481,0,1,1,ACCEPT,32.7999,2.6455,791,1,0,0.9646,61.81,124.07,49.69,35.07,93.50,151.50,127.00,41.00,0.0821,41.91,1,0,2.9599,ACCEPT,0,1673,1792,32694,10,500,791,0,0,0,0
482,0,1,1,ACCEPT,32.7392,2.5573,803,1,0,0.9863,62.59,124.07,49.69,35.07,94.00,151.50,126.00,41.00,0.0826,41.70,1,0,2.9257,ACCEPT,0,1672,1766,32767,10,500,803,0,0,0,0
483,0,1,1,ACCEPT,33.1663,2.5016,793,0,0,1.0000,62.59,124.07,49.69,35.07,94.50,152.50,127.00,41.00,0.0738,42.74,1,0,2.9263,ACCEPT,0,1647,1798,32753,10,500,793,0,0,0,0
484,0,1,1,ACCEPT,33.2155,2.2232,787,-1,1,0.9873,61.81,124.62,47.78,33.72,94.50,152.50,127.00,43.00,0.0762,42.96,1,-1,2.8099,ACCEPT,0,1706,1784,32767,10,500,787,0,0,0,0
485,0,1,1,ACCEPT,31.5056,2.5618,725,1,0,0.9862,62.56,124.62,49.69,35.07,93.50,153.00,129.00,42.00,0.0758,41.98,1,1,2.9209,ACCEPT,0,1437,1754,32767,10,500,725,0,0,0,0
486,0,1,1,ACCEPT,34.3619,2.5211,716,-1,1,0.8953,61.79,125.16,49.69,35.07,93.50,153.00,129.00,42.00,0.0802,42.20,1,0,3.0277,ACCEPT,0,1423,1838,32766,10,500,716,0,0,0,0
487,0,1,1,ACCEPT,35.3651,2.7509,729,-1,2,0.8217,61.02,126.26,49.69,35.07,92.50,154.00,129.00,40.00,0.0758,41.96,1,0,2.9469,ACCEPT,0,1397,1807,32767,10,500,729,0,0,0,0
488,0,1,1,ACCEPT,35.4906,2.4080,720,-1,1,0.9306,60.24,126.80,49.69,35.07,92.50,153.00,127.00,40.00,0.0900,41.55,1,0,2.9132,ACCEPT,0,1382,1787,32767,10,500,720,0,0,0,0
489,0,1,1,ACCEPT,35.9525,2.4812,727,0,0,1.0000,60.24,126.80,49.69,35.07,93.00,154.50,128.00,41.00,0.0793,42.90,1,0,3.0429,ACCEPT,0,1494,1744,32767,10,500,727,0,0,0,0
490,0,1,1,ACCEPT,34.9060,2.4097,694,-1,1,0.9798,59.47,127.35,49.69,35.07,91.50,155.00,127.00,42.00,0.0828,42.31,1,0,2.9986,ACCEPT,0,1588,1784,32767,10,500,694,0,0,0,0
491,0,1,1,ACCEPT,36.1005,2.7120,678,0,2,0.9292,59.47,128.45,49.69,35.07,90.50,155.50,127.00,41.00,0.0852,41.17,1,0,2.8735,ACCEPT,0,1489,1717,32768,10,500,678,0,0,0,0
492,0,1,1,ACCEPT,36.5813,2.7637,655,0,1,0.9939,59.47,128.99,49.69,35.07,90.50,156.00,127.00,42.00,0.0881,41.14,1,0,2.7849,ACCEPT,0,1437,1765,32767,10,500,655,0,0,0,0
493,0,1,1,ACCEPT,36.7984,2.4791,652,-1,0,0.9847,58.70,128.99,49.69,35.07,90.00,157.00,126.00,42.00,0.0803,42.01,1,0,3.0543,ACCEPT,0,1279,1785,32767,10,500,652,0,0,0,0
494,0,1,1,ACCEPT,36.7400,2.4467,597,-2,1,0.8610,57.15,129.54,47.78,33.72,89.50,158.00,127.00,42.00,0.0691,43.09,1,-1,2.9300,ACCEPT,0,1181,1806,32767,10,500,597,0,0,0,0
495,0,1,1,ACCEPT,36.2777,3.0290,627,1,0,0.9729,57.90,129.54,49.69,35.07,89.50,159.50,127.00,43.00,0.0668,43.55,1,1,2.8757,ACCEPT,0,1284,1776,32767,10,500,627,0,0,0,0
496,0,1,1,ACCEPT,36.8850,2.4321,591,-2,1,0.8782,56.35,130.09,49.69,35.07,88.50,159.00,127.00,44.00,0.0776,43.24,1,0,2.8958,ACCEPT,0,1259,1785,32767,10,500,591,0,0,0,0
497,0,1,1,ACCEPT,38.6573,2.6697,590,1,2,0.8864,57.12,131.18,51.67,36.48,88.50,160.00,127.00,42.00,0.0806,42.60,1,1,2.9244,ACCEPT,0,1239,1784,32767,10,500,590,0,0,0,0
498,0,1,1,ACCEPT,39.6250,2.9466,607,0,-1,0.9671,57.12,130.61,51.67,36.48,88.50,160.50,127.00,43.00,0.0744,43.33,1,0,3.1351,ACCEPT,0,1254,1795,32766,10,500,607,0,0,0,0
499,0,1,1,ACCEPT,38.9598,2.7731,599,1,-1,0.9549,57.93,130.04,51.67,36.48,89.50,160.50,127.00,43.00,0.0698,43.87,1,0,3.0529,ACCEPT,0,1232,1762,32767,10,500,599,0,0,0,0
500,0,1,1,ACCEPT,38.5360,3.0632,582,1,1,0.9158,58.73,130.61,49.69,35.07,90.50,160.50,127.00,43.00,0.0673,43.62,1,-1,3.0073,ACCEPT,0,1308,1761,32767,10,500,582,0,0,0,0
0,0,0,0,ZERO_RESPONSE,0.0000,0.0000,0,0,0,0.0000,102.00,154.50,74.00,33.00,102.00,154.50,74.00,33.00,1.0000,0.00,1,0,0.0000,NOT_RUN,0,0,3583,20171,11,566,0,0,0,0,0
1,0,1,1,ACCEPT,43.3479,2.8287,809,0,0,1.0000,102.00,154.50,74.00,33.00,102.00,153.50,74.00,35.00,0.9429,1.00,1,0,3.3273,ACCEPT,0,1417,3392,25127,11,566,809,0,0,0,0
2,0,1,1,ACCEPT,36.3799,3.0301,1006,-1,0,0.9781,100.84,154.50,74.00,33.00,101.50,154.50,73.00,39.00,0.8332,0.66,1,0,3.2297,ACCEPT,0,1951,3128,27962,11,566,1006,0,0,0,0
3,0,1,1,ACCEPT,32.4421,2.6927,1069,0,0,1.0000,100.84,154.50,74.00,33.00,102.00,155.00,74.00,40.00,0.8018,1.26,1,0,3.2114,ACCEPT,0,2181,2937,29757,11,566,1069,0,0,0,0
4,0,1,1,ACCEPT,26.1078,2.2842,1053,-1,1,0.9867,99.69,155.02,74.00,33.00,101.00,155.00,74.00,46.00,0.6958,1.31,1,0,2.8967,ACCEPT,0,2372,2788,30030,11,566,1053,0,0,0,0
5,0,1,1,ACCEPT,24.5039,2.1920,1096,0,1,0.9854,99.69,155.53,74.00,33.00,101.00,156.00,74.00,50.00,0.6408,1.39,1,0,3.0309,ACCEPT,0,2586,2611,29544,11,566,1096,0,0,0,0
6,0,1,1,ACCEPT,25.0493,2.2945,1161,0,-1,0.9630,99.69,155.02,74.00,33.00,101.00,156.50,74.00,51.00,0.6284,1.98,1,0,3.1168,ACCEPT,0,2712,2512,28826,11,566,1161,0,0,0,0
7,0,1,1,ACCEPT,23.9345,2.3526,1141,-1,1,0.9553,98.53,155.53,74.00,33.00,100.50,157.00,75.00,56.00,0.5634,2.46,1,0,2.8384,ACCEPT,0,2785,2421,27111,11,566,1141,0,0,0,0
8,0,1,1,ACCEPT,23.1074,2.4922,1124,0,-1,0.9893,98.53,155.02,74.00,33.00,100.00,157.00,74.00,60.00,0.5333,2.47,1,0,2.9931,ACCEPT,0,2807,2353,26095,11,566,1124,0,0,0,0
9,0,1,1,ACCEPT,23.2121,2.4289,1144,0,1,0.9458,98.53,155.53,74.00,33.00,99.50,156.50,75.00,63.00,0.5119,1.37,1,0,3.0747,ACCEPT,0,2969,2295,24675,11,566,1144,0,0,0,0
10,0,1,1,ACCEPT,24.4905,2.4341,1200,0,0,1.0000,98.53,155.53,74.00,33.00,99.00,158.00,74.00,64.00,0.5107,2.51,1,0,3.1338,ACCEPT,0,2885,2173,23105,11,566,1200,0,0,0,0
11,0,1,1,ACCEPT,25.7967,2.1961,1254,-1,0,0.9976,97.38,155.53,74.00,33.00,99.00,159.00,74.00,66.00,0.4837,3.83,1,0,2.9741,ACCEPT,0,2957,2134,20938,11,566,1254,0,0,0,0
12,0,1,1,ACCEPT,26.8395,2.5514,1291,1,0,0.9752,98.53,155.53,74.00,33.00,98.50,158.00,75.00,68.00,0.4788,2.47,1,0,3.1106,ACCEPT,0,2976,2032,21718,11,566,1291,0,0,0,0
13,0,1,1,ACCEPT,28.0058,2.2883,1373,-1,1,0.9621,97.38,156.05,74.00,33.00,98.50,158.50,73.00,65.00,0.4977,2.70,1,0,3.1027,ACCEPT,0,3171,2062,23252,11,566,1373,0,0,0,0
14,0,1,1,ACCEPT,28.5106,2.5808,1422,1,1,0.9522,98.53,156.56,74.00,33.00,99.00,157.50,74.00,63.00,0.5188,1.05,1,0,2.9917,ACCEPT,0,3260,2060,26413,11,566,1422,0,0,0,0
15,0,1,1,ACCEPT,29.5093,2.6221,1589,-1,-1,0.9547,97.38,156.05,74.00,33.00,99.00,158.00,76.00,62.00,0.5116,2.54,1,0,3.0940,ACCEPT,0,3571,2051,26731,11,566,1589,0,0,0,0
16,0,1,1,ACCEPT,28.1992,2.2346,1486,1,1,0.9623,98.53,156.56,74.00,33.00,97.00,158.00,78.00,60.00,0.5218,2.10,1,0,2.8958,ACCEPT,0,3543,2131,26639,11,566,1486,0,0,0,0
17,0,1,1,ACCEPT,29.0213,2.3205,1448,0,-1,0.9406,98.53,156.05,74.00,33.00,96.00,158.00,82.00,58.00,0.5135,3.20,1,0,3.0380,ACCEPT,0,3303,2131,25511,11,566,1448,0,0,0,0
18,0,1,1,ACCEPT,29.2357,2.3254,1372,0,1,0.9883,98.53,156.56,74.00,33.00,96.50,158.50,81.00,53.00,0.5688,2.81,1,0,2.9084,ACCEPT,0,3105,2153,26862,11,566,1372,0,0,0,0
19,0,1,1,ACCEPT,29.8260,2.3366,1423,1,-1,0.9424,99.69,156.05,74.00,33.00,96.00,158.50,84.00,51.00,0.5700,4.43,1,0,3.0155,ACCEPT,0,3136,2121,25685,11,566,1423,0,0,0,0
20,0,1,1,ACCEPT,30.1600,2.4718,1357,0,0,1.0000,99.69,156.05,74.00,33.00,95.50,157.00,83.00,48.00,0.6130,4.29,1,0,2.8912,ACCEPT,0,2986,2176,26605,11,566,1357,0,0,0,0
21,0,1,1,ACCEPT,30.7040,2.6430,1414,0,-1,0.9851,99.69,155.53,74.00,33.00,95.00,157.50,84.00,49.00,0.5933,5.08,1,0,2.9882,ACCEPT,0,3114,2175,27661,11,566,1414,0,0,0,0
22,0,1,1,ACCEPT,30.7253,2.6399,1444,0,-2,0.9030,99.69,154.50,74.00,33.00,95.00,157.00,86.00,48.00,0.5916,5.31,1,0,3.0478,ACCEPT,0,3117,2123,26899,11,566,1444,0,0,0,0
23,0,1,1,ACCEPT,30.7836,2.5009,1383,0,-2,0.9234,99.69,153.47,74.00,33.00,95.00,155.50,86.00,49.00,0.5795,5.11,1,0,3.0445,ACCEPT,0,3004,2156,24852,11,566,1383,0,0,0,0
24,0,1,1,ACCEPT,31.5662,2.6270,1282,0,1,0.9704,99.69,153.98,74.00,33.00,96.00,155.50,84.00,47.00,0.6185,3.99,1,0,2.7484,ACCEPT,0,2855,2177,25888,11,566,1282,0,0,0,0
25,0,1,1,ACCEPT,31.3007,2.5616,1309,1,-2,0.8541,100.84,152.95,74.00,33.00,96.00,154.50,84.00,47.00,0.6185,5.08,1,0,2.8180,ACCEPT,0,2784,2137,24516,11,566,1309,0,0,0,0
26,0,1,1,ACCEPT,30.5287,2.4691,1237,0,-1,0.9563,100.84,152.44,74.00,33.00,95.50,154.00,87.00,48.00,0.5848,5.57,1,0,2.8896,ACCEPT,0,2722,2143,23120,11,566,1237,0,0,0,0
27,0,1,1,ACCEPT,30.2501,2.3454,1168,0,0,1.0000,100.84,152.44,74.00,33.00,97.50,154.50,85.00,47.00,0.6113,3.93,1,0,2.8554,ACCEPT,0,2662,2151,23963,11,566,1168,0,0,0,0
28,0,1,1,ACCEPT,30.0609,2.4056,1198,0,0,1.0000,100.84,152.44,74.00,33.00,97.00,153.00,86.00,46.00,0.6173,3.88,1,0,2.8192,ACCEPT,0,2739,2180,23504,11,566,1198,0,0,0,0
29,0,1,1,ACCEPT,29.1687,2.4639,1126,0,0,1.0000,100.84,152.44,74.00,33.00,97.00,153.50,86.00,47.00,0.6042,3.99,1,0,2.8481,ACCEPT,0,2618,2126,22501,11,566,1126,0,0,0,0
30,0,1,1,ACCEPT,29.2233,2.3933,1065,0,0,1.0000,100.84,152.44,74.00,33.00,95.50,153.50,87.00,47.00,0.5972,5.45,1,0,2.8574,ACCEPT,0,2535,2134,23216,11,566,1065,0,0,0,0
31,0,1,1,ACCEPT,27.6355,2.1292,1071,0,0,1.0000,100.84,152.44,74.00,33.00,95.00,153.50,88.00,47.00,0.5904,5.94,1,0,2.7987,ACCEPT,0,2589,2175,23887,11,566,1071,0,0,0,0
32,0,1,1,ACCEPT,26.4690,2.2182,1098,-1,1,0.9827,99.69,152.95,74.00,33.00,94.50,154.00,87.00,46.00,0.6102,5.29,1,0,2.9036,ACCEPT,0,2759,2168,26681,11,566,1098,0,0,0,0
33,0,1,1,ACCEPT,26.3272,2.0979,1221,0,-1,0.9853,99.69,152.44,74.00,33.00,95.00,154.00,84.00,44.00,0.6607,4.94,1,0,2.8408,ACCEPT,0,2969,2200,25655,11,566,1221,0,0,0,0
34,0,1,1,ACCEPT,24.9746,1.9501,1172,0,3,0.8686,99.69,153.98,74.00,33.00,95.00,155.00,84.00,42.00,0.6922,4.80,1,0,2.8563,ACCEPT,0,2944,2150,27066,11,566,1172,0,0,0,0
35,0,1,1,ACCEPT,23.3174,2.0398,1179,0,-1,0.9754,99.69,153.47,74.00,33.00,95.00,154.50,84.00,41.00,0.7091,4.80,1,0,2.8815,ACCEPT,0,2999,2120,26472,11,566,1179,0,0,0,0
36,0,1,1,ACCEPT,22.7210,1.8841,1187,0,1,0.9722,99.69,153.98,74.00,33.00,94.50,155.50,85.00,41.00,0.7007,5.40,1,0,2.8543,ACCEPT,0,3068,2115,27666,11,566,1187,0,0,0,0
37,0,1,1,ACCEPT,21.1256,1.7291,1219,0,1,0.9918,99.69,154.50,74.00,33.00,94.00,156.50,86.00,43.00,0.6604,6.03,1,0,2.7382,ACCEPT,0,3269,2083,26856,11,566,1219,0,0,0,0
38,0,1,1,ACCEPT,19.3636,1.6357,1181,-1,0,0.9771,98.53,154.50,71.15,31.73,94.50,156.50,83.00,45.00,0.6045,4.50,1,-1,2.6599,ACCEPT,0,3307,2135,25556,11,566,1181,0,0,0,0
39,0,1,1,ACCEPT,20.1407,1.7700,1216,-1,-1,0.9794,97.42,154.01,71.15,31.73,94.00,158.50,82.00,45.00,0.6119,5.65,1,0,2.8414,ACCEPT,0,3449,2240,26013,11,566,1216,0,0,0,0
40,0,1,1,ACCEPT,18.9967,1.5955,1203,1,3,0.8770,98.53,155.48,71.15,31.73,95.00,158.50,78.00,47.00,0.6144,4.64,1,0,2.2610,ACCEPT,0,3398,2230,25818,11,566,1203,0,0,0,0
41,0,1,1,ACCEPT,17.2371,1.5837,1126,-2,1,0.8961,96.31,155.98,71.15,31.73,95.50,159.50,77.00,49.00,0.5984,3.62,1,0,2.5004,ACCEPT,0,3669,2238,26022,11,566,1126,0,0,0,0
42,0,1,1,ACCEPT,17.8945,1.6034,1148,1,-1,0.9434,97.42,155.48,71.15,31.73,96.50,158.00,75.00,48.00,0.6272,2.68,1,0,2.5178,ACCEPT,0,3629,2208,26277,11,566,1148,0,0,0,0
43,0,1,1,ACCEPT,19.4327,1.8801,1207,0,0,1.0000,97.42,155.48,71.15,31.73,98.00,158.00,72.00,48.00,0.6509,2.58,1,0,2.6700,ACCEPT,0,3688,2185,25191,11,566,1207,0,0,0,0
44,0,1,1,ACCEPT,20.1939,2.0017,1207,0,-1,0.9884,97.42,154.99,71.15,31.73,97.50,160.50,71.00,51.00,0.6213,5.51,1,0,2.7192,ACCEPT,0,3804,2126,26608,11,566,1207,0,0,0,0
45,0,1,1,ACCEPT,20.4332,2.1062,1289,0,-2,0.9496,97.42,154.01,71.15,31.73,98.00,159.50,70.00,51.00,0.6158,5.52,1,0,2.8105,ACCEPT,0,3922,2072,29016,11,566,1289,0,0,0,0
46,0,1,1,ACCEPT,17.5535,2.0686,1266,0,-1,0.9858,97.42,153.52,71.15,31.73,98.00,159.50,70.00,51.00,0.6158,6.01,1,0,2.9625,ACCEPT,0,4548,1918,32767,11,566,1266,0,0,0,0
47,0,1,1,ACCEPT,15.6708,1.8426,1229,0,-2,0.9097,97.42,152.53,71.15,31.73,99.00,159.00,68.00,50.00,0.6165,6.66,1,0,2.8831,ACCEPT,0,4643,1870,32767,11,566,1229,0,0,0,0
48,0,1,1,ACCEPT,15.5293,1.7326,1147,0,-1,0.9869,97.42,152.04,68.42,30.51,100.00,159.00,66.00,50.00,0.5773,7.42,1,-1,2.8462,ACCEPT,0,4338,1615,32767,11,566,1147,0,0,0,0
49,0,1,1,ACCEPT,14.2457,1.6194,970,0,-1,0.9907,97.42,151.56,68.42,30.51,99.50,157.50,65.00,43.00,0.6775,6.29,1,0,2.8177,ACCEPT,0,4016,1539,32767,11,566,970,0,0,0,0
50,0,1,1,ACCEPT,12.3745,1.4833,890,0,-3,0.8831,97.42,150.13,68.42,30.51,100.00,156.00,66.00,42.00,0.6783,6.41,1,0,2.7790,ACCEPT,0,4015,1518,31129,11,566,890,0,0,0,0
51,0,1,1,ACCEPT,11.6331,1.3981,871,1,0,0.9954,98.49,150.13,68.42,30.51,100.50,156.50,65.00,43.00,0.6742,6.68,1,0,2.9558,ACCEPT,0,3974,1539,28075,11,566,871,0,0,0,0
52,0,1,1,ACCEPT,9.9444,1.3537,754,0,-1,0.9881,98.49,149.66,65.79,29.34,102.00,158.00,66.00,42.00,0.5687,9.05,1,-1,2.5369,ACCEPT,0,3765,1606,28089,11,566,754,0,0,0,0
53,0,1,1,ACCEPT,9.7609,1.2809,766,1,-2,0.9347,99.52,148.73,65.79,29.34,103.00,157.50,64.00,41.00,0.5530,9.43,1,0,3.3353,ACCEPT,0,4121,1506,29174,11,566,766,0,0,0,0
54,0,1,1,ACCEPT,10.1556,1.2978,767,-1,0,0.9804,98.49,148.73,63.26,28.21,103.50,157.00,63.00,40.00,0.5358,9.66,1,-1,3.1495,ACCEPT,0,4500,1417,30382,11,566,767,0,0,0,0
55,0,1,1,ACCEPT,7.9746,1.3859,650,0,4,0.7846,98.49,150.48,60.82,27.12,104.00,156.50,64.00,41.00,0.5653,8.16,1,-1,2.6958,ACCEPT,0,4966,1295,31597,11,566,650,0,0,0,0
56,0,1,1,ACCEPT,5.9888,1.0192,531,3,11,0.9605,101.35,155.12,63.26,28.21,104.00,155.50,62.00,43.00,0.6134,2.67,1,1,2.5311,ACCEPT,0,5663,1276,32767,11,566,531,0,0,0,0
57,0,1,1,ACCEPT,8.7909,1.3495,780,0,0,1.0000,101.35,155.12,63.26,28.21,102.50,155.50,65.00,43.00,0.6339,1.21,1,0,2.9657,ACCEPT,0,6116,1352,32767,11,566,780,0,0,0,0
58,0,1,1,ACCEPT,8.4666,1.4526,828,-1,1,0.9867,100.36,155.56,63.26,28.21,100.50,155.00,71.00,42.00,0.5984,0.58,1,0,3.4341,ACCEPT,0,6612,1426,32767,11,566,828,0,0,0,0
59,0,1,1,ACCEPT,8.2401,1.2818,805,0,-2,0.9677,100.36,154.69,63.26,28.21,97.50,154.50,75.00,43.00,0.5533,2.87,1,0,3.4565,ACCEPT,0,6576,1501,32767,11,566,805,0,0,0,0
60,0,1,1,ACCEPT,8.8937,1.4465,865,-1,1,0.9931,99.37,155.12,63.26,28.21,97.50,154.50,75.00,43.00,0.5533,1.97,1,0,3.4187,ACCEPT,0,6475,1494,32767,11,566,865,0,0,0,0
61,0,1,1,ACCEPT,8.6311,1.2685,789,0,0,1.0000,99.37,155.12,63.26,28.21,97.00,154.50,74.00,41.00,0.5881,2.45,1,0,3.5932,ACCEPT,0,5978,1540,32767,11,566,789,0,0,0,0
62,0,1,1,ACCEPT,8.8062,1.3732,780,-1,0,0.9590,98.38,155.12,63.26,28.21,96.00,153.50,74.00,43.00,0.5608,2.88,1,0,3.1843,ACCEPT,0,5777,1599,32767,11,566,780,0,0,0,0
63,0,1,1,ACCEPT,9.4422,1.4117,823,0,0,1.0000,98.38,155.12,63.26,28.21,96.50,152.00,73.00,44.00,0.5555,3.64,1,0,3.1540,ACCEPT,0,5593,1552,32767,11,566,823,0,0,0,0
64,0,1,1,ACCEPT,8.5503,1.2653,744,-1,0,0.9852,97.38,155.12,63.26,28.21,96.00,152.00,72.00,46.00,0.5388,3.42,1,0,1.9130,LOW_CONF,0,5583,1567,32767,11,566,744,0,0,0,0
65,0,1,1,ACCEPT,8.8535,1.3878,748,0,-2,0.9398,97.38,154.25,60.82,27.12,97.00,151.00,70.00,48.00,0.4910,3.27,1,-1,2.1755,ACCEPT,0,5311,1481,32767,11,566,748,0,0,0,0
66,0,1,1,ACCEPT,9.5905,1.6585,811,0,-1,0.9988,97.38,153.83,60.82,27.12,97.00,151.00,68.00,48.00,0.5054,2.85,1,0,2.8249,ACCEPT,0,5329,1408,32767,11,566,811,0,0,0,0
67,0,1,1,ACCEPT,10.4035,1.8406,935,-1,0,0.9904,96.43,153.83,58.48,26.08,99.00,151.00,66.00,50.00,0.4622,3.82,1,-1,2.5767,ACCEPT,0,5348,1361,32767,11,566,935,0,0,0,0
68,0,1,1,ACCEPT,9.4481,1.9672,901,-1,-1,0.9578,95.52,153.42,56.23,25.08,98.50,151.00,65.00,52.00,0.4172,3.84,1,-1,2.6795,ACCEPT,0,5565,1383,28457,11,566,901,0,0,0,0
69,0,1,1,ACCEPT,9.8019,1.8615,914,-1,1,0.9891,94.64,153.81,56.23,25.08,98.00,151.50,64.00,51.00,0.4320,4.08,1,0,2.6593,ACCEPT,0,5562,1591,24101,11,566,914,0,0,0,0
70,0,1,1,ACCEPT,10.6948,1.9649,896,0,-2,0.8683,94.64,153.03,56.23,25.08,98.50,152.00,63.00,48.00,0.4606,3.99,1,0,2.8239,ACCEPT,0,5184,1478,23937,11,566,896,0,0,0,0
71,0,1,1,ACCEPT,12.0871,1.9581,981,0,1,0.9878,94.64,153.42,56.23,25.08,99.50,153.00,61.00,46.00,0.4700,4.88,1,0,2.3820,ACCEPT,0,5377,1450,23992,11,566,981,0,0,0,0
72,0,1,1,ACCEPT,13.3407,2.0653,1076,0,1,0.9879,94.64,153.81,56.23,25.08,99.50,154.50,61.00,43.00,0.5021,4.91,1,0,2.2467,ACCEPT,0,5586,1585,23273,11,566,1076,0,0,0,0
73,0,1,1,ACCEPT,13.4091,2.0563,1096,-1,-2,0.8659,93.77,153.03,56.23,25.08,99.00,156.00,62.00,40.00,0.5322,6.02,1,0,2.5535,ACCEPT,0,5957,1909,21356,11,566,1096,0,0,0,0
74,0,1,1,ACCEPT,15.0087,2.0178,1249,0,1,0.9520,93.77,153.42,56.23,25.08,98.00,157.50,60.00,39.00,0.5633,5.88,1,0,2.9315,ACCEPT,0,6126,1837,20404,11,566,1249,0,0,0,0
75,0,1,1,ACCEPT,16.2423,1.9651,1240,0,1,0.9500,93.77,153.81,56.23,25.08,97.00,157.50,62.00,37.00,0.6086,4.90,1,0,2.8896,ACCEPT,0,5676,1835,20551,11,566,1240,0,0,0,0
76,0,1,1,ACCEPT,16.9431,2.1224,1248,-1,-1,0.9615,92.89,153.42,56.23,25.08,96.00,157.50,60.00,37.00,0.6129,5.13,1,0,3.1875,ACCEPT,0,5679,1803,21278,11,566,1248,0,0,0,0
77,0,1,1,ACCEPT,18.8764,2.3872,1344,-1,2,0.8832,92.02,154.20,56.23,25.08,96.00,157.50,60.00,37.00,0.5973,5.17,1,0,2.9534,ACCEPT,0,5439,1596,24124,11,566,1344,0,0,0,0
78,0,1,1,ACCEPT,19.8928,2.3685,1414,0,-1,0.9915,92.02,153.81,56.23,25.08,95.50,157.50,59.00,39.00,0.5768,5.07,1,0,3.0587,ACCEPT,0,5354,1662,22904,11,566,1414,0,0,0,0
79,0,1,1,ACCEPT,20.9199,2.5435,1404,-1,0,0.9907,91.14,153.81,56.23,25.08,95.00,156.00,58.00,44.00,0.5085,4.44,1,0,2.8850,ACCEPT,0,5010,1555,21883,11,566,1404,0,0,0,0
80,0,1,1,ACCEPT,20.5699,2.0762,1416,0,-1,0.9873,91.14,153.42,56.23,25.08,94.00,155.00,58.00,46.00,0.5007,3.27,1,0,2.8137,ACCEPT,0,4714,1346,22150,11,566,1416,0,0,0,0
81,0,1,1,ACCEPT,21.8568,2.4501,1399,-1,2,0.9049,90.27,154.20,56.23,25.08,94.50,155.50,59.00,47.00,0.4706,4.43,1,0,3.0580,ACCEPT,0,4219,1335,22112,11,566,1399,0,0,0,0
82,0,1,1,ACCEPT,21.3351,2.3688,1426,-1,-1,0.9790,89.39,153.81,56.23,25.08,92.50,157.00,61.00,50.00,0.4537,4.45,1,0,3.0582,ACCEPT,0,4796,1405,19376,11,566,1426,0,0,0,0
83,0,1,1,ACCEPT,17.7272,2.0823,1139,0,-1,0.9710,89.39,153.42,56.23,25.08,92.00,160.00,58.00,48.00,0.4835,7.08,1,0,3.2156,ACCEPT,0,4529,1519,16464,11,566,1139,0,0,0,0
84,0,1,1,ACCEPT,17.3694,2.2738,1005,0,1,0.9522,89.39,153.81,56.23,25.08,91.00,163.50,60.00,45.00,0.5223,9.82,1,0,3.2383,ACCEPT,0,4145,1566,16904,11,566,1005,0,0,0,0
85,0,1,1,ACCEPT,15.0802,2.2418,955,-1,-1,0.8974,88.52,153.42,56.23,25.08,90.00,164.50,58.00,47.00,0.5054,11.18,1,0,3.0061,ACCEPT,0,3749,1581,16150,11,566,955,0,0,0,0
86,0,1,1,ACCEPT,16.2778,2.2729,1216,-2,1,0.8668,86.77,153.81,54.07,24.11,90.50,168.00,57.00,44.00,0.3699,14.67,1,-1,2.9377,ACCEPT,0,4095,1696,16959,11,566,1216,0,0,0,0
87,0,1,1,ACCEPT,16.6751,2.2886,1364,0,-2,0.8321,86.77,153.06,54.07,24.11,91.00,170.00,58.00,44.00,0.2987,17.46,1,0,3.1103,ACCEPT,0,5047,1741,15621,11,566,1364,0,0,0,0
88,0,1,1,ACCEPT,19.0273,2.3459,1431,-1,-1,0.9693,85.92,152.69,54.07,24.11,89.50,169.00,57.00,48.00,0.3404,16.70,1,0,3.0649,ACCEPT,0,4770,1605,16592,11,566,1431,0,0,0,0
89,0,1,1,ACCEPT,20.8732,2.1186,1572,0,-1,0.9510,85.92,152.31,54.07,24.11,90.00,170.00,58.00,48.00,0.3046,18.15,1,0,3.0041,ACCEPT,0,4546,1575,16144,11,566,1572,0,0,0,0
90,0,1,1,ACCEPT,23.3549,2.1739,1613,-1,1,0.9547,85.08,152.69,54.07,24.11,90.00,169.00,58.00,48.00,0.3278,17.04,1,0,2.9890,ACCEPT,0,4390,1537,15811,11,566,1613,0,0,0,0
91,0,1,1,ACCEPT,22.3406,2.4946,1619,0,-2,0.8610,85.08,151.94,54.07,24.11,89.00,167.50,56.00,49.00,0.3607,16.05,1,0,2.9458,ACCEPT,0,4361,1800,13738,11,566,1619,0,0,0,0
92,0,1,1,ACCEPT,23.2696,2.1864,1642,-1,0,0.9994,84.23,151.94,51.99,23.19,88.50,167.00,55.00,52.00,0.3752,15.65,1,-1,2.9929,ACCEPT,0,4286,1603,15794,11,566,1642,0,0,0,0
93,0,1,1,ACCEPT,22.3366,2.2370,1633,1,-1,0.9584,85.05,151.58,51.99,23.19,89.00,166.00,56.00,50.00,0.3831,14.95,1,0,2.6900,ACCEPT,0,4462,1438,15472,11,566,1633,0,0,0,0
94,0,1,1,ACCEPT,21.9274,2.4171,1501,-1,-2,0.8674,84.23,150.86,51.99,23.19,88.50,165.50,53.00,49.00,0.3738,15.25,1,0,3.0869,ACCEPT,0,4300,1495,14590,11,566,1501,0,0,0,0
95,0,1,1,ACCEPT,23.4385,2.4476,1542,0,1,0.9877,84.23,151.22,51.99,23.19,88.50,166.00,53.00,48.00,0.3656,15.38,1,0,3.1920,ACCEPT,0,3853,1390,15894,11,566,1542,0,0,0,0
96,0,1,1,ACCEPT,23.4133,2.2486,1583,0,1,0.9874,84.23,151.58,51.99,23.19,88.50,166.00,55.00,46.00,0.3621,15.04,1,0,3.0434,ACCEPT,0,3815,1374,15981,11,566,1583,0,0,0,0
97,0,1,1,ACCEPT,22.5619,2.3338,1601,0,-2,0.8239,84.23,150.86,51.99,23.19,89.00,164.00,52.00,40.00,0.3610,13.98,1,0,3.1671,ACCEPT,0,3791,1483,16943,11,566,1601,0,0,0,0
98,0,1,1,ACCEPT,21.4048,2.3942,1743,0,0,1.0000,84.23,150.86,51.99,23.19,89.00,166.00,50.00,36.00,0.2858,15.87,1,0,3.2508,ACCEPT,0,4044,1525,17561,11,566,1743,0,0,0,0
99,0,1,1,ACCEPT,21.5322,2.5341,1784,0,0,1.0000,84.23,150.86,51.99,23.19,90.00,165.50,50.00,33.00,0.2708,15.74,1,0,3.2115,ACCEPT,0,4060,1632,18328,11,566,1784,0,0,0,0
100,0,1,1,ACCEPT,19.5931,2.3588,1821,0,-1,0.9978,84.23,150.50,51.99,23.19,90.50,165.50,49.00,27.00,0.2144,16.26,1,0,3.2103,ACCEPT,0,4793,1695,17698,11,566,1821,0,0,0,0
101,0,1,1,ACCEPT,18.5402,2.1348,1789,0,-2,0.9363,84.23,149.78,51.99,23.19,91.50,165.00,47.00,22.00,0.1615,16.86,1,0,3.0728,ACCEPT,0,5530,1629,17306,11,566,1789,0,0,0,0
102,0,1,1,ACCEPT,20.3801,2.2881,1803,0,0,1.0000,84.23,149.78,51.99,23.19,92.50,164.00,45.00,20.00,0.1640,16.45,1,0,3.1368,ACCEPT,0,5225,1606,20499,11,566,1803,0,0,0,0
103,0,1,1,ACCEPT,21.8878,2.3096,2007,0,0,1.0000,84.23,149.78,51.99,23.19,93.50,162.50,45.00,17.00,0.1721,15.74,1,0,3.2116,ACCEPT,0,5488,1625,21521,11,566,2007,0,0,0,0
104,0,1,1,ACCEPT,22.7542,2.4113,2011,0,-1,0.9498,84.23,149.42,51.99,23.19,93.50,162.50,43.00,17.00,0.1607,16.03,1,0,3.2056,ACCEPT,0,5138,1538,23258,11,566,2011,0,0,0,0
105,0,1,1,ACCEPT,24.7285,2.4207,2060,0,1,0.9602,84.23,149.78,51.99,23.19,94.50,162.50,41.00,17.00,0.1634,16.34,1,0,3.2000,ACCEPT,0,5012,1585,24199,11,566,2060,0,0,0,0
106,0,1,1,ACCEPT,24.5625,2.3272,2013,1,-2,0.8942,85.05,149.06,51.99,23.19,95.00,163.50,40.00,17.00,0.1212,17.54,1,0,3.1145,ACCEPT,0,4938,1737,25085,11,566,2013,0,0,0,0
107,0,1,1,ACCEPT,26.0386,2.3429,2050,-1,0,0.9917,84.23,149.06,51.99,23.19,95.50,163.00,39.00,18.00,0.1356,17.92,1,0,3.1811,ACCEPT,0,4889,1674,26637,11,566,2050,0,0,0,0
108,0,1,1,ACCEPT,26.7557,2.3220,2041,1,0,0.9990,85.05,149.06,51.99,23.19,96.00,163.00,38.00,18.00,0.1362,17.73,1,0,3.1196,ACCEPT,0,4706,1582,28331,11,566,2041,0,0,0,0
109,0,1,1,ACCEPT,26.2405,2.4370,2013,-1,-1,0.9717,84.23,148.70,51.99,23.19,96.00,162.00,38.00,20.00,0.1631,17.75,1,0,3.2202,ACCEPT,0,4572,1682,27846,11,566,2013,0,0,0,0
110,0,1,1,ACCEPT,25.7412,2.5221,1937,0,-1,0.9442,84.23,148.34,51.99,23.19,95.50,163.50,39.00,21.00,0.1329,18.88,1,0,3.2326,ACCEPT,0,4522,1784,28194,11,566,1937,0,0,0,0
111,0,1,1,ACCEPT,27.1514,2.6467,1940,0,1,0.9557,84.23,148.70,51.99,23.19,96.00,163.00,38.00,22.00,0.1561,18.52,1,0,3.2150,ACCEPT,0,4563,1641,30221,11,566,1940,0,0,0,0
112,0,1,1,ACCEPT,25.4455,2.3386,1782,0,-3,0.8272,84.23,147.62,51.99,23.19,95.50,162.50,37.00,23.00,0.1531,18.66,1,0,3.1072,ACCEPT,0,4216,1748,30817,11,566,1782,0,0,0,0
113,0,1,1,ACCEPT,26.0514,2.3860,1842,-1,-1,0.9707,83.42,147.27,51.99,23.19,95.00,162.50,38.00,23.00,0.1445,19.13,1,0,3.2080,ACCEPT,0,4270,1693,30739,11,566,1842,0,0,0,0
114,0,1,1,ACCEPT,27.3994,2.3338,1741,0,1,0.9765,83.42,147.62,51.99,23.19,95.00,162.00,38.00,22.00,0.1554,18.46,1,0,3.2305,ACCEPT,0,3936,1624,31862,11,566,1741,0,0,0,0
115,0,1,1,ACCEPT,26.5403,2.4356,1644,0,-3,0.8041,83.42,146.55,51.99,23.19,94.00,162.50,38.00,21.00,0.1179,19.14,1,0,3.0752,ACCEPT,0,4008,1719,31449,11,566,1644,0,0,0,0
116,0,1,1,ACCEPT,25.2324,2.4826,1574,-1,-2,0.8386,82.61,145.83,51.99,23.19,93.50,162.50,37.00,21.00,0.1012,19.91,1,0,3.1309,ACCEPT,0,3963,1651,31077,11,566,1574,0,0,0,0
117,0,1,1,ACCEPT,25.6395,2.2621,1493,-2,-1,0.9156,80.98,145.47,51.99,23.19,93.00,163.00,38.00,22.00,0.0891,21.25,1,0,3.1319,ACCEPT,0,3686,1630,31804,11,566,1493,0,0,0,0
118,0,1,1,ACCEPT,22.9753,2.0774,1423,-1,-2,0.9206,80.17,144.75,51.99,23.19,93.00,162.00,38.00,20.00,0.0765,21.50,1,0,3.1117,ACCEPT,0,3731,1545,30688,11,566,1423,0,0,0,0
119,0,1,1,ACCEPT,20.2307,2.0663,1215,0,-6,0.4634,80.17,142.59,51.99,23.19,92.00,161.50,38.00,21.00,0.0557,22.30,1,0,3.2547,ACCEPT,0,3482,1590,29361,11,566,1215,0,0,0,0
120,0,1,1,ACCEPT,22.9268,2.3019,1220,0,-3,0.7762,80.17,141.52,51.99,23.19,92.00,160.50,36.00,23.00,0.0695,22.37,1,0,3.2413,ACCEPT,0,3191,1506,31524,11,566,1220,0,0,0,0
121,0,1,1,ACCEPT,21.3769,2.1358,1211,-1,-6,0.4682,79.36,139.36,51.99,23.19,91.50,160.00,37.00,26.00,0.0627,23.95,1,0,3.2090,ACCEPT,0,3442,1620,28349,11,566,1211,0,0,0,0
122,0,1,1,ACCEPT,24.4876,2.3679,1210,0,-3,0.7893,79.36,138.28,51.99,23.19,91.00,159.00,38.00,28.00,0.0772,23.76,1,0,3.2465,ACCEPT,0,3058,1487,32640,11,566,1210,0,0,0,0
123,0,1,1,ACCEPT,25.5001,2.5680,1379,1,-2,0.8310,80.17,137.56,51.99,23.19,93.00,158.50,36.00,29.00,0.0769,24.55,1,0,3.1413,ACCEPT,0,3453,1567,32655,11,566,1379,0,0,0,0
124,0,1,1,ACCEPT,21.3316,2.1345,1238,0,-8,0.3013,80.17,134.69,51.99,23.19,93.50,158.50,35.00,29.00,0.0320,27.29,1,0,3.1738,ACCEPT,0,3745,1621,29995,11,566,1238,0,0,0,0
125,0,1,1,ACCEPT,25.6083,2.8213,1247,1,-4,0.5148,80.98,133.25,51.99,23.19,94.50,157.50,35.00,33.00,0.0513,27.76,1,0,3.2529,ACCEPT,0,3228,1634,30314,11,566,1247,0,0,0,0
126,0,1,1,ACCEPT,28.5657,2.5305,1288,1,-1,0.9356,81.80,132.89,51.99,23.19,95.00,158.00,36.00,34.00,0.0462,28.37,1,0,3.2521,ACCEPT,0,2948,1586,32593,11,566,1288,0,0,0,0
127,0,1,1,ACCEPT,25.4193,2.8938,1253,0,-6,0.2913,81.80,130.73,51.99,23.19,96.00,158.00,32.00,36.00,0.0282,30.74,1,0,3.1711,ACCEPT,0,3333,1746,29315,11,566,1253,0,0,0,0
128,0,1,1,ACCEPT,27.8937,3.0916,1283,1,-4,0.4747,82.61,129.30,51.99,23.19,98.00,158.50,34.00,41.00,0.0317,33.01,1,0,3.2014,ACCEPT,0,3035,1619,32767,11,566,1283,0,0,0,0
129,0,1,1,ACCEPT,31.8380,3.0541,1356,0,0,1.0000,82.61,129.30,51.99,23.19,99.00,159.00,34.00,44.00,0.0398,33.93,1,0,3.0927,ACCEPT,0,2849,1588,32767,11,566,1356,0,0,0,0
130,0,1,1,ACCEPT,30.4736,2.7048,1228,1,-2,0.9047,83.42,128.58,51.99,23.19,99.50,161.50,33.00,47.00,0.0212,36.64,1,0,3.2715,ACCEPT,0,2696,1598,32767,11,566,1228,0,0,0,0
131,0,1,1,ACCEPT,30.2895,3.0371,1227,1,-3,0.6985,84.23,127.50,51.99,23.19,97.00,160.50,32.00,47.00,0.0231,35.38,1,0,3.1969,ACCEPT,0,2820,1623,32767,11,566,1227,0,0,0,0
132,0,1,1,ACCEPT,30.9088,2.8448,1283,0,-1,0.9953,84.23,127.14,51.99,23.19,92.50,159.00,27.00,46.00,0.0311,32.91,1,0,3.1734,ACCEPT,0,2759,1641,32767,11,566,1283,0,0,0,0
133,0,1,1,ACCEPT,30.8585,2.9462,1205,0,1,0.9494,84.23,127.50,51.99,23.19,87.50,157.00,23.00,38.00,0.0122,29.68,1,0,3.2944,ACCEPT,0,2315,1603,32767,11,566,1205,0,0,0,0
134,0,1,1,ACCEPT,33.1455,3.1135,1152,0,-3,0.7292,84.23,126.42,51.99,23.19,82.00,157.50,38.00,35.00,0.0000,31.16,1,0,3.2251,ACCEPT,0,2389,1667,32767,11,566,1152,0,0,0,0
135,0,1,1,ACCEPT,36.4531,2.8349,1202,0,3,0.7962,84.23,127.50,51.99,23.19,80.00,158.00,42.00,32.00,0.0000,30.79,1,0,3.2247,ACCEPT,0,2274,1520,32767,11,566,1202,0,0,0,0
136,0,1,1,ACCEPT,32.8434,2.9441,1054,0,-3,0.6584,84.23,126.42,51.99,23.19,77.00,161.00,50.00,24.00,0.0000,35.33,1,0,3.2352,ACCEPT,0,2217,1722,32767,11,566,1054,0,0,0,0
137,0,1,1,ACCEPT,36.3328,3.2849,1222,0,1,0.9640,84.23,126.78,51.99,23.19,73.50,163.00,55.00,22.00,0.0000,37.78,1,0,3.2292,ACCEPT,0,2371,1534,32767,11,566,1222,0,0,0,0
138,0,1,1,ACCEPT,35.2395,3.0000,1119,0,-2,0.8079,84.23,126.06,51.99,23.19,71.50,166.00,59.00,18.00,0.0000,41.92,1,0,3.2616,ACCEPT,0,2252,1602,32767,11,566,1119,0,0,0,0
139,0,1,1,ACCEPT,36.3514,3.1524,1138,0,-1,0.9578,84.23,125.70,51.99,23.19,71.50,170.00,57.00,24.00,0.0000,46.09,1,0,3.2684,ACCEPT,0,2208,1566,32767,11,566,1138,0,0,0,0
140,0,1,1,ACCEPT,35.5649,3.1925,1111,0,-3,0.7039,84.23,124.62,51.99,23.19,73.00,175.50,48.00,31.00,0.0000,52.10,1,0,3.2650,ACCEPT,0,2172,1553,32767,11,566,1111,0,0,0,0
141,0,1,1,ACCEPT,36.6018,2.9239,1114,0,-2,0.8941,84.23,123.91,51.99,23.19,74.00,175.50,42.00,31.00,0.0000,52.60,1,0,3.2011,ACCEPT,0,2138,1429,32767,11,566,1114,0,0,0,0
142,0,1,1,ACCEPT,36.8444,2.7165,1054,1,-2,0.8814,85.05,123.19,51.99,23.19,79.00,178.00,26.00,36.00,0.0000,55.15,1,0,3.1932,ACCEPT,0,2027,1520,32767,11,566,1054,0,0,0,0
143,0,1,1,ACCEPT,36.0488,2.8271,1063,0,-3,0.7065,85.05,122.11,51.99,23.19,83.00,180.50,22.00,43.00,0.0000,58.43,1,0,3.2683,ACCEPT,0,2064,1598,31693,11,566,1063,0,0,0,0
144,0,1,1,ACCEPT,37.4398,3.1045,1040,0,-3,0.7606,85.05,121.03,51.99,23.19,85.50,180.00,27.00,42.00,0.0000,58.97,1,0,3.2912,ACCEPT,0,1997,1355,32767,11,566,1040,0,0,0,0
145,0,1,1,ACCEPT,35.3278,2.9083,951,1,-5,0.3670,85.86,119.23,51.99,23.19,90.50,178.00,35.00,40.00,0.0000,58.95,1,0,3.2943,ACCEPT,0,1975,1367,32767,11,566,951,0,0,0,0
146,0,1,1,ACCEPT,35.5679,3.2388,936,0,-5,0.4231,85.86,117.44,51.99,23.19,92.50,177.00,49.00,34.00,0.0000,59.93,1,0,3.2703,ACCEPT,0,1910,1418,31306,11,566,936,0,0,0,0
147,0,1,1,ACCEPT,38.1380,3.1797,938,0,-3,0.7239,85.86,116.36,51.99,23.19,94.50,177.00,53.00,30.00,0.0000,61.25,1,0,3.2134,ACCEPT,0,1742,1134,32767,11,566,938,0,0,0,0
148,0,1,1,ACCEPT,34.6824,2.7829,846,1,-6,0.2754,86.67,114.20,51.99,23.19,98.00,175.50,54.00,27.00,0.0000,62.33,1,0,3.2820,ACCEPT,0,1743,1274,31827,11,566,846,0,0,0,0
149,0,1,1,ACCEPT,34.4199,2.8280,888,0,-6,0.2939,86.67,112.05,51.99,23.19,97.50,174.00,59.00,26.00,0.0000,62.89,1,0,3.2890,ACCEPT,0,1783,1265,30395,11,566,888,0,0,0,0
150,0,1,1,ACCEPT,37.6537,2.8170,893,0,-4,0.6036,86.67,110.61,51.99,23.19,97.50,177.50,59.00,31.00,0.0000,67.76,1,0,3.3113,ACCEPT,0,1689,1329,29763,11,566,893,0,0,0,0
151,0,1,1,ACCEPT,33.7967,2.8197,860,-1,-8,0.1663,85.86,107.73,49.99,22.29,94.50,179.50,63.00,31.00,0.0000,72.28,1,-1,3.0996,ACCEPT,0,1742,1319,29098,11,566,860,0,0,0,0
152,0,1,1,ACCEPT,32.4013,3.0372,817,0,-7,0.2007,85.86,105.27,49.99,22.29,87.50,184.00,65.00,30.00,0.0000,78.74,1,0,3.1544,ACCEPT,0,1589,1410,25305,11,566,817,0,0,0,0
153,0,1,1,ACCEPT,36.4451,2.7087,837,0,-3,0.7909,85.86,104.22,51.99,23.19,85.00,184.00,60.00,28.00,0.0000,79.79,1,1,3.1252,ACCEPT,0,1506,1157,29849,11,566,837,0,0,0,0
154,0,1,1,ACCEPT,37.4977,2.8517,904,-1,-6,0.3407,85.05,102.06,51.99,23.19,82.50,177.50,49.00,23.00,0.0000,75.48,1,0,3.3015,ACCEPT,0,1726,1317,26561,11,566,904,0,0,0,0
155,0,1,1,ACCEPT,36.1960,3.2022,871,-1,-7,0.1711,84.23,99.55,51.99,23.19,78.00,178.50,38.00,33.00,0.0000,79.20,1,0,3.2852,ACCEPT,0,1721,1602,24044,11,566,871,0,0,0,0
156,0,1,1,ACCEPT,39.6539,2.8121,883,0,-5,0.3658,84.23,97.75,51.99,23.19,73.50,179.00,33.00,30.00,0.0000,81.96,1,0,3.1560,ACCEPT,0,1607,1214,28902,11,566,883,0,0,0,0
157,0,1,1,ACCEPT,39.1364,2.9387,911,-1,-6,0.3381,83.42,95.59,51.99,23.19,65.00,176.00,14.00,28.00,0.0000,82.49,1,0,3.2228,ACCEPT,0,1683,1286,27345,11,566,911,0,0,0,0
158,0,1,1,ACCEPT,40.8227,2.8646,931,0,-5,0.3921,83.42,93.80,51.99,23.19,60.50,174.00,23.00,30.00,0.0000,83.41,1,0,3.0659,ACCEPT,0,1656,1216,28221,11,566,931,0,0,0,0
159,0,1,1,ACCEPT,42.0393,2.8338,972,-1,-1,0.9300,82.61,93.44,51.99,23.19,61.00,172.00,22.00,32.00,0.0000,81.48,1,0,3.3075,ACCEPT,0,1691,1191,29042,11,566,972,0,0,0,0
160,0,1,1,ACCEPT,42.9248,3.3434,993,-1,-2,0.8026,81.80,92.72,51.99,23.19,53.50,176.50,41.00,25.00,0.0000,88.43,1,0,3.1578,ACCEPT,0,1733,1156,29540,11,566,993,0,0,0,0
161,0,1,1,ACCEPT,40.8062,3.2838,972,0,-5,0.3364,81.80,90.92,51.99,23.19,48.50,182.50,51.00,21.00,0.0000,97.44,1,0,3.2804,ACCEPT,0,1741,1320,27688,11,566,972,0,0,0,0
162,0,1,1,ACCEPT,43.8885,2.8444,1024,0,-1,0.9463,81.80,90.56,51.99,23.19,48.00,183.50,56.00,19.00,0.0000,98.89,1,0,3.3020,ACCEPT,0,1708,1394,26615,11,566,1024,0,0,0,0
163,0,1,1,ACCEPT,43.3714,3.1938,1022,-1,-4,0.5851,80.98,89.12,51.99,23.19,46.00,184.00,60.00,16.00,0.0000,101.12,1,0,3.2333,ACCEPT,0,1730,1350,28507,11,566,1022,0,0,0,0
164,0,1,1,ACCEPT,43.8974,3.0749,1067,-1,0,0.9775,80.17,89.12,51.99,23.19,45.00,185.50,60.00,23.00,0.0000,102.59,1,0,3.2904,ACCEPT,0,1792,1238,30958,11,566,1067,0,0,0,0
165,0,1,1,ACCEPT,43.0948,3.0974,1081,0,-1,0.9880,80.17,88.77,51.99,23.19,45.00,186.50,60.00,25.00,0.0000,103.87,1,0,3.2735,ACCEPT,0,1882,1256,29499,11,566,1081,0,0,0,0
166,0,1,1,ACCEPT,42.9110,2.7275,1061,-2,-1,0.8831,78.55,88.41,51.99,23.19,45.50,191.00,57.00,34.00,0.0000,107.78,1,0,3.3197,ACCEPT,0,1956,1437,27640,11,566,1061,0,0,0,0
167,0,1,1,ACCEPT,43.4835,3.0890,1041,-2,1,0.8617,76.92,88.77,51.99,23.19,45.50,193.50,47.00,43.00,0.0000,109.35,1,0,3.1430,ACCEPT,0,1932,1322,27892,11,566,1041,0,0,0,0
168,0,1,1,ACCEPT,45.6577,3.0648,993,0,-2,0.8499,76.92,88.05,51.99,23.19,46.00,195.50,42.00,49.00,0.0000,111.81,1,0,3.2883,ACCEPT,0,1581,1299,26012,11,566,993,0,0,0,0
169,0,1,1,ACCEPT,45.2982,3.0098,921,-2,-2,0.7926,75.30,87.33,51.99,23.19,49.50,197.50,29.00,55.00,0.0000,113.15,1,0,3.2870,ACCEPT,0,1606,1318,24452,11,566,921,0,0,0,0
170,0,1,1,ACCEPT,44.7639,3.0759,892,-1,-1,0.9742,74.48,86.97,51.99,23.19,53.00,199.50,16.00,53.00,0.0000,114.56,1,0,3.2893,ACCEPT,0,1590,1303,22584,11,566,892,0,0,0,0
171,0,1,1,ACCEPT,43.4028,2.7224,814,0,-1,0.9373,74.48,86.61,54.07,24.11,53.50,201.50,17.00,57.00,0.0000,116.79,1,1,3.0256,ACCEPT,0,1535,1381,21036,11,566,814,0,0,0,0
172,0,1,1,ACCEPT,38.9812,3.1012,766,-2,-5,0.4178,72.80,84.73,51.99,23.19,61.50,202.00,29.00,56.00,0.0000,117.81,1,-1,3.1367,ACCEPT,0,1410,1278,21284,11,566,766,0,0,0,0
173,0,1,1,ACCEPT,43.5583,2.7837,785,-2,-3,0.5439,71.17,83.66,51.99,23.19,65.00,202.00,42.00,52.00,0.0000,118.50,1,0,3.2786,ACCEPT,0,1466,1238,19641,11,566,785,0,0,0,0
174,0,1,1,ACCEPT,45.9017,3.3394,728,-1,-1,0.9148,70.36,83.30,51.99,23.19,65.00,201.00,50.00,46.00,0.0000,117.83,1,0,3.2560,ACCEPT,0,1423,1237,18546,11,566,728,0,0,0,0
175,0,1,1,ACCEPT,42.9741,2.8821,709,-2,1,0.7800,68.73,83.66,51.99,23.19,68.50,200.50,59.00,35.00,0.0000,116.84,1,0,3.1315,ACCEPT,0,1434,1248,16809,11,566,709,0,0,0,0
176,0,1,1,ACCEPT,43.9538,2.9139,711,-3,-2,0.5767,66.30,82.94,51.99,23.19,73.00,200.00,66.00,24.00,0.0000,117.25,1,0,3.2829,ACCEPT,0,1341,1284,16323,11,566,711,0,0,0,0
177,0,1,1,ACCEPT,44.6000,2.9167,700,0,-1,0.9886,66.30,82.58,51.99,23.19,74.00,201.00,72.00,22.00,0.0000,118.67,1,0,3.1381,ACCEPT,0,1243,1231,15032,11,566,700,0,0,0,0
178,0,1,1,ACCEPT,41.1766,2.9369,605,-2,-5,0.3950,64.67,80.78,51.99,23.19,78.50,203.50,71.00,15.00,0.0000,123.50,1,0,3.2851,ACCEPT,0,1176,1296,12048,11,566,605,0,0,0,0
179,0,1,1,ACCEPT,40.5113,2.7784,489,-1,-7,0.1738,63.86,78.27,51.99,23.19,83.00,204.00,66.00,20.00,0.0000,127.18,1,0,3.2999,ACCEPT,0,923,1194,12033,11,566,489,0,0,0,0
180,0,1,1,ACCEPT,45.4884,2.8136,498,-1,-2,0.8715,63.05,77.55,51.99,23.19,83.50,204.50,65.00,25.00,0.0000,128.59,1,0,3.1671,ACCEPT,0,963,1219,11829,11,566,498,0,0,0,0
181,0,1,1,ACCEPT,33.0074,2.7107,431,0,-9,0.1067,63.05,74.31,51.99,23.19,90.50,206.50,49.00,33.00,0.0000,135.01,1,0,3.2754,ACCEPT,0,896,1268,9094,11,566,431,0,0,0,0
182,0,1,1,ACCEPT,32.6015,2.4729,319,0,-9,0.1066,63.05,71.08,51.99,23.19,94.00,208.00,40.00,40.00,0.0000,140.38,1,0,3.2972,ACCEPT,0,657,1208,9081,11,566,319,0,0,0,0
183,0,1,1,ACCEPT,38.0554,2.9907,323,0,-6,0.2724,63.05,68.92,51.99,23.19,94.00,207.50,36.00,41.00,0.0000,141.99,1,0,3.2937,ACCEPT,0,609,1252,9088,11,566,323,0,0,0,0
184,0,1,1,ACCEPT,26.9328,2.6698,283,0,-14,0.0919,63.05,63.89,51.99,23.19,92.00,205.00,36.00,42.00,0.0000,144.05,1,0,3.2408,ACCEPT,0,645,1181,8843,11,566,283,0,0,0,0
185,0,1,1,ACCEPT,27.7099,2.9780,271,0,-14,0.0849,63.05,58.86,51.99,23.19,91.00,202.50,54.00,47.00,0.0000,146.34,1,0,3.2289,ACCEPT,0,600,1332,9242,11,566,271,0,0,0,0
186,0,1,1,ACCEPT,39.7990,2.7540,347,0,-7,0.1556,63.05,56.34,51.99,23.19,88.00,204.00,64.00,48.00,0.0000,149.75,1,0,3.2107,ACCEPT,0,684,1152,9831,11,566,347,0,0,0,0
187,0,1,1,ACCEPT,34.1995,2.8319,320,0,-11,0.0344,63.05,52.39,51.99,23.19,85.00,204.50,72.00,39.00,0.0000,153.69,1,0,3.2217,ACCEPT,0,634,1126,9188,11,566,320,0,0,0,0
188,0,1,1,ACCEPT,36.2360,3.0381,319,0,-11,0.0408,63.05,48.44,51.99,23.19,85.50,206.00,73.00,32.00,0.0000,159.15,1,0,3.2754,ACCEPT,0,609,1093,8554,11,566,319,0,0,0,0
189,0,1,1,ACCEPT,40.3689,2.6960,337,1,-4,0.5134,63.86,47.00,51.99,23.19,85.00,208.50,76.00,39.00,0.0000,162.88,1,0,3.2216,ACCEPT,0,669,1068,7941,11,566,337,0,0,0,0
190,0,1,1,ACCEPT,30.5885,3.0532,287,0,-13,0.0592,63.86,42.33,51.99,23.19,87.50,212.00,71.00,50.00,0.0000,171.31,1,0,3.2974,ACCEPT,0,614,1322,7098,11,566,287,0,0,0,0
191,0,1,1,ACCEPT,33.2790,3.1364,276,0,-12,0.0362,63.86,38.02,51.99,23.19,87.50,207.50,71.00,47.00,0.0000,171.13,1,0,3.2785,ACCEPT,0,559,1118,7412,11,566,276,0,0,0,0
192,0,1,1,ACCEPT,38.8686,2.6667,288,0,-8,0.1389,63.86,35.14,51.99,23.19,89.50,210.50,69.00,47.00,0.0000,177.22,1,0,3.2329,ACCEPT,0,524,1145,7623,11,566,288,0,0,0,0
193,0,1,1,ACCEPT,22.5230,1.9035,217,1,-15,0.1106,64.67,29.75,51.99,23.19,95.00,210.00,58.00,44.00,0.0000,182.78,1,0,3.2805,ACCEPT,0,522,1137,6315,11,566,217,0,0,0,0
194,0,1,1,ACCEPT,15.6259,2.0282,144,0,-22,0.0903,64.67,21.84,51.99,23.19,105.00,211.50,48.00,53.00,0.0000,193.90,1,0,3.3136,ACCEPT,0,404,1195,5957,11,566,144,0,0,0,0
195,0,1,1,ACCEPT,24.0019,1.7327,175,0,-11,0.0457,64.67,17.89,51.99,23.19,108.00,209.00,40.00,48.00,0.0000,195.96,1,0,3.3193,ACCEPT,0,435,1042,6096,11,566,175,0,0,0,0
196,0,1,1,ACCEPT,15.5290,2.0000,130,0,-24,0.0846,64.67,9.27,51.99,23.19,109.00,205.00,38.00,56.00,0.0000,200.69,1,0,3.3116,ACCEPT,0,361,1171,5987,11,566,130,0,0,0,0
197,0,1,1,ACCEPT,9.2716,1.3281,85,0,-25,0.2353,64.67,0.28,51.99,23.19,107.00,197.00,42.00,60.00,0.0000,201.22,1,0,3.6137,ACCEPT,0,423,1196,5428,11,566,85,0,0,0,0
198,0,1,1,ACCEPT,10.3048,1.4182,78,-1,-14,0.2692,63.86,-4.75,49.99,22.29,108.00,194.00,46.00,60.00,0.0000,203.59,1,-1,3.4114,ACCEPT,0,470,1040,5103,11,566,78,0,0,0,0
199,0,1,1,ACCEPT,5.8403,1.2424,41,1,-22,0.4878,64.64,-12.48,54.07,24.11,107.50,189.50,49.00,53.00,0.0000,206.48,1,2,2.4342,ACCEPT,0,423,1331,4195,11,566,41,0,0,0,0
200,0,1,0,NEGATIVE_PEAK,-3.7148,1.1111,-30,41,0,0.2333,64.64,-12.48,54.07,24.11,105.50,185.00,55.00,46.00,0.0000,201.67,0,0,0.0000,NOT_RUN,0,660,2197,0,11,566,30,0,0,0,0
201,0,1,0,NEGATIVE_PEAK,-3.4927,1.0312,-33,41,0,0.1212,64.64,-12.48,54.07,24.11,104.50,183.50,57.00,43.00,0.0000,200.00,0,0,0.0000,NOT_RUN,0,928,2400,0,11,566,33,0,0,0,0
202,0,1,0,LOW_PSR,3.5810,1.0000,43,20,3,0.0233,64.64,-12.48,54.07,24.11,100.00,182.00,58.00,44.00,0.0000,197.67,0,0,0.0000,NOT_RUN,0,1368,2069,0,11,566,43,0,0,0,0
203,0,1,0,LOW_PSR,3.6407,1.0233,44,19,3,0.0000,64.64,-12.48,54.07,24.11,95.50,180.50,57.00,43.00,0.0000,195.44,0,0,0.0000,NOT_RUN,0,1436,2123,0,11,566,44,0,0,0,0
204,0,1,0,LOW_PSR,3.6669,1.0238,43,19,3,0.0000,64.64,-12.48,54.07,24.11,93.00,180.00,58.00,44.00,0.0000,194.56,0,0,0.0000,NOT_RUN,0,1370,2051,0,11,566,43,0,0,0,0
205,0,1,0,LOW_PSR,3.7671,1.0465,45,17,3,0.0222,64.64,-12.48,54.07,24.11,90.50,178.50,61.00,43.00,0.0000,192.73,0,0,0.0000,NOT_RUN,0,1309,2591,0,11,566,45,0,0,0,0
206,0,1,0,LOW_PSR,3.3547,1.0000,38,17,3,0.1053,64.64,-12.48,54.07,24.11,88.00,176.50,66.00,43.00,0.0000,190.42,0,0,0.0000,NOT_RUN,0,1353,2406,0,11,566,38,0,0,0,0
207,0,1,0,LOW_PSR,3.5664,1.0000,41,17,3,0.0488,64.64,-12.48,54.07,24.11,86.50,176.00,67.00,44.00,0.0000,189.75,0,0,0.0000,NOT_RUN,0,1296,2519,0,11,566,41,0,0,0,0
208,0,1,0,LOW_PSR,4.2673,1.1905,50,17,3,0.0200,64.64,-12.48,54.07,24.11,84.50,174.00,73.00,42.00,0.0000,187.54,0,0,0.0000,NOT_RUN,0,1257,2713,0,11,566,50,0,0,0,0
209,0,1,0,LOW_PSR,3.2085,1.0000,31,17,12,0.2581,64.64,-12.48,54.07,24.11,82.50,173.50,77.00,41.00,0.0000,186.84,0,0,0.0000,NOT_RUN,0,963,3153,0,11,566,31,0,0,0,0
210,0,1,0,LOW_PSR,3.4164,1.0256,40,17,5,0.0250,64.64,-12.48,54.07,24.11,80.50,173.00,81.00,42.00,0.0000,186.16,0,0,0.0000,NOT_RUN,0,1353,2988,0,11,566,40,0,0,0,0
211,0,1,0,LOW_PSR,3.8047,1.0476,44,17,5,0.1136,64.64,-12.48,54.07,24.11,80.00,173.00,82.00,42.00,0.0000,186.12,0,0,0.0000,NOT_RUN,0,1222,2587,0,11,566,44,0,0,0,0
212,0,1,0,LOW_PSR,3.7460,1.0233,44,17,5,0.0227,64.64,-12.48,54.07,24.11,83.00,172.50,82.00,41.00,0.0000,185.89,0,0,0.0000,NOT_RUN,0,1290,2754,0,11,566,44,0,0,0,0
213,0,1,0,LOW_PSR,3.7820,1.0000,45,17,3,0.0222,64.64,-12.48,54.07,24.11,83.00,172.00,86.00,42.00,0.0000,185.40,0,0,0.0000,NOT_RUN,0,1301,2745,0,11,566,45,0,0,0,0
214,0,1,0,LOW_PSR,3.3945,1.0303,34,15,3,0.0294,64.64,-12.48,54.07,24.11,83.50,169.00,83.00,40.00,0.0000,182.46,0,0,0.0000,NOT_RUN,0,1006,2869,0,11,566,34,0,0,0,0
215,0,1,1,ACCEPT,5.1492,1.0556,38,-10,-12,0.1842,56.20,-16.98,51.99,23.19,85.50,166.50,85.00,41.00,0.0000,185.81,1,-1,3.0928,ACCEPT,0,610,2749,832,11,566,38,0,0,0,0
216,0,1,1,ACCEPT,5.0035,1.0000,9,0,3,0.8889,56.20,-15.91,51.99,23.19,86.50,165.00,83.00,42.00,0.0000,183.43,1,0,3.1448,ACCEPT,0,158,1422,1204,11,566,9,0,0,0,0
217,0,1,1,ACCEPT,6.0512,1.0000,12,-2,3,0.7500,54.58,-14.83,49.99,22.29,91.00,165.00,80.00,46.00,0.0000,183.48,1,-1,3.0273,ACCEPT,0,163,1746,1160,11,566,12,0,0,0,0
218,0,1,1,ACCEPT,5.6838,1.1250,9,-2,3,0.7778,53.02,-13.77,48.07,21.44,92.50,163.00,77.00,54.00,0.0000,181.13,1,-1,3.1711,ACCEPT,0,129,1766,1090,11,566,9,0,0,0,0
219,0,1,0,LOW_PSR,4.8070,1.0000,7,0,3,0.8571,53.02,-13.77,48.07,21.44,95.00,161.50,70.00,57.00,0.0000,180.23,0,0,0.0000,NOT_RUN,0,149,1443,0,11,566,7,0,0,0,0
220,0,1,0,LOW_PSR,3.7015,1.0000,5,0,3,0.8000,53.02,-13.77,48.07,21.44,98.00,160.50,68.00,51.00,0.0000,179.99,0,0,0.0000,NOT_RUN,0,176,1474,0,11,566,5,0,0,0,0
221,0,1,0,LOW_PSR,4.7978,1.0000,7,-4,3,0.7143,53.02,-13.77,48.07,21.44,99.50,163.00,65.00,40.00,0.0000,182.78,0,0,0.0000,NOT_RUN,0,131,1251,0,11,566,7,0,0,0,0
222,0,1,0,LOW_PSR,4.9673,1.1429,8,-4,3,0.6250,53.02,-13.77,48.07,21.44,100.50,162.50,65.00,39.00,0.0000,182.56,0,0,0.0000,NOT_RUN,0,149,1426,0,11,566,8,0,0,0,0
223,0,1,1,ACCEPT,5.0944,1.0000,8,-4,3,0.6250,50.02,-12.77,48.07,21.44,100.50,163.00,63.00,26.00,0.0000,182.87,1,0,3.2946,ACCEPT,0,129,1472,1145,11,566,8,0,0,0,0
224,0,1,0,LOW_PSR,4.3108,1.2000,6,-2,6,0.6667,50.02,-12.77,48.07,21.44,99.50,160.50,63.00,25.00,0.0000,180.19,0,0,0.0000,NOT_RUN,0,176,1329,0,11,566,6,0,0,0,0
225,0,1,0,LOW_PSR,4.3093,1.2000,6,-2,4,0.6667,50.02,-12.77,48.07,21.44,99.00,163.00,62.00,30.00,0.0000,182.46,0,0,0.0000,NOT_RUN,0,170,1461,0,11,566,6,0,0,0,0
226,0,1,0,LOW_PSR,4.5943,1.0000,7,-4,6,0.7143,50.02,-12.77,48.07,21.44,97.50,166.50,61.00,37.00,0.0000,185.45,0,0,0.0000,NOT_RUN,0,162,1493,0,11,566,7,0,0,0,0
227,0,1,0,LOW_PSR,4.9367,1.1667,7,-2,5,0.7143,50.02,-12.77,48.07,21.44,97.00,169.00,60.00,48.00,0.0000,187.74,0,0,0.0000,NOT_RUN,0,147,1184,0,11,566,7,0,0,0,0
228,0,1,0,NEGATIVE_PEAK,-3.2526,1.0000,-6,-21,0,0.6667,50.02,-12.77,48.07,21.44,97.50,170.50,59.00,49.00,0.0000,189.32,0,0,0.0000,NOT_RUN,0,161,1338,0,11,566,6,0,0,0,0
229,0,1,0,LOW_PSR,4.3084,1.2000,6,-3,6,0.6667,50.02,-12.77,48.07,21.44,99.50,170.50,61.00,55.00,0.0000,189.83,0,0,0.0000,NOT_RUN,0,154,1561,0,11,566,6,0,0,0,0
230,0,1,0,LOW_PSR,4.4359,1.0000,6,-4,4,0.5000,50.02,-12.77,48.07,21.44,102.00,173.00,64.00,52.00,0.0000,192.90,0,0,0.0000,NOT_RUN,0,150,1500,0,11,566,6,0,0,0,0
231,0,1,0,LOW_PSR,4.8079,1.1667,7,-4,3,0.5714,50.02,-12.77,48.07,21.44,101.50,174.00,61.00,52.00,0.0000,193.73,0,0,0.0000,NOT_RUN,0,139,1464,0,11,566,7,0,0,0,0
232,0,1,1,ACCEPT,5.3749,1.1250,9,-4,3,0.4444,47.02,-11.76,46.22,20.61,104.00,175.50,62.00,43.00,0.0000,195.74,1,-1,2.7858,ACCEPT,0,127,1459,1231,11,566,9,0,0,0,0
233,0,1,1,ACCEPT,5.1417,1.0000,7,0,3,0.7143,47.02,-10.80,46.22,20.61,103.50,176.50,61.00,35.00,0.0000,195.63,1,0,3.3670,ACCEPT,0,122,1231,1513,11,566,7,0,0,0,0
234,0,1,0,LOW_PSR,4.7447,1.1429,8,0,3,0.7500,47.02,-10.80,46.22,20.61,104.00,176.50,60.00,31.00,0.0000,195.77,0,0,0.0000,NOT_RUN,0,175,1238,0,11,566,8,0,0,0,0
235,0,1,0,LOW_PSR,3.9914,1.1667,7,0,4,0.5714,47.02,-10.80,46.22,20.61,104.00,181.00,60.00,42.00,0.0000,200.08,0,0,0.0000,NOT_RUN,0,250,1197,0,11,566,7,0,0,0,0
236,0,1,0,LOW_PSR,3.6331,1.0000,6,0,3,0.6667,47.02,-10.80,46.22,20.61,103.50,186.50,59.00,47.00,0.0000,205.22,0,0,0.0000,NOT_RUN,0,230,1163,0,11,566,6,0,0,0,0
237,0,1,0,LOW_PSR,4.3052,1.4000,7,1,5,0.5714,47.02,-10.80,46.22,20.61,104.50,188.00,61.00,48.00,0.0000,206.94,0,0,0.0000,NOT_RUN,0,223,1306,0,11,566,7,0,0,0,0
238,0,1,0,LOW_PSR,4.3454,1.1667,7,0,5,0.5714,47.02,-10.80,46.22,20.61,105.50,189.00,63.00,50.00,0.0000,208.18,0,0,0.0000,NOT_RUN,0,219,1172,0,11,566,7,0,0,0,0
239,0,1,0,LOW_PSR,4.0562,1.0000,7,0,3,0.5714,47.02,-10.80,46.22,20.61,106.50,188.50,63.00,51.00,0.0000,207.98,0,0,0.0000,NOT_RUN,0,234,1108,0,11,566,7,0,0,0,0
240,0,1,0,LOW_PSR,4.0439,1.1667,7,0,3,0.7143,47.02,-10.80,46.22,20.61,107.00,189.00,62.00,52.00,0.0000,208.61,0,0,0.0000,NOT_RUN,0,231,1092,0,11,566,7,0,0,0,0
241,0,1,0,LOW_PSR,4.0627,1.0000,7,0,5,0.5714,47.02,-10.80,46.22,20.61,108.50,192.00,61.00,52.00,0.0000,211.91,0,0,0.0000,NOT_RUN,0,231,1081,0,11,566,7,0,0,0,0
242,0,1,0,LOW_PSR,4.2644,1.1429,8,-2,5,0.6250,47.02,-10.80,46.22,20.61,108.50,196.00,61.00,50.00,0.0000,215.74,0,0,0.0000,NOT_RUN,0,231,1236,0,11,566,8,0,0,0,0
243,0,1,0,LOW_PSR,4.1266,1.0000,8,0,3,0.7500,47.02,-10.80,46.22,20.61,108.00,196.00,62.00,52.00,0.0000,215.60,0,0,0.0000,NOT_RUN,0,222,1299,0,11,566,8,0,0,0,0
244,0,1,0,LOW_PSR,4.8945,1.1250,9,-2,5,0.4444,47.02,-10.80,46.22,20.61,106.50,198.50,63.00,49.00,0.0000,217.59,0,0,0.0000,NOT_RUN,0,183,1543,0,11,566,9,0,0,0,0
245,0,1,0,LOW_PSR,4.5319,1.1429,8,0,4,0.5000,47.02,-10.80,46.22,20.61,105.50,199.00,65.00,38.00,0.0000,217.80,0,0,0.0000,NOT_RUN,0,191,1482,0,11,566,8,0,0,0,0
246,0,1,0,LOW_PSR,4.0812,1.0000,7,0,4,0.5714,47.02,-10.80,46.22,20.61,105.00,199.00,68.00,36.00,0.0000,217.66,0,0,0.0000,NOT_RUN,0,208,972,0,11,566,7,0,0,0,0
247,0,1,0,LOW_PSR,4.2626,1.1667,7,0,5,0.4286,47.02,-10.80,46.22,20.61,103.50,198.50,71.00,31.00,0.0000,216.78,0,0,0.0000,NOT_RUN,0,193,1020,0,11,566,7,0,0,0,0
248,0,1,0,LOW_PSR,3.7993,1.0000,6,0,4,0.5000,47.02,-10.80,46.22,20.61,103.00,200.00,72.00,30.00,0.0000,218.10,0,0,0.0000,NOT_RUN,0,168,858,0,11,566,6,0,0,0,0
249,0,1,0,LOW_PSR,4.4050,1.1667,7,-2,5,0.4286,47.02,-10.80,46.22,20.61,101.50,199.00,73.00,28.00,0.0000,216.76,0,0,0.0000,NOT_RUN,0,174,863,0,11,566,7,0,0,0,0
250,0,1,0,LOW_PSR,4.5230,1.1667,7,-2,5,0.5714,47.02,-10.80,46.22,20.61,101.50,200.50,75.00,27.00,0.0000,218.21,0,0,0.0000,NOT_RUN,0,144,1080,0,11,566,7,0,0,0,0
251,0,1,0,LOW_PSR,4.5230,1.1667,7,-4,5,0.5714,47.02,-10.80,46.22,20.61,101.50,201.50,73.00,25.00,0.0000,219.18,0,0,0.0000,NOT_RUN,0,128,977,0,11,566,7,0,0,0,0
252,0,1,0,LOW_PSR,4.9309,1.1429,8,-3,5,0.5000,47.02,-10.80,46.22,20.61,101.00,203.50,74.00,25.00,0.0000,220.99,0,0,0.0000,NOT_RUN,0,116,923,0,11,566,8,0,0,0,0
253,0,1,0,NEGATIVE_PEAK,-4.2462,1.0000,-9,-19,0,0.3333,47.02,-10.80,46.22,20.61,101.00,204.50,74.00,25.00,0.0000,221.96,0,0,0.0000,NOT_RUN,0,131,770,0,11,566,9,0,0,0,0
254,0,1,0,NEGATIVE_PEAK,-4.6600,1.2500,-10,-18,0,0.3000,47.02,-10.80,46.22,20.61,101.50,204.00,73.00,26.00,0.0000,221.60,0,0,0.0000,NOT_RUN,0,141,936,0,11,566,10,0,0,0,0
255,0,1,0,NEGATIVE_PEAK,-4.4879,1.1111,-10,-17,0,0.3000,47.02,-10.80,46.22,20.61,101.00,205.00,74.00,24.00,0.0000,222.45,0,0,0.0000,NOT_RUN,0,165,732,0,11,566,10,0,0,0,0
256,0,1,1,ACCEPT,5.0452,1.1250,9,-4,3,0.3333,44.14,-9.84,48.07,21.44,100.00,205.50,74.00,23.00,0.0000,222.46,1,1,3.4769,ACCEPT,0,150,714,1849,11,566,9,0,0,0,0
257,0,1,1,ACCEPT,5.5649,1.0000,13,0,3,0.7692,44.14,-8.83,48.07,21.44,100.50,203.00,73.00,20.00,0.0000,219.20,1,0,3.3735,ACCEPT,0,149,696,2658,11,566,13,0,0,0,0
258,0,1,1,ACCEPT,6.1437,1.0000,20,0,3,0.8500,44.14,-7.82,48.07,21.44,100.00,204.00,74.00,18.00,0.0000,219.06,1,0,3.4030,ACCEPT,0,185,703,2755,11,566,20,0,0,0,0
259,0,1,1,ACCEPT,6.1117,1.0476,22,0,1,0.9091,44.14,-7.48,48.07,21.44,99.00,203.50,74.00,19.00,0.0000,218.00,1,0,3.3370,ACCEPT,0,202,756,2640,11,566,22,0,0,0,0
260,0,1,1,ACCEPT,6.4193,1.1429,24,0,-6,0.8750,44.14,-9.50,49.99,22.29,100.00,204.50,72.00,21.00,0.0000,221.17,1,1,3.4841,ACCEPT,0,246,920,2214,11,566,24,0,0,0,0
261,0,1,1,ACCEPT,7.2582,1.1304,26,0,3,0.8462,44.14,-8.45,49.99,22.29,100.00,205.00,72.00,20.00,0.0000,220.63,1,0,3.4926,ACCEPT,0,255,1002,1832,11,566,26,0,0,0,0
262,0,1,1,ACCEPT,7.0695,1.0476,22,0,-6,0.9091,44.14,-10.55,49.99,22.29,100.00,204.50,72.00,21.00,0.0000,222.19,1,0,3.4985,ACCEPT,0,213,945,2052,11,566,22,0,0,0,0
263,0,1,1,ACCEPT,7.5085,1.1364,25,1,5,0.7600,44.92,-8.80,49.99,22.29,100.50,204.00,73.00,20.00,0.0000,219.94,1,0,3.3888,ACCEPT,0,235,948,1750,11,566,25,0,0,0,0
264,0,1,1,ACCEPT,7.2865,1.1176,19,-1,1,0.8421,44.14,-8.45,48.07,21.44,101.00,204.50,74.00,21.00,0.0000,220.41,1,-1,3.4520,ACCEPT,0,200,903,1670,11,566,19,0,0,0,0
265,0,1,1,ACCEPT,7.0533,1.0625,17,1,1,0.8824,44.89,-8.11,48.07,21.44,101.50,204.00,73.00,22.00,0.0000,219.53,1,0,3.4024,ACCEPT,0,175,823,1946,11,566,17,0,0,0,0
266,0,1,1,ACCEPT,7.1427,1.0556,19,1,1,0.8947,45.64,-7.77,49.99,22.29,102.50,204.50,73.00,21.00,0.0000,219.76,1,1,3.5034,ACCEPT,0,209,900,1640,11,566,19,0,0,0,0
267,0,1,1,ACCEPT,7.1682,1.0526,20,0,-6,0.9000,45.64,-9.88,48.07,21.44,101.50,204.50,75.00,21.00,0.0000,221.54,1,-1,3.3907,ACCEPT,0,208,1058,1471,11,566,20,0,0,0,0
268,0,1,1,ACCEPT,7.1133,1.2143,17,0,3,0.8235,45.64,-8.88,48.07,21.44,102.50,204.00,75.00,22.00,0.0000,220.34,1,0,3.5342,ACCEPT,0,178,1081,1142,11,566,17,0,0,0,0
269,0,1,1,ACCEPT,6.6237,1.0833,13,0,3,0.8462,45.64,-7.87,48.07,21.44,103.00,204.50,74.00,21.00,0.0000,219.98,1,0,3.5525,ACCEPT,0,150,912,1305,11,566,13,0,0,0,0
270,0,1,1,ACCEPT,6.0629,1.0000,12,0,3,0.8333,45.64,-6.86,48.07,21.44,103.00,204.00,74.00,20.00,0.0000,218.52,1,0,3.5331,ACCEPT,0,156,1026,1324,11,566,12,0,0,0,0
271,0,1,1,ACCEPT,6.1222,1.0000,13,0,3,0.8462,45.64,-5.85,48.07,21.44,103.00,203.50,74.00,21.00,0.0000,217.07,1,0,3.3408,ACCEPT,0,168,914,1539,11,566,13,0,0,0,0
272,0,1,1,ACCEPT,6.7182,1.1429,16,1,3,0.8125,46.39,-4.84,48.07,21.44,103.00,204.00,74.00,20.00,0.0000,216.38,1,0,3.5625,ACCEPT,0,187,1159,1691,11,566,16,0,0,0,0
273,0,1,1,ACCEPT,6.3084,1.0667,16,1,3,0.8125,47.14,-3.84,48.07,21.44,103.00,203.00,76.00,20.00,0.0000,214.25,1,0,3.4108,ACCEPT,0,223,1144,1636,11,566,16,0,0,0,0
274,0,1,1,ACCEPT,5.8317,1.0000,17,0,3,0.8824,47.14,-2.83,48.07,21.44,103.50,202.00,75.00,20.00,0.0000,212.44,1,0,3.4743,ACCEPT,0,269,1018,1745,11,566,17,0,0,0,0
275,0,1,1,ACCEPT,6.2661,1.1176,19,1,3,0.7895,47.89,-1.82,48.07,21.44,104.00,202.50,74.00,19.00,0.0000,211.88,1,0,3.7005,ACCEPT,0,285,1098,1651,11,566,19,0,0,0,0
276,0,1,1,ACCEPT,6.4420,1.1176,19,1,3,0.8421,48.64,-0.81,49.99,22.29,104.50,202.00,75.00,20.00,0.0000,210.36,1,1,3.5082,ACCEPT,0,267,1130,1410,11,566,19,0,0,0,0
277,0,1,1,ACCEPT,6.2229,1.1111,20,0,-6,0.8000,48.64,-2.92,48.07,21.44,104.50,201.50,75.00,19.00,0.0000,211.92,1,-1,3.6102,ACCEPT,0,251,1106,1223,11,566,20,0,0,0,0
278,0,1,1,ACCEPT,6.8501,1.1500,23,-1,1,0.8696,47.89,-2.59,46.22,20.61,104.50,201.00,75.00,20.00,0.0000,211.31,1,-1,3.6179,ACCEPT,0,304,1031,1158,11,566,23,0,0,0,0
279,0,1,1,ACCEPT,6.9941,1.2500,20,0,3,0.8500,47.89,-1.62,46.22,20.61,104.50,201.00,75.00,20.00,0.0000,210.38,1,0,3.6742,ACCEPT,0,292,1184,1118,11,566,20,0,0,0,0
280,0,1,1,ACCEPT,6.7900,1.1875,19,1,-1,0.8947,48.61,-1.95,48.07,21.44,104.00,201.00,76.00,20.00,0.0000,210.37,1,1,3.6592,ACCEPT,0,274,1048,1330,11,566,19,0,0,0,0
281,0,1,1,ACCEPT,7.2710,1.2353,21,-1,-5,0.7619,47.86,-3.62,46.22,20.61,104.50,200.00,75.00,20.00,0.0000,211.36,1,-1,3.6121,ACCEPT,0,250,1113,1347,11,566,21,0,0,0,0
282,0,1,1,ACCEPT,7.6953,1.2778,23,1,3,0.7826,48.58,-2.66,48.07,21.44,104.50,199.50,75.00,19.00,0.0000,209.76,1,1,3.6595,ACCEPT,0,277,1171,1162,11,566,23,0,0,0,0
283,0,1,1,ACCEPT,7.4921,1.1875,19,0,-3,0.8947,48.58,-3.67,48.07,21.44,104.50,200.00,75.00,20.00,0.0000,211.21,1,0,3.6587,ACCEPT,0,213,1138,1144,11,566,19,0,0,0,0
284,0,1,1,ACCEPT,7.8851,1.2222,22,-1,1,0.9091,47.83,-3.34,46.22,20.61,105.00,200.00,74.00,20.00,0.0000,211.22,1,-1,3.5605,ACCEPT,0,233,1100,1185,11,566,22,0,0,0,0
285,0,1,1,ACCEPT,7.6085,1.1875,19,1,-4,0.8421,48.55,-4.62,48.07,21.44,105.00,200.00,74.00,20.00,0.0000,212.26,1,1,3.6045,ACCEPT,0,239,1041,1409,11,566,19,0,0,0,0
286,0,1,1,ACCEPT,8.5545,1.3750,22,0,3,0.8182,48.55,-3.61,48.07,21.44,104.50,200.00,75.00,20.00,0.0000,211.16,1,0,3.4183,ACCEPT,0,200,1314,1192,11,566,22,0,0,0,0
287,0,1,1,ACCEPT,8.7368,1.3571,19,0,1,0.8947,48.55,-3.27,48.07,21.44,104.50,199.50,75.00,21.00,0.0000,210.35,1,0,3.4815,ACCEPT,0,171,1154,1289,11,566,19,0,0,0,0
288,0,1,1,ACCEPT,9.1073,1.2941,22,-1,-5,0.7273,47.80,-4.95,46.22,20.61,104.00,199.00,76.00,20.00,0.0000,211.56,1,-1,3.5337,ACCEPT,0,200,1149,1372,11,566,22,0,0,0,0
289,0,1,1,ACCEPT,8.9456,1.4667,22,-1,3,0.7273,47.08,-3.99,46.22,20.61,103.00,199.50,74.00,21.00,0.0000,211.04,1,0,3.5500,ACCEPT,0,227,1159,1235,11,566,22,0,0,0,0
290,0,1,1,ACCEPT,9.1337,1.4167,17,0,1,0.8824,47.08,-3.67,48.07,21.44,102.00,198.50,76.00,21.00,0.0000,209.50,1,1,3.5233,ACCEPT,0,165,1192,1182,11,566,17,0,0,0,0
291,0,1,1,ACCEPT,9.7208,1.4615,19,1,1,0.8947,47.83,-3.34,49.99,22.29,102.50,198.50,75.00,21.00,0.0000,209.11,1,1,3.5553,ACCEPT,0,143,1057,1486,11,566,19,0,0,0,0
292,0,1,1,ACCEPT,9.7631,1.4286,20,-2,-6,0.4500,46.27,-5.45,48.07,21.44,101.50,198.00,75.00,22.00,0.0000,210.81,1,-1,3.4798,ACCEPT,0,151,1343,1369,11,566,20,0,0,0,0
293,0,1,1,ACCEPT,10.2148,1.5385,20,-1,3,0.8000,45.52,-4.44,48.07,21.44,101.50,198.00,75.00,22.00,0.0000,210.04,1,0,3.5523,ACCEPT,0,145,1135,1383,11,566,20,0,0,0,0
294,0,1,1,ACCEPT,10.0323,1.5000,18,-1,-1,0.8889,44.77,-4.77,46.22,20.61,100.50,197.00,75.00,24.00,0.0000,209.33,1,-1,3.5104,ACCEPT,0,136,1143,1547,11,566,18,0,0,0,0
295,0,1,1,ACCEPT,9.5211,1.3846,18,0,3,0.6667,44.77,-3.81,48.07,21.44,100.00,197.00,76.00,24.00,0.0000,208.27,1,1,3.4372,ACCEPT,0,166,1158,1329,11,566,18,0,0,0,0
296,0,1,1,ACCEPT,10.2487,1.4545,16,-1,1,0.8750,44.02,-3.48,46.22,20.61,99.50,197.00,77.00,24.00,0.0000,208.01,1,-1,3.5494,ACCEPT,0,114,1028,1640,11,566,16,0,0,0,0
297,0,1,1,ACCEPT,10.6770,1.5833,19,0,-1,0.8947,44.02,-3.80,46.22,20.61,99.50,197.00,75.00,26.00,0.0000,208.32,1,0,3.5579,ACCEPT,0,151,1110,1742,11,566,19,0,0,0,0
298,0,1,1,ACCEPT,10.6698,1.5000,18,0,3,0.6667,44.02,-2.84,48.07,21.44,100.00,196.00,74.00,28.00,0.0000,206.57,1,1,3.4204,ACCEPT,0,139,1252,1331,11,566,18,0,0,0,0
299,0,1,1,ACCEPT,12.3448,2.0000,18,1,1,0.8333,44.77,-2.50,49.99,22.29,100.00,196.00,74.00,30.00,0.0000,206.04,1,1,3.5730,ACCEPT,0,103,1164,1591,11,566,18,0,0,0,0
300,0,1,1,ACCEPT,11.7800,2.0000,18,-1,1,0.7778,43.98,-2.15,48.07,21.44,99.50,195.00,75.00,32.00,0.0000,204.82,1,-1,3.5272,ACCEPT,0,116,1220,1654,11,566,18,0,0,0,0
301,0,1,1,ACCEPT,12.0015,1.8889,17,1,1,0.8235,44.73,-1.81,49.99,22.29,100.00,195.00,74.00,34.00,0.0000,204.42,1,1,3.4293,ACCEPT,0,101,908,2112,11,566,17,0,0,0,0
302,0,1,1,ACCEPT,12.0837,2.0000,18,-2,3,0.6111,43.17,-0.76,48.07,21.44,100.00,194.00,76.00,36.00,0.0000,202.88,1,-1,3.2864,ACCEPT,0,113,1039,2082,11,566,18,0,0,0,0
303,0,1,1,ACCEPT,14.2455,2.1000,21,1,3,0.6190,43.92,0.25,49.99,22.29,100.00,194.00,74.00,38.00,0.0000,201.70,1,1,3.3842,ACCEPT,0,104,892,2493,11,566,21,0,0,0,0
304,0,1,1,ACCEPT,13.2660,2.2000,22,1,1,0.8636,44.70,0.60,51.99,23.19,99.50,194.50,75.00,39.00,0.0000,201.49,1,1,3.3740,ACCEPT,0,113,952,2655,11,566,22,0,0,0,0
305,0,1,1,ACCEPT,12.8104,2.2000,22,-1,1,0.8636,43.89,0.96,49.99,22.29,100.00,197.00,74.00,40.00,0.0000,203.91,1,-1,3.3298,ACCEPT,0,126,1102,2683,11,566,22,0,0,0,0
306,0,1,1,ACCEPT,13.3085,2.1818,24,1,1,0.8333,44.67,1.31,51.99,23.19,100.50,198.50,75.00,41.00,0.0000,204.94,1,1,3.2418,ACCEPT,0,108,998,3560,11,566,24,0,0,0,0
307,0,1,1,ACCEPT,8.3871,1.1905,25,0,5,0.4400,44.67,3.11,51.99,23.19,100.50,201.50,75.00,39.00,0.0000,206.10,1,0,3.3101,ACCEPT,0,143,957,4751,11,566,25,0,0,0,0
308,0,1,1,ACCEPT,11.3475,1.9167,46,0,1,0.8913,44.67,3.47,51.99,23.19,100.50,201.50,75.00,39.00,0.0000,205.75,1,0,3.3162,ACCEPT,0,209,890,4695,11,566,46,0,0,0,0
309,0,1,1,ACCEPT,13.8567,2.3333,56,0,3,0.6250,44.67,4.55,51.99,23.19,98.50,201.50,77.00,41.00,0.0000,204.18,1,0,3.3025,ACCEPT,0,204,981,4751,11,566,56,0,0,0,0
310,0,1,1,ACCEPT,15.4216,2.3667,71,-1,1,0.9577,43.86,4.91,49.99,22.29,98.00,203.00,80.00,38.00,0.0000,205.36,1,-1,3.2483,ACCEPT,0,236,1019,5891,11,566,71,0,0,0,0
311,0,1,1,ACCEPT,19.3032,2.8824,98,0,2,0.8367,43.86,5.61,49.99,22.29,96.50,205.50,83.00,37.00,0.0000,206.71,1,0,3.2854,ACCEPT,0,247,933,7192,11,566,98,0,0,0,0
312,0,1,1,ACCEPT,21.9610,3.3333,120,0,0,1.0000,43.86,5.61,49.99,22.29,96.50,206.00,83.00,36.00,0.0000,207.19,1,0,3.2611,ACCEPT,0,296,958,6902,11,566,120,0,0,0,0
313,0,1,1,ACCEPT,23.2004,2.6875,129,1,1,0.9302,44.64,5.96,49.99,22.29,95.50,207.00,85.00,34.00,0.0000,207.37,1,0,3.3186,ACCEPT,0,317,900,6644,11,566,129,0,0,0,0
314,0,1,1,ACCEPT,25.0992,3.7742,117,-1,1,0.9145,43.86,6.31,48.07,21.44,96.00,206.50,84.00,33.00,0.0000,206.87,1,-1,3.2929,ACCEPT,0,289,917,6430,11,566,117,0,0,0,0
315,0,1,1,ACCEPT,26.0555,2.8140,121,-1,0,0.9917,43.11,6.31,46.22,20.61,96.00,206.50,84.00,33.00,0.0000,207.06,1,-1,3.3021,ACCEPT,0,300,851,7158,11,566,121,0,0,0,0
316,0,1,1,ACCEPT,23.7337,3.1538,123,0,1,0.9593,43.11,6.63,46.22,20.61,96.50,206.50,85.00,33.00,0.0000,206.88,1,0,3.3434,ACCEPT,0,323,810,6896,11,566,123,0,0,0,0
317,0,1,1,ACCEPT,25.8606,3.0500,122,0,-3,0.7377,43.11,5.67,46.22,20.61,96.00,206.00,84.00,32.00,0.0000,207.19,1,0,3.3339,ACCEPT,0,317,844,7529,11,566,122,0,0,0,0
318,0,1,1,ACCEPT,27.6645,3.0488,125,0,0,1.0000,43.11,5.67,46.22,20.61,96.00,206.00,84.00,32.00,0.0000,207.19,1,0,3.3363,ACCEPT,0,322,816,8151,11,566,125,0,0,0,0
319,0,1,1,ACCEPT,29.8466,3.2564,127,0,1,0.9921,43.11,5.99,46.22,20.61,96.00,206.50,84.00,31.00,0.0000,207.37,1,0,3.3405,ACCEPT,0,309,807,8160,11,566,127,0,0,0,0
320,0,1,1,ACCEPT,32.4446,3.2051,125,0,0,1.0000,43.11,5.99,46.22,20.61,95.00,206.00,86.00,34.00,0.0000,206.63,1,0,3.2836,ACCEPT,0,287,842,8782,11,566,125,0,0,0,0
321,0,1,1,ACCEPT,32.0108,3.0444,137,0,1,0.9927,43.11,6.31,46.22,20.61,95.50,206.00,85.00,32.00,0.0000,206.45,1,0,3.2233,ACCEPT,0,321,764,8817,11,566,137,0,0,0,0
322,0,1,1,ACCEPT,33.6606,2.9130,134,-1,0,0.9701,42.39,6.31,46.22,20.61,95.50,205.50,85.00,31.00,0.0000,206.15,1,0,3.3463,ACCEPT,0,313,888,8957,11,566,134,0,0,0,0
323,0,1,1,ACCEPT,34.2855,2.9245,155,0,-1,0.9806,42.39,5.99,46.22,20.61,95.00,205.50,86.00,33.00,0.0000,206.33,1,0,3.3282,ACCEPT,0,323,786,10087,11,566,155,0,0,0,0
324,0,1,1,ACCEPT,36.5823,2.5000,160,1,-1,0.9812,43.11,5.67,48.07,21.44,96.00,205.00,84.00,32.00,0.0000,206.23,1,1,3.3322,ACCEPT,0,332,842,10627,11,566,160,0,0,0,0
325,0,1,1,ACCEPT,37.4091,3.0769,160,0,-1,0.9688,43.11,5.34,48.07,21.44,95.50,205.00,85.00,32.00,0.0000,206.42,1,0,3.2376,ACCEPT,0,306,842,8635,11,566,160,0,0,0,0
326,0,1,1,ACCEPT,37.6678,2.8140,121,-1,2,0.8099,42.36,6.01,48.07,21.44,95.50,204.50,85.00,31.00,0.0000,205.48,1,0,3.2536,ACCEPT,0,247,882,8358,11,566,121,0,0,0,0
327,0,1,1,ACCEPT,39.2511,2.7551,135,1,-1,0.9111,43.11,5.67,49.99,22.29,95.00,205.00,84.00,30.00,0.0000,205.97,1,1,3.3232,ACCEPT,0,229,822,10281,11,566,135,0,0,0,0
328,0,1,1,ACCEPT,34.2576,2.6471,135,-1,-2,0.9037,42.33,4.97,49.99,22.29,95.00,205.00,86.00,30.00,0.0000,206.85,1,0,3.1939,ACCEPT,0,266,921,10091,11,566,135,0,0,0,0
329,0,1,1,ACCEPT,34.9525,2.6316,150,1,1,0.9800,43.11,5.32,51.99,23.19,93.50,204.50,87.00,31.00,0.0000,205.46,1,1,3.2851,ACCEPT,0,266,858,9945,11,566,150,0,0,0,0
330,0,1,1,ACCEPT,31.5134,3.0500,122,0,2,0.8689,43.11,6.04,51.99,23.19,93.50,204.00,85.00,32.00,0.0000,204.27,1,0,3.2919,ACCEPT,0,249,1129,8457,11,566,122,0,0,0,0
331,0,1,1,ACCEPT,32.2927,2.5778,116,-1,-2,0.8017,42.30,5.32,51.99,23.19,92.50,203.00,87.00,34.00,0.0000,203.95,1,0,3.2567,ACCEPT,0,235,1171,10067,11,566,116,0,0,0,0
332,0,1,1,ACCEPT,31.5154,3.3000,132,1,-1,0.9318,43.11,4.96,54.07,24.11,92.50,203.00,85.00,34.00,0.0000,204.11,1,1,3.2484,ACCEPT,0,256,1044,9731,11,566,132,0,0,0,0
333,0,1,1,ACCEPT,26.0594,2.6000,104,1,-1,0.8942,43.95,4.59,56.23,25.08,93.00,203.00,86.00,34.00,0.0000,204.39,1,1,3.2651,ACCEPT,0,244,1215,10080,11,566,104,0,0,0,0
334,0,1,1,ACCEPT,22.9221,2.4872,97,1,-4,0.5979,44.83,3.02,58.48,26.08,93.50,202.50,83.00,35.00,0.0000,205.33,1,1,3.2500,ACCEPT,0,250,1380,8009,11,566,97,0,0,0,0
335,0,1,1,ACCEPT,19.6553,2.2222,80,1,1,0.9375,45.74,3.43,60.82,27.12,94.00,203.00,84.00,36.00,0.0000,205.32,1,1,3.2767,ACCEPT,0,229,1658,7035,11,566,80,0,0,0,0
336,0,1,1,ACCEPT,19.4827,2.1111,76,1,0,0.9211,46.70,3.43,63.26,28.21,94.50,203.00,83.00,38.00,0.0000,205.22,1,1,3.2507,ACCEPT,0,206,1780,6795,11,566,76,0,0,0,0
337,0,1,1,ACCEPT,17.9140,2.4643,69,1,-1,0.9420,47.69,2.99,68.42,30.51,95.50,203.00,83.00,38.00,0.0000,205.64,1,2,3.1770,ACCEPT,0,220,2069,5539,11,566,69,0,0,0,0
338,0,1,1,ACCEPT,12.7057,2.2500,54,1,-1,0.8704,48.76,2.52,74.00,33.00,94.50,203.00,85.00,42.00,0.0000,205.64,1,2,3.2612,ACCEPT,0,219,2488,4056,11,566,54,0,0,0,0
339,0,1,1,ACCEPT,12.8846,2.2692,59,3,0,0.8136,52.23,2.52,74.00,33.00,94.50,203.00,83.00,42.00,0.0000,204.89,1,4,3.1451,MAX_STEP,0,202,2855,3799,11,566,59,0,0,0,0
340,0,1,1,ACCEPT,11.8825,2.2727,50,-1,0,0.9200,51.07,2.52,74.00,33.00,92.50,203.00,83.00,46.00,0.0000,204.72,1,4,3.1062,MAX_STEP,0,245,3161,2953,11,566,50,0,0,0,0
341,0,1,1,ACCEPT,12.5089,2.3889,43,-1,-1,0.9070,49.91,2.00,74.00,33.00,91.50,202.50,83.00,49.00,0.0000,204.77,1,4,3.3419,MAX_STEP,0,190,3096,3238,11,566,43,0,0,0,0
342,0,1,1,ACCEPT,14.1077,2.3000,46,-1,1,0.8478,48.76,2.52,74.00,33.00,90.00,202.00,84.00,52.00,0.0000,203.70,1,3,3.4954,MAX_STEP,0,197,3050,3243,11,566,46,0,0,0,0
343,0,1,1,ACCEPT,7.2299,1.1600,29,-1,-2,0.8276,47.60,1.48,74.00,33.00,89.00,201.00,82.00,56.00,0.0000,203.77,1,3,3.4204,MAX_STEP,0,187,3070,3480,11,566,29,0,0,0,0
344,0,1,1,ACCEPT,8.4774,1.1923,31,-1,1,0.8710,46.45,2.00,80.04,35.69,88.00,198.50,80.00,57.00,0.0000,200.85,1,2,3.4623,ACCEPT,0,190,3147,3182,11,566,31,0,0,0,0
345,0,1,1,ACCEPT,7.2744,1.0513,41,2,-4,0.5366,48.95,-0.22,80.04,35.69,88.00,198.00,80.00,60.00,0.0000,202.03,1,3,2.6952,MAX_STEP,0,250,3040,4019,11,566,41,0,0,0,0
346,0,1,1,ACCEPT,9.4719,1.5172,44,-1,0,0.9773,47.70,-0.22,86.57,38.61,88.00,197.00,78.00,60.00,0.0000,201.30,1,2,3.0138,ACCEPT,0,234,3456,3286,11,566,44,0,0,0,0
347,0,1,1,ACCEPT,7.6109,1.2188,39,1,-3,0.7692,49.05,-2.02,93.63,41.76,88.50,195.00,77.00,64.00,0.0000,200.93,1,2,2.5072,ACCEPT,0,259,3749,3661,11,566,39,0,0,0,0
348,0,1,1,ACCEPT,7.0528,1.0606,35,17,46,0.7429,73.88,28.16,93.63,41.76,89.00,194.00,76.00,64.00,0.0000,166.52,1,3,2.6393,MAX_STEP,0,236,3898,3470,11,566,35,0,0,0,0
349,0,1,1,ACCEPT,13.0283,1.5797,109,3,1,0.8349,78.27,28.82,93.63,41.76,89.00,192.50,74.00,65.00,0.0000,164.03,1,6,2.2602,MAX_STEP,0,430,6751,3057,11,566,109,0,0,0,0
350,0,1,1,ACCEPT,16.2833,1.7021,160,0,-1,0.9187,78.27,28.16,93.63,41.76,91.00,193.00,70.00,64.00,0.0000,165.33,1,6,2.1835,MAX_STEP,0,503,6665,2502,11,566,160,0,0,0,0
351,0,1,1,ACCEPT,19.2181,1.5317,193,1,0,0.9948,79.73,28.16,93.63,41.76,92.00,192.00,68.00,66.00,0.0000,164.30,1,7,2.0348,MAX_STEP,0,515,6196,2285,11,566,193,0,0,0,0
352,0,1,1,ACCEPT,22.3143,1.8762,197,-1,-1,0.9239,78.27,27.51,93.63,41.76,92.50,191.00,65.00,68.00,0.0000,164.11,1,6,2.1694,MAX_STEP,0,485,6025,2108,11,566,197,0,0,0,0
353,0,1,1,ACCEPT,24.0647,1.9808,206,0,-2,0.8544,78.27,26.20,93.63,41.76,94.50,190.50,63.00,71.00,0.0000,165.10,1,6,2.0332,MAX_STEP,0,492,5782,2277,11,566,206,0,0,0,0
354,0,1,1,ACCEPT,26.0858,2.0545,226,0,1,0.9513,78.27,26.85,93.63,41.76,95.50,190.00,63.00,70.00,0.0000,164.06,1,6,2.1828,MAX_STEP,0,480,5657,2334,11,566,226,0,0,0,0
355,0,1,1,ACCEPT,27.5277,2.1182,233,0,-1,0.9657,78.27,26.20,93.63,41.76,96.00,187.50,62.00,69.00,0.0000,162.28,1,6,2.1062,MAX_STEP,0,478,5562,2488,11,566,233,0,0,0,0
356,0,1,1,ACCEPT,29.3797,2.1228,242,0,1,0.9587,78.27,26.85,93.63,41.76,96.00,186.50,60.00,67.00,0.0000,160.63,1,6,2.1291,MAX_STEP,0,467,5499,2645,11,566,242,0,0,0,0
357,0,1,1,ACCEPT,30.1152,2.0427,239,0,0,1.0000,78.27,26.85,93.63,41.76,96.50,186.00,61.00,66.00,0.0000,160.19,1,7,2.0606,MAX_STEP,0,448,5397,2854,11,566,239,0,0,0,0
358,0,1,1,ACCEPT,31.3160,1.9840,248,0,1,0.9234,78.27,27.51,93.63,41.76,97.00,185.50,60.00,65.00,0.0000,159.10,1,7,2.0433,MAX_STEP,0,465,5334,3047,11,566,248,0,0,0,0
359,0,1,1,ACCEPT,32.7742,2.1695,256,-1,1,0.9258,76.80,28.16,93.63,41.76,97.00,185.00,60.00,58.00,0.0000,158.13,1,6,2.1846,MAX_STEP,0,476,5398,3055,11,566,256,0,0,0,0
360,0,1,1,ACCEPT,33.7556,2.0630,262,0,2,0.8511,76.80,29.48,93.63,41.76,97.00,183.50,60.00,55.00,0.0000,155.34,1,6,2.2624,MAX_STEP,0,479,5291,3279,11,566,262,0,0,0,0
361,0,1,1,ACCEPT,35.6677,2.1318,275,0,3,0.7018,76.80,31.45,93.63,41.76,97.00,181.50,60.00,47.00,0.0000,151.41,1,6,2.1812,MAX_STEP,0,467,5230,3317,11,566,275,0,0,0,0
362,0,1,1,ACCEPT,36.8840,2.4324,270,-1,3,0.6704,75.34,33.41,93.63,41.76,97.00,184.50,60.00,45.00,0.0000,152.63,1,6,2.3708,MAX_STEP,0,443,5009,3212,11,566,270,0,0,0,0
363,0,1,1,ACCEPT,38.0710,2.3719,287,0,1,0.9199,75.34,34.07,93.63,41.76,97.00,185.50,60.00,47.00,0.0000,152.97,1,6,2.2698,MAX_STEP,0,466,5036,3370,11,566,287,0,0,0,0
364,0,1,1,ACCEPT,38.0291,2.3411,302,0,3,0.6291,75.34,36.04,93.63,41.76,96.00,187.00,62.00,44.00,0.0000,152.37,1,7,2.1662,MAX_STEP,0,478,5119,3326,11,566,302,0,0,0,0
365,0,1,1,ACCEPT,40.0327,2.5207,305,0,3,0.6623,75.34,38.01,93.63,41.76,96.00,188.00,62.00,40.00,0.0000,151.41,1,6,2.2002,MAX_STEP,0,478,5076,3317,11,566,305,0,0,0,0
366,0,1,1,ACCEPT,39.2898,2.0340,299,1,1,0.9799,76.80,38.66,93.63,41.76,96.50,187.00,61.00,40.00,0.0000,149.64,1,7,2.0565,MAX_STEP,0,485,5025,3282,11,566,299,0,0,0,0
367,0,1,1,ACCEPT,40.3957,2.4821,278,-1,0,0.9856,75.34,38.66,93.63,41.76,96.50,187.00,61.00,40.00,0.0000,149.84,1,6,2.2857,MAX_STEP,0,451,4975,2975,11,566,278,0,0,0,0
368,0,1,1,ACCEPT,40.8412,2.2558,291,1,0,0.9794,76.80,38.66,93.63,41.76,97.00,185.00,62.00,46.00,0.0000,147.72,1,7,2.0514,MAX_STEP,0,481,4942,3175,11,566,291,0,0,0,0
369,0,1,1,ACCEPT,40.7845,2.3361,278,-1,1,0.9784,75.34,39.32,93.63,41.76,97.00,185.50,64.00,47.00,0.0000,147.78,1,6,2.4039,MAX_STEP,0,453,4975,2946,11,566,278,0,0,0,0
370,0,1,1,ACCEPT,41.2337,2.3171,285,1,1,0.9684,76.80,39.98,93.63,41.76,96.00,184.00,64.00,50.00,0.0000,145.30,1,7,2.1892,MAX_STEP,0,468,4925,3133,11,566,285,0,0,0,0
371,0,1,1,ACCEPT,42.7393,2.3966,278,0,0,1.0000,76.80,39.98,93.63,41.76,96.50,183.00,63.00,50.00,0.0000,144.37,1,7,2.2251,MAX_STEP,0,428,4912,2850,11,566,278,0,0,0,0
372,0,1,1,ACCEPT,44.4055,2.6442,275,0,1,0.9782,76.80,40.63,93.63,41.76,97.50,180.00,65.00,48.00,0.0000,140.90,1,7,2.2940,MAX_STEP,0,408,4881,2779,11,566,275,0,0,0,0
373,0,1,1,ACCEPT,43.9491,2.6505,273,0,0,1.0000,76.80,40.63,93.63,41.76,98.50,179.00,65.00,44.00,0.0000,140.06,1,7,2.2777,MAX_STEP,0,402,4862,2625,11,566,273,0,0,0,0
374,0,1,1,ACCEPT,42.8758,2.3629,293,1,2,0.7747,78.27,41.95,93.63,41.76,100.00,179.50,64.00,43.00,0.0000,139.26,1,7,2.2404,MAX_STEP,0,431,4928,2767,11,566,293,0,0,0,0
375,0,1,1,ACCEPT,44.2359,2.2206,302,1,2,0.8377,79.73,43.26,93.63,41.76,100.50,179.00,63.00,38.00,0.0000,137.32,1,7,2.1129,MAX_STEP,0,430,4954,2590,11,566,302,0,0,0,0
376,0,1,1,ACCEPT,43.5903,2.5310,286,0,3,0.6084,79.73,45.23,93.63,41.76,102.00,181.00,66.00,40.00,0.0000,137.59,1,7,2.3377,MAX_STEP,0,398,4967,2396,11,566,286,0,0,0,0
377,0,1,1,ACCEPT,43.8819,2.3934,292,1,4,0.4315,81.19,47.85,93.63,41.76,104.00,183.00,66.00,42.00,0.0000,137.06,1,7,2.3450,MAX_STEP,0,410,4958,2727,11,566,292,0,0,0,0
378,0,1,1,ACCEPT,46.2838,2.2677,288,1,1,0.9097,82.65,48.51,93.63,41.76,105.50,183.50,67.00,43.00,0.0000,136.91,1,7,2.1604,MAX_STEP,0,397,4907,2952,11,566,288,0,0,0,0
379,0,1,1,ACCEPT,46.6885,2.5926,280,0,4,0.3821,82.65,51.13,93.63,41.76,106.00,185.00,66.00,46.00,0.0000,135.89,1,6,2.3901,MAX_STEP,0,371,4920,2963,11,566,280,0,0,0,0
380,0,1,1,ACCEPT,44.4662,2.4615,288,1,6,0.1979,84.11,55.07,93.63,41.76,107.00,183.50,68.00,49.00,0.0000,130.45,1,6,2.5572,MAX_STEP,0,407,4950,3030,11,566,288,0,0,0,0
381,0,1,1,ACCEPT,45.9142,2.7027,300,1,1,0.8767,85.57,55.73,93.63,41.76,108.00,183.50,72.00,47.00,0.0000,129.73,1,7,2.3785,MAX_STEP,0,427,4917,2816,11,566,300,0,0,0,0
382,0,1,1,ACCEPT,47.2723,2.4522,282,1,4,0.5000,87.03,58.35,93.63,41.76,104.00,181.50,88.00,39.00,0.0000,124.31,1,7,2.3793,MAX_STEP,0,387,4886,2699,11,566,282,0,0,0,0
383,0,1,1,ACCEPT,45.1205,2.5872,282,1,5,0.3723,88.49,61.63,93.63,41.76,103.00,186.00,88.00,38.00,0.0000,125.21,1,6,2.4905,MAX_STEP,0,411,4907,2790,11,566,282,0,0,0,0
384,0,1,1,ACCEPT,46.7638,2.8586,283,1,0,0.9576,89.95,61.63,93.63,41.76,102.00,188.00,84.00,44.00,0.0000,126.94,1,7,2.3486,MAX_STEP,0,398,4789,2804,11,566,283,0,0,0,0
385,0,1,1,ACCEPT,48.5286,2.6731,278,1,3,0.6727,91.41,63.60,93.63,41.76,97.50,187.00,69.00,54.00,0.0000,123.55,1,7,2.4073,MAX_STEP,0,386,4885,2759,11,566,278,0,0,0,0
386,0,1,1,ACCEPT,46.5366,2.6792,284,2,3,0.6162,94.34,65.57,93.63,41.76,90.50,187.50,43.00,55.00,0.0000,121.99,1,7,2.2473,MAX_STEP,0,414,4945,2880,11,566,284,0,0,0,0
387,0,1,1,ACCEPT,47.5658,2.5327,271,0,1,0.9225,94.34,66.23,93.63,41.76,88.50,189.00,33.00,60.00,0.0000,122.91,1,7,2.3581,MAX_STEP,0,378,4858,2510,11,566,271,0,0,0,0
388,0,1,1,ACCEPT,45.2483,2.6923,280,2,4,0.5357,97.26,68.85,93.63,41.76,80.50,189.50,21.00,63.00,0.0000,121.81,1,7,2.4652,MAX_STEP,0,427,4856,2693,11,566,280,0,0,0,0
389,0,1,1,ACCEPT,45.4904,2.7333,287,2,1,0.8711,100.18,69.51,93.63,41.76,75.50,189.50,39.00,59.00,0.0000,122.50,1,7,2.3408,MAX_STEP,0,445,4804,2410,11,566,287,0,0,0,0
390,0,1,1,ACCEPT,44.0519,2.4393,261,1,0,0.9923,101.64,69.51,93.63,41.76,70.50,189.00,49.00,56.00,0.0000,123.48,1,7,2.2375,MAX_STEP,0,411,4803,2076,11,566,261,0,0,0,0
391,0,1,1,ACCEPT,43.3020,2.3302,247,1,1,0.9838,103.10,70.16,93.63,41.76,67.00,181.50,66.00,49.00,0.0000,117.04,1,7,2.3528,MAX_STEP,0,395,4890,2049,11,566,247,0,0,0,0
392,0,1,1,ACCEPT,42.7077,2.4536,238,1,1,0.9664,104.56,70.82,93.63,41.76,67.50,176.50,73.00,33.00,0.0000,111.99,1,7,2.3550,MAX_STEP,0,382,4963,2179,11,566,238,0,0,0,0
393,0,1,1,ACCEPT,43.9549,2.3093,224,-1,0,0.9955,103.10,70.82,93.63,41.76,65.50,174.50,81.00,33.00,0.0000,110.29,1,6,2.4927,MAX_STEP,0,352,4914,1983,11,566,224,0,0,0,0
394,0,1,1,ACCEPT,40.2322,2.7051,211,1,-5,0.3744,104.56,67.54,93.63,41.76,61.00,170.00,94.00,26.00,0.0000,111.34,1,7,2.2839,MAX_STEP,0,351,4921,1844,11,566,211,0,0,0,0
395,0,1,1,ACCEPT,36.5057,2.4265,165,-1,-8,0.0485,103.10,62.29,93.63,41.76,60.00,166.50,96.00,37.00,0.0000,112.77,1,7,2.3296,MAX_STEP,0,289,4900,1632,11,566,165,0,0,0,0
396,0,1,1,ACCEPT,38.3117,2.3714,166,0,-3,0.7771,103.10,60.32,93.63,41.76,59.00,162.00,94.00,48.00,0.0000,110.83,1,7,2.3305,MAX_STEP,0,286,4930,1833,11,566,166,0,0,0,0
397,0,1,1,ACCEPT,34.8446,2.2899,158,-1,-7,0.0696,101.64,55.73,93.63,41.76,61.50,155.50,83.00,65.00,0.0000,107.55,1,7,2.3986,MAX_STEP,0,290,4881,1722,11,566,158,0,0,0,0
398,0,1,1,ACCEPT,31.5250,2.4000,132,-1,-10,0.0530,100.18,49.16,93.63,41.76,62.00,146.50,76.00,93.00,0.0000,104.56,1,7,2.5361,MAX_STEP,0,256,4739,1441,11,566,132,0,0,0,0
399,0,1,1,ACCEPT,34.2725,2.3448,136,0,-4,0.4926,100.18,46.54,93.63,41.76,65.00,146.00,70.00,98.00,0.0000,105.50,1,8,2.5132,MAX_STEP,0,235,4777,1468,11,566,136,0,0,0,0
400,0,1,1,ACCEPT,25.9545,2.2000,110,-1,-12,0.0455,98.72,38.66,93.63,41.76,73.50,134.50,51.00,115.00,0.0000,99.10,1,7,2.5066,MAX_STEP,0,264,4805,1184,11,566,110,0,0,0,0
401,0,1,1,ACCEPT,32.2168,2.2400,112,-1,-5,0.1964,97.26,35.38,93.63,41.76,75.50,132.00,53.00,106.00,0.0000,99.04,1,7,1.9819,MAX_STEP,0,192,4672,1541,11,566,112,0,0,0,0
402,0,1,1,ACCEPT,31.3958,2.0548,150,1,3,0.6800,98.72,37.35,93.63,41.76,85.50,139.00,65.00,100.00,0.0000,102.50,1,7,1.8059,MAX_STEP,0,266,4662,1536,11,566,150,0,0,0,0
403,0,1,1,ACCEPT,26.8497,1.7397,127,-1,9,0.0945,97.26,43.26,93.63,41.76,102.00,149.00,78.00,92.00,0.0000,105.85,1,6,2.3524,MAX_STEP,0,250,4597,1342,11,566,127,0,0,0,0
404,0,1,1,ACCEPT,24.5043,1.8065,112,2,16,0.1429,100.18,53.76,93.63,41.76,114.00,163.00,96.00,74.00,0.0000,110.11,1,6,2.3283,MAX_STEP,0,255,4622,1392,11,566,112,0,0,0,0
405,0,1,1,ACCEPT,27.0409,1.9655,114,1,9,0.1053,101.64,59.66,93.63,41.76,116.00,165.50,106.00,69.00,0.0000,106.81,1,6,2.2353,MAX_STEP,0,236,4595,1416,11,566,114,0,0,0,0
406,0,1,1,ACCEPT,24.8327,1.8214,102,1,18,0.1667,103.10,71.48,93.63,41.76,120.00,172.00,116.00,56.00,0.0000,101.93,1,6,2.3914,MAX_STEP,0,220,4563,1406,11,566,102,0,0,0,0
407,0,1,1,ACCEPT,25.2034,2.0213,95,2,20,0.1684,106.02,84.60,93.63,41.76,124.50,178.50,107.00,49.00,0.0000,95.70,1,6,2.3660,MAX_STEP,0,221,4523,1345,11,566,95,0,0,0,0
408,0,1,1,ACCEPT,29.9360,2.0784,106,1,8,0.0660,107.48,89.85,93.63,41.76,126.00,181.50,104.00,45.00,0.0000,93.50,1,7,2.2456,MAX_STEP,0,203,4372,1538,11,566,106,0,0,0,0
409,0,1,1,ACCEPT,26.9212,2.0625,99,1,18,0.1717,108.95,101.66,93.63,41.76,131.00,184.50,94.00,47.00,0.0000,85.72,1,7,2.2881,MAX_STEP,0,214,4417,1342,11,566,99,0,0,0,0
410,0,1,1,ACCEPT,27.4309,1.9778,89,1,19,0.1461,110.41,114.13,93.63,41.76,132.00,182.50,92.00,65.00,0.0000,71.70,1,7,2.3238,MAX_STEP,0,187,4390,1373,11,566,89,0,0,0,0
411,0,1,1,ACCEPT,28.7249,1.8077,94,0,10,0.1596,110.41,120.70,93.63,41.76,133.50,181.00,89.00,72.00,0.0000,64.58,1,6,2.3551,MAX_STEP,0,182,4355,1621,11,566,94,0,0,0,0
412,0,1,1,ACCEPT,20.8325,1.9592,96,1,19,0.1562,111.87,133.16,93.63,41.76,137.00,183.00,82.00,82.00,0.0764,55.81,1,7,2.2568,MAX_STEP,0,223,4400,2015,11,566,96,0,0,0,0
413,0,1,0,NEGATIVE_PEAK,-13.0215,1.1078,-113,36,18,0.1239,111.87,133.16,93.63,41.76,132.00,193.50,66.00,109.00,0.0880,63.61,0,0,0.0000,NOT_RUN,0,376,4246,0,11,566,113,0,0,0,0
414,0,1,0,NEGATIVE_PEAK,-12.5677,1.3038,-103,38,18,0.0485,111.87,133.16,93.63,41.76,122.50,191.50,53.00,105.00,0.0919,59.30,0,0,0.0000,NOT_RUN,0,380,4145,0,11,566,103,0,0,0,0
415,0,1,0,NEGATIVE_PEAK,-10.9121,1.2836,-86,43,24,0.0814,111.87,133.16,93.63,41.76,111.00,196.00,56.00,106.00,0.0670,62.84,0,0,0.0000,NOT_RUN,0,399,4179,0,11,566,86,0,0,0,0
416,0,1,1,ACCEPT,9.4837,1.0377,55,18,35,0.0727,138.16,156.13,93.63,41.76,107.00,196.50,76.00,91.00,0.1480,51.00,1,11,1.6689,MAX_STEP,0,238,4161,1768,11,566,55,0,0,0,0
417,0,1,0,NEGATIVE_PEAK,-10.5762,1.1040,-138,29,8,0.4638,138.16,156.13,93.63,41.76,94.00,192.00,106.00,86.00,0.1359,56.89,0,0,0.0000,NOT_RUN,0,573,4998,0,11,566,138,0,0,0,0
418,0,1,0,NEGATIVE_PEAK,-8.7789,1.1081,-82,26,23,0.2683,138.16,156.13,93.63,41.76,78.00,182.00,132.00,74.00,0.1405,65.49,0,0,0.0000,NOT_RUN,0,369,5085,0,11,566,82,0,0,0,0
419,0,1,0,NEGATIVE_PEAK,-9.3559,1.4000,-49,-9,0,0.0816,138.16,156.13,93.63,41.76,69.00,182.00,134.00,78.00,0.1182,73.84,0,0,0.0000,NOT_RUN,0,179,4898,0,11,566,49,0,0,0,0
420,0,1,0,NEGATIVE_PEAK,-8.7214,1.0909,-36,-9,0,0.0556,138.16,156.13,93.63,41.76,66.50,184.00,131.00,82.00,0.1042,76.89,0,0,0.0000,NOT_RUN,0,143,4569,0,11,566,36,0,0,0,0
421,0,1,1,ACCEPT,12.7047,1.6522,38,-10,-13,0.2105,123.55,147.60,93.63,41.76,60.00,185.50,118.00,91.00,0.0895,74.00,1,13,0.7796,MAX_STEP,0,109,4344,1712,11,566,38,0,0,0,0
422,0,1,1,ACCEPT,17.2069,1.7288,102,2,3,0.5196,126.48,149.57,93.63,41.76,62.50,176.50,93.00,121.00,0.0879,69.41,1,-15,1.1213,MAX_STEP,0,245,2999,2088,11,566,102,0,0,0,0
423,0,1,1,ACCEPT,14.4209,1.5800,79,4,4,0.3038,132.32,152.20,93.63,41.76,64.00,172.50,82.00,135.00,0.0575,71.27,1,-8,1.6408,MAX_STEP,0,248,2929,1799,11,566,79,0,0,0,0
424,0,1,1,ACCEPT,12.7522,1.6923,44,3,12,0.1818,136.70,160.07,93.63,41.76,73.50,167.50,53.00,149.00,0.0371,63.64,1,-5,1.9741,MAX_STEP,0,171,2988,1552,11,566,44,0,0,0,0
425,0,1,0,NEGATIVE_PEAK,-12.1920,1.1333,-34,-1,33,0.0882,136.70,160.07,93.63,41.76,87.50,166.50,33.00,149.00,0.0715,49.62,0,0,0.0000,NOT_RUN,0,113,3067,0,11,566,34,0,0,0,0
426,0,1,0,NEGATIVE_PEAK,-9.3052,1.2632,-24,-3,35,0.0833,136.70,160.07,93.63,41.76,92.00,169.00,44.00,146.00,0.1080,45.59,0,0,0.0000,NOT_RUN,0,92,2943,0,11,566,24,0,0,0,0
427,0,1,1,ACCEPT,10.8434,1.6471,56,5,-3,0.3571,144.01,158.10,93.63,41.76,111.50,171.00,87.00,132.00,0.1860,34.97,1,-3,1.1852,MAX_STEP,0,370,2732,1498,11,566,56,0,0,0,0
428,0,1,1,ACCEPT,10.7074,1.3258,118,7,3,0.2881,154.23,160.07,93.63,41.76,122.00,172.50,108.00,111.00,0.2197,34.55,1,-6,1.2193,MAX_STEP,0,548,2907,1753,11,566,118,0,0,0,0
429,0,1,1,ACCEPT,10.0863,1.2712,150,3,3,0.1733,158.62,162.04,93.63,41.76,124.00,174.00,108.00,98.00,0.2357,36.63,1,-11,1.7760,MAX_STEP,0,772,3349,1746,11,566,150,0,0,0,0
430,0,1,1,ACCEPT,8.1989,1.0106,191,11,5,0.1780,174.69,165.32,93.63,41.76,125.00,175.50,106.00,75.00,0.2143,50.72,1,9,1.6640,MAX_STEP,0,1158,3818,2463,11,566,191,0,0,0,0
431,0,1,1,ACCEPT,11.4554,1.1471,351,18,6,0.4387,200.98,169.26,93.63,41.76,125.00,175.50,106.00,75.00,0.0916,76.24,1,-5,2.7300,MAX_STEP,0,1517,5723,3176,11,566,351,0,0,0,0
432,0,1,1,ACCEPT,9.7729,1.3159,504,4,3,0.3631,206.83,171.23,93.63,41.76,123.50,176.50,109.00,79.00,0.0638,83.49,1,-5,1.0986,MAX_STEP,0,3194,8131,2210,11,566,504,0,0,0,0
433,0,1,1,ACCEPT,15.2570,1.6667,220,-8,6,0.1227,195.14,175.16,93.63,41.76,118.00,178.00,108.00,84.00,0.0824,77.19,1,-3,2.3612,MAX_STEP,0,629,12058,652,11,566,220,0,0,0,0
434,0,1,1,ACCEPT,14.5473,1.4354,211,-5,2,0.3791,187.84,176.48,93.63,41.76,110.00,177.00,104.00,84.00,0.0744,77.84,1,0,2.6238,ACCEPT,0,620,8330,1362,11,566,211,0,0,0,0
435,0,1,1,ACCEPT,12.9224,1.1011,294,-4,0,0.8027,181.99,176.48,86.57,38.61,108.50,177.00,107.00,82.00,0.0802,73.49,1,-2,3.0321,ACCEPT,0,1028,5967,1882,11,566,294,0,0,0,0
436,0,1,1,ACCEPT,14.7846,1.0789,287,-6,-1,0.3554,173.88,175.88,86.57,38.61,100.50,176.50,107.00,81.00,0.0813,73.39,1,-4,3.3290,MAX_STEP,0,782,5063,1927,11,566,287,0,0,0,0
437,0,1,0,NEGATIVE_PEAK,-11.5283,1.0183,-278,-1,-10,0.9137,173.88,175.88,86.57,38.61,97.50,175.00,107.00,86.00,0.0670,76.39,0,0,0.0000,NOT_RUN,0,1151,2897,0,11,566,278,0,0,0,0
438,0,1,1,ACCEPT,11.3795,1.0623,273,-5,4,0.6850,167.12,178.28,86.57,38.61,96.00,172.50,108.00,85.00,0.0877,71.36,1,-8,2.9805,MAX_STEP,0,1293,2781,2669,11,566,273,0,0,0,0
439,0,1,1,ACCEPT,12.2285,1.2100,265,-2,3,0.8604,164.42,180.09,86.57,38.61,92.50,166.00,115.00,82.00,0.0956,73.29,1,-13,2.6790,MAX_STEP,0,1107,1970,2882,11,566,265,0,0,0,0
440,0,1,1,ACCEPT,11.3431,1.1538,195,-1,-3,0.7487,163.07,178.28,86.57,38.61,90.50,159.50,119.00,79.00,0.1008,74.96,1,-16,2.0820,AT_SEARCH_RAIL,0,901,2008,2463,11,566,195,0,0,0,0
441,0,1,1,ACCEPT,10.8583,1.1087,153,0,-3,0.8889,163.07,176.48,86.57,38.61,93.00,157.50,122.00,77.00,0.1157,72.59,1,-16,1.6584,AT_SEARCH_RAIL,0,689,1922,3128,11,566,153,0,0,0,0
442,0,1,1,ACCEPT,9.1260,1.0972,79,-2,1,0.8734,160.37,177.08,86.57,38.61,101.00,159.00,130.00,76.00,0.1666,62.06,1,-4,1.6132,MAX_STEP,0,370,2045,1834,11,566,79,0,0,0,0
443,0,1,1,ACCEPT,12.2947,1.7059,58,5,-5,0.0345,167.12,174.07,86.57,38.61,106.50,165.50,125.00,71.00,0.1665,61.23,1,1,1.5550,LOW_CONF,0,237,2268,1302,11,566,58,0,0,0,0
444,0,1,1,ACCEPT,10.3071,1.4000,42,2,-6,0.0238,169.83,170.46,86.57,38.61,105.00,168.00,126.00,68.00,0.1552,64.87,1,1,1.4960,LOW_CONF,0,254,2114,1547,11,566,42,0,0,0,0
445,0,1,1,ACCEPT,8.2912,1.0435,72,10,-22,0.2500,183.34,157.23,86.57,38.61,102.50,159.00,129.00,82.00,0.0808,80.86,1,-11,2.4207,MAX_STEP,0,469,2635,1517,11,566,72,0,0,0,0
446,0,1,1,ACCEPT,12.3454,1.0779,166,-1,12,0.8373,181.99,164.45,86.57,38.61,99.00,146.50,126.00,73.00,0.0756,84.91,1,-4,2.1899,MAX_STEP,0,584,5937,1191,11,566,166,0,0,0,0
447,0,1,1,ACCEPT,13.4885,1.1635,185,-2,4,0.2108,179.29,166.85,86.57,38.61,96.50,143.00,121.00,64.00,0.0548,86.16,1,-3,2.5919,MAX_STEP,0,699,4701,1436,11,566,185,0,0,0,0
448,0,1,1,ACCEPT,12.4244,1.2480,156,-6,-1,0.4487,171.18,166.25,86.57,38.61,95.00,141.50,116.00,65.00,0.0666,80.10,1,-5,2.6881,MAX_STEP,0,634,3372,1559,11,566,156,0,0,0,0
449,0,1,1,ACCEPT,7.6295,1.0580,73,-7,-4,0.0411,161.72,163.84,86.57,38.61,96.50,141.50,117.00,63.00,0.1076,68.94,1,-4,1.1394,MAX_STEP,0,394,2058,2133,11,566,73,0,0,0,0
450,0,1,1,ACCEPT,7.6843,1.0722,104,-7,7,0.4038,152.26,168.05,86.57,38.61,97.00,143.50,118.00,61.00,0.1270,60.47,1,-11,1.1453,MAX_STEP,0,477,1922,3005,11,566,104,0,0,0,0
451,0,1,1,ACCEPT,11.5424,1.3222,238,7,-3,0.2983,161.72,166.25,86.57,38.61,96.00,151.50,120.00,51.00,0.1355,67.35,1,-11,1.1477,MAX_STEP,0,836,2402,3178,11,566,238,0,0,0,0
452,0,1,1,ACCEPT,11.7404,1.2625,303,2,7,0.2541,164.42,170.46,86.57,38.61,94.50,152.00,119.00,52.00,0.1020,72.32,1,11,1.8723,MAX_STEP,0,1441,2024,4159,11,566,303,0,0,0,0
453,0,1,1,ACCEPT,15.5745,1.5322,357,2,4,0.4062,167.12,172.87,86.57,38.61,94.00,149.50,118.00,57.00,0.0762,76.77,1,-11,2.3659,MAX_STEP,0,1172,2113,4038,11,566,357,0,0,0,0
454,0,1,1,ACCEPT,19.1120,1.7889,356,1,3,0.6292,168.48,174.67,86.57,38.61,92.50,144.50,113.00,71.00,0.0544,81.75,1,-5,2.7382,MAX_STEP,0,824,2161,4329,11,566,356,0,0,0,0
455,0,1,1,ACCEPT,19.1914,1.8951,271,-2,-5,0.3653,165.77,171.66,86.57,38.61,92.00,142.50,104.00,81.00,0.0593,79.33,1,-3,2.7225,MAX_STEP,0,670,1801,3436,11,566,271,0,0,0,0
456,0,1,1,ACCEPT,19.0743,1.8455,203,-2,-5,0.2020,163.07,168.66,86.57,38.61,94.00,139.50,106.00,81.00,0.0752,74.97,1,-4,2.6654,MAX_STEP,0,480,2156,3240,11,566,203,0,0,0,0
457,0,1,1,ACCEPT,14.7674,1.5610,128,-2,-12,0.2266,160.37,161.44,86.57,38.61,98.00,139.00,108.00,66.00,0.1106,66.28,1,-7,1.3263,MAX_STEP,0,398,2857,2645,11,566,128,0,0,0,0
458,0,1,0,NEGATIVE_PEAK,-13.1485,1.3974,-109,-7,5,0.6422,160.37,161.44,86.57,38.61,99.00,142.50,112.00,59.00,0.1284,64.22,0,0,0.0000,NOT_RUN,0,399,2793,0,11,566,109,0,0,0,0
459,0,1,0,NEGATIVE_PEAK,-14.9936,1.5181,-126,-7,2,0.1032,160.37,161.44,86.57,38.61,97.50,143.50,113.00,55.00,0.1255,65.38,0,0,0.0000,NOT_RUN,0,422,2847,0,11,566,126,0,0,0,0
460,0,1,0,NEGATIVE_PEAK,-9.8635,1.1200,-112,-7,-7,0.2857,160.37,161.44,86.57,38.61,95.00,139.00,114.00,58.00,0.0998,69.11,0,0,0.0000,NOT_RUN,0,521,2908,0,11,566,112,0,0,0,0
461,0,1,0,NEGATIVE_PEAK,-10.1349,1.2020,-119,-11,15,0.2017,160.37,161.44,86.57,38.61,93.50,135.50,113.00,65.00,0.0866,71.72,0,0,0.0000,NOT_RUN,0,552,3045,0,11,566,119,0,0,0,0
462,0,1,1,ACCEPT,12.6749,1.4444,117,5,-20,0.1538,167.12,149.41,86.57,38.61,91.50,136.00,109.00,68.00,0.0864,76.80,1,-4,2.0105,MAX_STEP,0,449,2929,2748,11,566,117,0,0,0,0
463,0,1,1,ACCEPT,18.4275,2.1930,125,-3,4,0.5280,163.07,151.81,86.57,38.61,88.00,139.00,104.00,68.00,0.0810,76.16,1,-2,1.9274,LOW_CONF,0,296,2468,3463,11,566,125,0,0,0,0
464,0,1,1,ACCEPT,11.1790,1.3898,82,-1,-5,0.4268,161.72,148.80,86.57,38.61,88.50,136.50,101.00,81.00,0.0740,74.25,1,2,1.8214,LOW_CONF,0,339,2740,2979,11,566,82,0,0,0,0
465,0,1,1,ACCEPT,9.9642,1.3500,54,-1,-4,0.5741,160.37,146.40,86.57,38.61,88.00,137.50,100.00,85.00,0.0732,72.91,1,2,1.7332,LOW_CONF,0,264,2607,3013,11,566,54,0,0,0,0
466,0,1,1,ACCEPT,11.1865,1.3810,58,0,-7,0.1207,160.37,142.19,86.57,38.61,90.00,139.00,98.00,92.00,0.0735,70.44,1,2,1.4204,LOW_CONF,0,277,2488,3027,11,566,58,0,0,0,0
467,0,1,1,ACCEPT,9.6419,1.0000,101,1,3,0.6931,161.72,143.99,86.57,38.61,90.50,142.50,99.00,87.00,0.0749,71.23,1,-8,1.4403,MAX_STEP,0,491,2314,5563,11,566,101,0,0,0,0
468,0,1,1,ACCEPT,13.1214,1.2919,208,0,4,0.6538,161.72,146.40,86.57,38.61,90.00,143.00,98.00,78.00,0.0779,71.80,1,-7,1.4622,MAX_STEP,0,671,2652,5861,11,566,208,0,0,0,0
469,0,1,1,ACCEPT,14.9645,1.3780,288,0,10,0.6458,161.72,152.41,86.57,38.61,90.50,145.00,99.00,62.00,0.0963,71.60,1,-6,1.4618,MAX_STEP,0,822,2462,6733,11,566,288,0,0,0,0
470,0,1,1,ACCEPT,17.1461,1.6573,411,1,6,0.1217,163.07,156.02,86.57,38.61,92.00,141.00,100.00,68.00,0.0915,72.64,1,-3,2.4621,MAX_STEP,0,1111,2851,7613,11,566,411,0,0,0,0
471,0,1,1,ACCEPT,21.4564,1.8526,465,1,1,0.8645,164.42,156.62,80.04,35.69,92.50,137.00,99.00,70.00,0.0635,74.55,1,-2,2.7995,ACCEPT,0,997,2954,7603,11,566,465,0,0,0,0
472,0,1,1,ACCEPT,20.6911,1.6118,411,-1,2,0.9270,163.17,157.73,74.00,33.00,94.00,134.50,98.00,83.00,0.0554,72.97,1,-2,2.7528,ACCEPT,0,886,2639,7683,11,566,411,0,0,0,0
473,0,1,1,ACCEPT,18.8032,1.7018,371,1,-1,0.9730,164.33,157.22,76.96,34.32,91.50,129.00,105.00,86.00,0.0523,78.10,1,1,2.6264,ACCEPT,0,1183,2653,6877,11,566,371,0,0,0,0
474,0,1,1,ACCEPT,20.3770,2.1307,326,1,-1,0.9448,165.53,156.68,83.24,37.12,90.00,126.50,106.00,83.00,0.0504,81.34,1,2,2.1514,ACCEPT,0,954,2654,6183,11,566,326,0,0,0,0
475,0,1,1,ACCEPT,16.7916,1.8860,215,2,-4,0.3907,168.12,154.37,83.24,37.12,90.50,124.00,103.00,82.00,0.0408,83.35,1,0,2.4060,ACCEPT,0,696,2673,5738,11,566,215,0,0,0,0
476,0,1,0,NEGATIVE_PEAK,-9.7470,1.0924,-130,-8,7,0.0846,168.12,154.37,83.24,37.12,96.50,122.00,91.00,74.00,0.0380,78.60,0,0,0.0000,NOT_RUN,0,602,2723,0,11,566,130,0,0,0,0
477,0,1,1,ACCEPT,11.0586,1.0620,137,0,-14,0.3650,168.12,146.27,83.24,37.12,95.50,120.00,93.00,72.00,0.0469,77.23,1,0,2.2477,ACCEPT,0,629,2771,6378,11,566,137,0,0,0,0
478,0,1,1,ACCEPT,13.2290,1.4355,178,0,-13,0.0169,168.12,138.76,83.24,37.12,95.50,115.50,93.00,59.00,0.0469,76.26,1,-1,1.7329,LOW_CONF,0,733,2781,5797,11,566,178,0,0,0,0
479,0,1,1,ACCEPT,13.1909,1.6915,159,0,-13,0.0629,168.12,131.24,90.03,40.15,95.00,114.00,98.00,54.00,0.0752,75.13,1,2,2.0232,ACCEPT,0,782,2878,5328,11,566,159,0,0,0,0
480,0,1,1,ACCEPT,13.7593,1.8351,178,3,-4,0.3764,172.34,128.74,90.03,40.15,93.50,115.00,99.00,52.00,0.0614,80.03,1,3,2.1374,MAX_STEP,0,742,2827,6178,11,566,178,0,0,0,0
481,0,1,0,NEGATIVE_PEAK,-9.2621,1.1085,-143,-13,5,0.6364,172.34,128.74,90.03,40.15,94.00,115.00,102.00,48.00,0.0672,79.54,0,0,0.0000,NOT_RUN,0,697,2617,0,11,566,143,0,0,0,0
482,0,1,0,NEGATIVE_PEAK,-8.1952,1.0476,-132,-11,10,0.3030,172.34,128.74,90.03,40.15,92.50,118.00,109.00,48.00,0.0801,80.56,0,0,0.0000,NOT_RUN,0,660,2549,0,11,566,132,0,0,0,0
483,0,1,0,NEGATIVE_PEAK,-7.6122,1.0081,-125,-12,16,0.0160,172.34,128.74,90.03,40.15,94.00,119.50,110.00,45.00,0.0921,78.89,0,0,0.0000,NOT_RUN,0,619,2506,0,11,566,125,0,0,0,0
484,0,1,0,NEGATIVE_PEAK,-6.4919,1.0463,-113,-11,26,0.0885,172.34,128.74,90.03,40.15,94.50,123.50,113.00,45.00,0.1131,78.02,0,0,0.0000,NOT_RUN,0,705,2376,0,11,566,113,0,0,0,0
485,0,1,1,ACCEPT,8.0174,1.0543,136,9,-17,0.0221,185.00,118.12,90.03,40.15,96.00,128.00,114.00,44.00,0.0510,89.55,1,4,2.2675,MAX_STEP,0,725,2065,6442,11,566,136,0,0,0,0
486,0,1,1,ACCEPT,14.0563,2.1868,199,0,5,0.2513,185.00,121.24,90.03,40.15,96.50,131.00,115.00,44.00,0.0551,89.04,1,3,2.5007,MAX_STEP,0,743,1927,6166,11,566,199,0,0,0,0
487,0,1,1,ACCEPT,13.7950,2.4744,193,1,12,0.2332,186.41,128.74,97.38,43.43,97.50,136.50,119.00,43.00,0.0789,89.24,1,2,2.6586,ACCEPT,0,648,2562,5746,11,566,193,0,0,0,0
488,0,1,1,ACCEPT,15.4394,2.4337,202,4,9,0.2624,192.50,134.86,97.38,43.43,100.00,142.00,118.00,44.00,0.0627,92.78,1,3,2.6053,MAX_STEP,0,556,2397,7004,11,566,202,0,0,0,0
489,0,1,1,ACCEPT,19.8206,2.5765,219,0,5,0.1416,192.50,138.26,97.38,43.43,100.50,144.00,119.00,42.00,0.0694,92.18,1,3,2.6508,MAX_STEP,0,486,2328,6947,11,566,219,0,0,0,0
490,0,1,1,ACCEPT,18.9311,2.3362,271,1,10,0.2435,194.02,145.05,97.38,43.43,102.00,148.50,120.00,41.00,0.0760,92.09,1,3,2.4925,MAX_STEP,0,662,2324,7930,11,566,271,0,0,0,0
491,0,1,1,ACCEPT,21.2966,2.2190,304,1,6,0.0757,195.55,149.13,97.38,43.43,102.00,152.00,120.00,40.00,0.0697,93.59,1,4,2.6266,MAX_STEP,0,702,2279,9440,11,566,304,0,0,0,0
492,0,1,1,ACCEPT,24.1883,2.8033,342,-1,3,0.7398,194.02,151.17,97.38,43.43,101.50,153.00,121.00,40.00,0.0791,92.54,1,3,2.6707,MAX_STEP,0,742,2203,9841,11,566,342,0,0,0,0
493,0,1,1,ACCEPT,24.6929,2.3235,395,1,3,0.6101,195.55,153.21,97.38,43.43,101.00,155.00,122.00,38.00,0.0694,94.56,1,4,2.5818,MAX_STEP,0,905,2159,10790,11,566,395,0,0,0,0
494,0,1,1,ACCEPT,24.5954,2.5985,356,-1,1,0.8904,194.02,153.89,97.38,43.43,100.00,155.00,122.00,38.00,0.0720,94.03,1,4,2.5315,MAX_STEP,0,771,2190,10679,11,566,356,0,0,0,0
495,0,1,1,ACCEPT,24.3777,2.5294,387,0,0,1.0000,194.02,153.89,97.38,43.43,99.50,156.00,123.00,38.00,0.0717,94.55,1,4,2.5527,MAX_STEP,0,924,2283,10572,11,566,387,0,0,0,0
496,0,1,1,ACCEPT,24.6484,2.4371,368,0,0,1.0000,194.02,153.89,97.38,43.43,98.50,156.00,123.00,38.00,0.0668,95.55,1,4,2.4187,MAX_STEP,0,828,2337,10551,11,566,368,0,0,0,0
497,0,1,1,ACCEPT,23.9823,2.4314,372,-1,0,0.9946,192.50,153.89,97.38,43.43,99.00,155.50,126.00,37.00,0.0819,93.51,1,3,2.3015,MAX_STEP,0,880,2328,10659,11,566,372,0,0,0,0
498,0,1,1,ACCEPT,25.2889,2.5350,398,0,0,1.0000,192.50,153.89,97.38,43.43,97.50,155.50,123.00,37.00,0.0684,95.01,1,3,2.2721,MAX_STEP,0,904,2291,10796,11,566,398,0,0,0,0
499,0,1,1,ACCEPT,24.7549,2.6118,397,0,-1,0.9899,192.50,153.21,97.38,43.43,97.50,155.50,123.00,37.00,0.0684,95.03,1,3,2.2508,MAX_STEP,0,956,2253,11406,11,566,397,0,0,0,0
500,0,1,1,ACCEPT,24.5372,2.3876,425,0,0,1.0000,192.50,153.21,97.38,43.43,98.00,155.50,124.00,39.00,0.0747,94.53,1,3,2.0841,MAX_STEP,0,1030,2258,11941,11,566,425,0,0,0,0
501,0,1,1,ACCEPT,24.6521,2.5621,433,0,0,1.0000,192.50,153.21,97.38,43.43,97.00,154.50,124.00,39.00,0.0699,95.51,1,3,2.0445,MAX_STEP,0,1089,2313,11993,11,566,433,0,0,0,0
502,0,1,1,ACCEPT,23.9298,2.2941,429,0,-1,0.9860,192.50,152.53,97.38,43.43,97.50,154.50,125.00,39.00,0.0745,95.02,1,3,2.0923,MAX_STEP,0,1089,2300,11732,11,566,429,0,0,0,0
503,0,1,1,ACCEPT,23.2352,1.7832,403,0,-1,0.9777,192.50,151.85,97.38,43.43,97.00,154.00,126.00,40.00,0.0742,95.52,1,3,2.1363,MAX_STEP,0,1019,2280,11745,11,566,403,0,0,0,0
504,0,1,1,ACCEPT,24.0940,1.8333,418,0,0,1.0000,192.50,151.85,97.38,43.43,97.00,153.50,126.00,37.00,0.0722,95.51,1,3,2.1931,MAX_STEP,0,1144,2264,12193,11,566,418,0,0,0,0
505,0,1,1,ACCEPT,23.5593,1.9621,414,0,-1,0.9928,192.50,151.17,97.38,43.43,97.00,152.50,126.00,39.00,0.0742,95.51,1,3,2.1427,MAX_STEP,0,1117,2230,12928,11,566,414,0,0,0,0
506,0,1,1,ACCEPT,23.9450,2.0541,456,1,0,0.9890,194.02,151.17,97.38,43.43,98.00,151.00,126.00,38.00,0.0707,96.02,1,3,2.1849,MAX_STEP,0,1138,2231,13846,11,566,456,0,0,0,0
507,0,1,1,ACCEPT,24.5252,2.0944,488,0,0,1.0000,194.02,151.17,97.38,43.43,98.50,153.00,127.00,38.00,0.0752,95.54,1,3,2.2023,MAX_STEP,0,1284,2198,14139,11,566,488,0,0,0,0
508,0,1,1,ACCEPT,25.3402,2.0531,503,1,0,0.9901,195.55,151.17,97.38,43.43,98.50,151.00,127.00,40.00,0.0696,97.05,1,4,2.2853,MAX_STEP,0,1243,2207,14196,11,566,503,0,0,0,0
509,0,1,1,ACCEPT,25.7258,2.4348,504,-1,-1,0.9881,194.02,150.49,97.38,43.43,98.50,151.50,127.00,39.00,0.0762,95.53,1,3,2.1216,MAX_STEP,0,1221,2202,13834,11,566,504,0,0,0,0
510,0,1,1,ACCEPT,26.8279,2.3102,566,1,1,0.9558,195.55,151.17,97.38,43.43,98.50,151.00,127.00,40.00,0.0696,97.05,1,4,2.2729,MAX_STEP,0,1447,2149,14349,11,566,566,0,0,0,0
511,0,1,1,ACCEPT,26.9785,2.6019,536,0,0,1.0000,195.55,151.17,97.38,43.43,99.00,152.00,128.00,40.00,0.0742,96.55,1,3,2.3059,MAX_STEP,0,1365,2168,14282,11,566,536,0,0,0,0
512,0,1,1,ACCEPT,26.8394,2.3853,551,0,1,0.9837,195.55,151.85,97.38,43.43,99.50,151.50,127.00,41.00,0.0754,96.05,1,3,2.3957,MAX_STEP,0,1428,2153,14521,11,566,551,0,0,0,0
513,0,1,1,ACCEPT,30.0597,2.9526,561,0,-1,0.9947,195.55,151.17,97.38,43.43,98.50,152.00,127.00,42.00,0.0710,97.05,1,3,2.3287,MAX_STEP,0,1301,2169,13243,11,566,561,0,0,0,0
514,0,1,1,ACCEPT,29.6190,2.8229,542,0,1,0.9354,195.55,151.85,97.38,43.43,99.00,152.50,126.00,41.00,0.0708,96.55,1,3,2.3358,MAX_STEP,0,1224,2164,13359,11,566,542,0,0,0,0
515,0,1,1,ACCEPT,30.7893,2.5961,527,0,1,0.9886,195.55,152.53,97.38,43.43,99.00,153.00,126.00,42.00,0.0716,96.55,1,3,2.3209,MAX_STEP,0,1100,2197,13395,11,566,527,0,0,0,0
516,0,1,1,ACCEPT,32.0894,3.0791,545,0,-1,0.9872,195.55,151.85,97.38,43.43,98.50,153.00,127.00,40.00,0.0696,97.05,1,3,2.4192,MAX_STEP,0,1115,2165,13478,11,566,545,0,0,0,0
517,0,1,1,ACCEPT,31.8012,2.5694,555,0,1,0.9946,195.55,152.53,97.38,43.43,98.00,152.50,128.00,41.00,0.0701,97.55,1,3,2.2762,MAX_STEP,0,1182,2268,14042,11,566,555,0,0,0,0
518,0,1,1,ACCEPT,34.6495,3.2033,583,-1,-1,0.9485,194.02,151.85,97.38,43.43,97.50,152.00,127.00,42.00,0.0739,96.52,1,3,2.2481,MAX_STEP,0,1232,2214,13676,11,566,583,0,0,0,0
519,0,1,1,ACCEPT,34.5284,2.9951,614,0,0,1.0000,194.02,151.85,97.38,43.43,97.50,152.00,127.00,42.00,0.0739,96.52,1,3,2.3149,MAX_STEP,0,1211,2228,14875,11,566,614,0,0,0,0
520,0,1,1,ACCEPT,35.1621,3.2050,641,0,0,1.0000,194.02,151.85,97.38,43.43,97.00,152.50,128.00,43.00,0.0736,97.03,1,3,2.3127,MAX_STEP,0,1314,2269,14882,11,566,641,0,0,0,0
521,0,1,1,ACCEPT,34.5787,2.7477,610,0,0,1.0000,194.02,151.85,97.38,43.43,96.50,153.50,127.00,41.00,0.0673,97.54,1,3,2.1680,MAX_STEP,0,1230,2241,14525,11,566,610,0,0,0,0
522,0,1,1,ACCEPT,35.6678,3.0357,595,-1,0,0.9933,192.50,151.85,97.38,43.43,96.50,152.00,127.00,42.00,0.0765,96.00,1,3,2.2070,MAX_STEP,0,1127,2157,14675,11,566,595,0,0,0,0
523,0,1,1,ACCEPT,36.3200,3.1429,616,0,0,1.0000,192.50,151.85,97.38,43.43,96.00,152.50,128.00,43.00,0.0762,96.50,1,3,2.2480,MAX_STEP,0,1149,2216,14697,11,566,616,0,0,0,0
524,0,1,1,ACCEPT,37.1329,3.2760,629,0,0,1.0000,192.50,151.85,97.38,43.43,96.50,152.00,127.00,42.00,0.0765,96.00,1,3,2.2261,MAX_STEP,0,1191,2199,14633,11,566,629,0,0,0,0
525,0,1,1,ACCEPT,36.9788,3.2251,616,0,0,1.0000,192.50,151.85,97.38,43.43,96.50,152.00,127.00,42.00,0.0765,96.00,1,3,2.2448,MAX_STEP,0,1293,2212,14463,11,566,616,0,0,0,0
526,0,1,1,ACCEPT,37.0718,3.1598,613,0,1,0.9657,192.50,152.53,105.33,46.97,96.50,153.50,127.00,43.00,0.0909,96.00,1,2,2.2805,ACCEPT,0,1138,2336,14085,11,566,613,0,0,0,0
527,0,1,1,ACCEPT,32.8232,2.5139,631,3,2,0.7512,197.45,154.00,105.33,46.97,96.50,154.00,127.00,42.00,0.0663,100.95,1,4,2.1435,MAX_STEP,0,1217,2125,16437,11,566,631,0,0,0,0
528,0,1,1,ACCEPT,35.6979,2.8169,600,0,1,0.9600,197.45,154.73,105.33,46.97,96.00,154.50,128.00,43.00,0.0668,101.45,1,4,2.1814,MAX_STEP,0,1227,2080,15804,11,566,600,0,0,0,0
529,0,1,1,ACCEPT,36.5885,2.9043,607,0,1,0.9769,197.45,155.47,105.33,46.97,96.50,155.50,127.00,41.00,0.0655,100.95,1,4,2.1548,MAX_STEP,0,1118,2082,16126,11,566,607,0,0,0,0
530,0,1,1,ACCEPT,36.4108,2.7117,602,0,2,0.9219,197.45,156.94,105.33,46.97,95.50,156.00,127.00,44.00,0.0631,101.95,1,4,2.1008,MAX_STEP,0,1117,2111,16225,11,566,602,0,0,0,0
531,0,1,1,ACCEPT,38.1592,2.8564,577,0,-1,0.9844,197.45,156.20,105.33,46.97,96.00,156.50,128.00,43.00,0.0668,101.45,1,5,2.0312,MAX_STEP,0,1031,2090,16525,11,566,577,0,0,0,0
532,0,1,1,ACCEPT,37.2785,2.9420,609,-1,1,0.9310,195.80,156.94,105.33,46.97,95.00,157.50,128.00,43.00,0.0698,100.80,1,4,2.2007,MAX_STEP,0,1185,2079,16403,11,566,609,0,0,0,0
533,0,1,1,ACCEPT,35.9090,2.6743,583,0,1,0.9949,195.80,157.67,105.33,46.97,94.50,157.00,127.00,44.00,0.0662,101.30,1,4,2.1158,MAX_STEP,0,1121,2122,16484,11,566,583,0,0,0,0
534,0,1,1,ACCEPT,35.1737,3.1154,567,-1,-1,0.9612,194.15,156.94,105.33,46.97,94.00,157.00,128.00,44.00,0.0738,100.15,1,3,2.1166,MAX_STEP,0,1179,2090,16753,11,566,567,0,0,0,0
535,0,1,1,ACCEPT,35.0033,3.2857,598,0,0,1.0000,194.15,156.94,105.33,46.97,93.50,158.00,127.00,42.00,0.0677,100.65,1,4,2.0874,MAX_STEP,0,1227,2124,16707,11,566,598,0,0,0,0
536,0,1,1,ACCEPT,35.4226,2.7586,560,0,0,1.0000,194.15,156.94,105.33,46.97,93.00,157.50,128.00,43.00,0.0682,101.15,1,4,2.0852,MAX_STEP,0,1069,2090,16831,11,566,560,0,0,0,0
537,0,1,1,ACCEPT,35.5960,2.7391,567,0,0,1.0000,194.15,156.94,105.33,46.97,93.00,157.00,128.00,44.00,0.0690,101.15,1,4,2.0672,MAX_STEP,0,1022,2046,16802,11,566,567,0,0,0,0
538,0,1,1,ACCEPT,35.5183,2.9110,556,0,-1,0.9460,194.15,156.20,105.33,46.97,92.50,156.00,127.00,42.00,0.0630,101.65,1,4,1.9663,MAX_STEP,0,1311,2071,16542,11,566,556,0,0,0,0
539,0,1,1,ACCEPT,36.2931,2.8906,555,-1,-1,0.9766,192.50,155.47,105.33,46.97,92.50,155.00,127.00,42.00,0.0707,100.00,1,3,2.0043,MAX_STEP,0,1245,2000,16741,11,566,555,0,0,0,0
540,0,1,1,ACCEPT,36.4756,3.0051,586,0,0,1.0000,192.50,155.47,105.33,46.97,92.00,155.00,126.00,42.00,0.0663,100.50,1,3,2.0111,MAX_STEP,0,1374,2031,16812,11,566,586,0,0,0,0
541,0,1,1,ACCEPT,37.7972,2.9531,567,0,0,1.0000,192.50,155.47,105.33,46.97,92.50,154.50,127.00,43.00,0.0716,100.00,1,3,2.0256,MAX_STEP,0,1129,2044,16352,11,566,567,0,0,0,0
542,0,1,1,ACCEPT,36.4903,3.3054,552,0,-1,0.9565,192.50,154.73,105.33,46.97,92.00,153.50,128.00,43.00,0.0712,100.51,1,3,1.9692,MAX_STEP,0,1124,1992,16564,11,566,552,0,0,0,0
543,0,1,1,ACCEPT,35.3563,3.0800,539,0,-1,0.9518,192.50,154.00,105.33,46.97,92.00,153.00,128.00,42.00,0.0704,100.50,1,3,1.9684,MAX_STEP,0,1224,2073,16332,11,566,539,0,0,0,0
544,0,1,1,ACCEPT,34.9861,2.8021,538,0,-1,0.9944,192.50,153.27,105.33,46.97,92.00,153.00,128.00,42.00,0.0704,100.50,1,3,1.9726,MAX_STEP,0,1232,2116,16088,11,566,538,0,0,0,0
545,0,1,1,ACCEPT,37.2384,3.1235,531,0,0,1.0000,192.50,153.27,105.33,46.97,92.50,153.00,127.00,42.00,0.0707,100.00,1,3,2.0352,MAX_STEP,0,1172,2079,16404,11,566,531,0,0,0,0
546,0,1,1,ACCEPT,39.8856,2.7979,526,1,0,0.9981,194.15,153.27,105.33,46.97,93.50,153.00,127.00,42.00,0.0677,100.65,1,4,2.1585,MAX_STEP,0,926,2122,16037,11,566,526,0,0,0,0
547,0,1,1,ACCEPT,41.4358,3.0585,523,0,-1,0.9771,194.15,152.53,105.33,46.97,93.50,151.50,127.00,41.00,0.0668,100.65,1,3,2.0552,MAX_STEP,0,939,2056,16100,11,566,523,0,0,0,0
548,0,1,1,ACCEPT,43.0075,3.1561,546,1,-1,0.9359,195.80,151.80,105.33,46.97,94.00,151.50,126.00,41.00,0.0596,101.80,1,4,2.1339,MAX_STEP,0,928,2085,16442,11,566,546,0,0,0,0
549,0,1,1,ACCEPT,43.1177,3.0057,526,0,0,1.0000,195.80,151.80,105.33,46.97,94.50,152.50,127.00,41.00,0.0639,101.30,1,4,2.1687,MAX_STEP,0,894,2123,15937,11,566,526,0,0,0,0
550,0,1,1,ACCEPT,42.8196,2.9773,524,0,1,0.9847,195.80,152.53,105.33,46.97,94.50,152.50,127.00,43.00,0.0654,101.30,1,4,2.1636,MAX_STEP,0,907,2127,16464,11,566,524,0,0,0,0
551,0,1,1,ACCEPT,42.3772,2.8864,508,-1,0,0.9941,194.15,152.53,105.33,46.97,93.50,153.00,129.00,42.00,0.0717,100.65,1,3,2.1960,MAX_STEP,0,835,2206,16485,11,566,508,0,0,0,0
552,0,1,1,ACCEPT,42.7608,2.7817,548,1,1,0.9526,195.80,153.27,105.33,46.97,93.50,153.00,129.00,42.00,0.0641,102.30,1,4,2.0782,MAX_STEP,0,935,2112,17533,11,566,548,0,0,0,0
553,0,1,1,ACCEPT,40.7677,3.0368,495,-1,2,0.8727,194.15,154.73,105.33,46.97,92.50,154.00,129.00,40.00,0.0654,101.65,1,4,2.1613,MAX_STEP,0,836,2079,16966,11,566,495,0,0,0,0
554,0,1,1,ACCEPT,42.4486,2.9880,499,0,0,1.0000,194.15,154.73,105.33,46.97,92.50,153.00,127.00,40.00,0.0615,101.66,1,4,2.0009,MAX_STEP,0,872,2028,17737,11,566,499,0,0,0,0
555,0,1,1,ACCEPT,40.4925,2.8563,497,-1,0,0.9960,192.50,154.73,105.33,46.97,93.00,154.50,128.00,41.00,0.0741,99.50,1,3,2.1286,MAX_STEP,0,969,1958,18182,11,566,497,0,0,0,0
556,0,1,1,ACCEPT,35.8546,2.9012,499,0,1,0.9900,192.50,155.47,105.33,46.97,91.50,155.00,127.00,42.00,0.0660,101.00,1,3,1.6788,MAX_STEP,0,1304,1838,17407,11,566,499,0,0,0,0
557,0,1,1,ACCEPT,35.7417,2.9803,453,-1,1,0.9272,190.85,156.20,105.33,46.97,90.50,155.50,127.00,41.00,0.0682,100.35,1,3,1.7601,MAX_STEP,0,1146,1599,18088,11,566,453,0,0,0,0
558,0,1,1,ACCEPT,36.2340,2.8951,469,0,0,1.0000,190.85,156.20,105.33,46.97,90.50,156.00,127.00,42.00,0.0691,100.35,1,3,2.0383,MAX_STEP,0,910,1472,17802,11,566,469,0,0,0,0
559,0,1,1,ACCEPT,37.1556,2.8155,473,0,1,0.9281,190.85,156.94,105.33,46.97,90.00,157.00,126.00,42.00,0.0647,100.85,1,3,2.1236,MAX_STEP,0,958,1443,17350,11,566,473,0,0,0,0
560,0,1,1,ACCEPT,37.4991,3.3212,455,0,1,0.9604,190.85,157.67,105.33,46.97,89.50,158.00,127.00,42.00,0.0644,101.35,1,3,2.0571,MAX_STEP,0,880,1610,17133,11,566,455,0,0,0,0
561,0,1,1,ACCEPT,38.5865,3.2128,453,0,0,1.0000,190.85,157.67,105.33,46.97,89.50,159.50,127.00,43.00,0.0652,101.37,1,4,1.9756,MAX_STEP,0,796,1590,17480,11,566,453,0,0,0,0
562,0,1,1,ACCEPT,38.4748,3.3852,457,-1,1,0.9387,189.20,158.41,105.33,46.97,88.50,159.00,127.00,44.00,0.0690,100.70,1,3,2.0788,MAX_STEP,0,824,1776,16877,11,566,457,0,0,0,0
563,0,1,1,ACCEPT,40.2655,3.0710,476,0,1,0.9370,189.20,159.14,105.33,46.97,88.50,160.00,127.00,42.00,0.0674,100.71,1,4,1.9756,MAX_STEP,0,835,1904,16952,11,566,476,0,0,0,0
564,0,1,1,ACCEPT,40.3414,3.0662,463,0,0,1.0000,189.20,159.14,105.33,46.97,88.50,160.50,127.00,43.00,0.0682,100.71,1,3,2.0059,MAX_STEP,0,756,1761,17304,11,566,463,0,0,0,0
565,0,1,1,ACCEPT,41.4405,3.2434,493,1,1,0.9554,190.85,159.88,105.33,46.97,89.50,160.50,127.00,43.00,0.0652,101.35,1,4,1.9003,MAX_STEP,0,806,1575,18171,11,566,493,0,0,0,0
566,0,1,1,ACCEPT,42.0540,2.8155,473,0,0,1.0000,190.85,159.88,105.33,46.97,90.50,160.50,127.00,43.00,0.0699,100.35,1,3,1.9945,MAX_STEP,0,865,1382,18018,11,566,473,0,0,0,0
